Node	dPC	dPCintra	dPCflux	dPCconnector	varPC	varPCintra	varPCflux	varPCconnector	
1	0.0133123	3.24929e-06	0.0133091	2.22642e-08	1.32743e+06	324	1.3271e+06	2.22006	
2	0.0429242	3.49098e-05	0.0428893	2.2727e-08	4.28014e+06	3481	4.27666e+06	2.26621	
3	0.0106906	1.96562e-06	0.0106887	2.23583e-08	1.06601e+06	196	1.06581e+06	2.22944	
4	0.00836392	1.21347e-06	0.0083627	2.23023e-08	834000	121	833879	2.22386	
5	0.0118532	2.56734e-06	0.0118506	2.24655e-08	1.18193e+06	256	1.18167e+06	2.24012	
6	0.107651	0.000202218	0.107448	2.13332e-08	1.07343e+07	20164	1.07141e+07	2.12722	
7	0.035098	2.12206e-05	0.0350768	2.22485e-08	3.49976e+06	2116	3.49765e+06	2.21849	
8	0.0187794	6.26792e-06	0.0187732	2.24828e-08	1.87257e+06	625	1.87195e+06	2.24185	
9	0.0323528	2.0308e-05	0.0323325	2.23469e-08	3.22603e+06	2025	3.224e+06	2.2283	
10	0.0541596	5.19886e-05	0.0541076	2.22125e-08	5.40047e+06	5184	5.39529e+06	2.21489	
11	0.00924679	1.96562e-06	0.00924482	2.22061e-08	922034	196	921838	2.21426	
12	0.0675613	7.94371e-05	0.0674819	2.09448e-08	6.73681e+06	7921	6.72889e+06	2.08849	
13	0.0214844	8.43411e-06	0.0214759	2.2317e-08	2.14229e+06	841	2.14145e+06	2.22531	
14	0.0105808	1.96562e-06	0.0105788	2.25046e-08	1.05505e+06	196	1.05486e+06	2.24402	
15	0.0185682	6.26792e-06	0.0185619	2.25659e-08	1.85151e+06	625	1.85089e+06	2.25014	
16	0.00825177	1.21347e-06	0.00825056	2.23736e-08	822818	121	822697	2.23097	
17	0.0137376	3.24929e-06	0.0137344	2.23917e-08	1.36983e+06	324	1.36951e+06	2.23277	
18	0.0090627	1.44412e-06	0.00906126	2.23064e-08	903679	144	903535	2.22426	
19	0.0211891	7.86248e-06	0.0211813	2.22016e-08	2.11285e+06	784	2.11207e+06	2.21381	
20	0.0871006	0.000142016	0.0869586	2.1011e-08	8.68516e+06	14161	8.671e+06	2.0951	
21	0.012843	2.89828e-06	0.0128401	2.25043e-08	1.28063e+06	289	1.28034e+06	2.244	
22	0.00978397	1.69484e-06	0.00978227	2.21333e-08	975599	169	975430	2.20701	
23	0.011081	2.25645e-06	0.0110787	2.25055e-08	1.10493e+06	225	1.10471e+06	2.24412	
24	0.0173644	5.30517e-06	0.0173591	2.24421e-08	1.73147e+06	529	1.73094e+06	2.23779	
25	0.0361839	2.3106e-05	0.0361608	2.25331e-08	3.60804e+06	2304	3.60574e+06	2.24687	
26	0.0119249	3.24929e-06	0.0119217	2.23635e-08	1.18908e+06	324	1.18876e+06	2.22995	
27	0.00904764	1.44412e-06	0.0090462	2.23571e-08	902177	144	902033	2.22931	
28	0.0121714	3.24929e-06	0.0121682	2.23317e-08	1.21366e+06	324	1.21334e+06	2.22679	
29	0.0105201	1.96562e-06	0.0105182	2.25146e-08	1.049e+06	196	1.04881e+06	2.24502	
30	0.00748412	5.77651e-06	0.00747834	2.2309e-08	746272	576	745696	2.22452	
31	0.0200377	7.3109e-06	0.0200304	2.27291e-08	1.99804e+06	729	1.99731e+06	2.26641	
32	0.126813	0.000362035	0.126451	2.21501e-08	1.2645e+07	36100	1.26089e+07	2.20868	
33	0.00801874	1.69484e-06	0.00801705	2.2234e-08	799581	169	799412	2.21705	
34	0.0218977	8.43411e-06	0.0218892	2.24722e-08	2.1835e+06	841	2.18266e+06	2.2408	
35	0.00833992	1.21347e-06	0.00833871	2.24534e-08	831607	121	831486	2.23892	
36	0.0111409	2.25645e-06	0.0111386	2.25856e-08	1.1109e+06	225	1.11068e+06	2.2521	
37	0.00902846	1.44412e-06	0.00902702	2.24786e-08	900264	144	900120	2.24143	
38	0.0164592	4.85388e-06	0.0164543	2.23139e-08	1.64121e+06	484	1.64072e+06	2.225	
39	0.0089371	1.44412e-06	0.00893566	2.25257e-08	891154	144	891010	2.24612	
40	0.0358394	2.3106e-05	0.0358163	2.27602e-08	3.5737e+06	2304	3.57139e+06	2.26951	
41	0.0277361	1.37292e-05	0.0277224	2.25631e-08	2.76568e+06	1369	2.76431e+06	2.24986	
42	0.0193768	6.77938e-06	0.01937	2.26026e-08	1.93214e+06	676	1.93146e+06	2.25379	
43	0.0208518	7.86248e-06	0.0208439	2.26273e-08	2.07921e+06	784	2.07843e+06	2.25626	
44	0.0127486	2.89828e-06	0.0127457	2.23178e-08	1.27122e+06	289	1.27093e+06	2.2254	
45	0.0202405	1.02693e-05	0.0202302	2.24223e-08	2.01826e+06	1024	2.01723e+06	2.23581	
46	0.0112567	2.89828e-06	0.0112538	2.23613e-08	1.12245e+06	289	1.12216e+06	2.22974	
47	0.0292165	1.94155e-05	0.0291971	2.17817e-08	2.91329e+06	1936	2.91136e+06	2.17194	
48	0.0135128	4.01147e-06	0.0135088	2.22945e-08	1.34741e+06	400	1.34701e+06	2.22307	
49	0.00941929	1.69484e-06	0.00941759	2.2488e-08	939235	169	939066	2.24237	
50	0.0122264	2.89828e-06	0.0122235	2.24491e-08	1.21914e+06	289	1.21885e+06	2.23849	
51	0.089278	0.000164309	0.0891137	2.13084e-08	8.90227e+06	16384	8.88588e+06	2.12475	
52	0.131182	0.000530517	0.130651	2.3015e-08	1.30806e+07	52900	1.30277e+07	2.29492	
53	0.00375891	1.44412e-06	0.00375747	2.23538e-08	374816	144	374672	2.22899	
54	0.0139649	4.42264e-06	0.0139604	2.25062e-08	1.39249e+06	441	1.39205e+06	2.24419	
55	0.00376313	1.44412e-06	0.00376169	2.23606e-08	375237	144	375093	2.22967	
56	0.0192773	9.02581e-06	0.0192683	2.26044e-08	1.92222e+06	900	1.92132e+06	2.25397	
57	0.018091	7.3109e-06	0.0180837	2.2194e-08	1.80392e+06	729	1.80319e+06	2.21306	
58	0.0112964	2.89828e-06	0.0112935	2.23186e-08	1.12641e+06	289	1.12612e+06	2.22548	
59	0.008683	1.69484e-06	0.0086813	2.24396e-08	865817	169	865648	2.23754	
60	0.0127551	4.85388e-06	0.0127503	2.24761e-08	1.27187e+06	484	1.27138e+06	2.24118	
61	0.027308	1.44814e-05	0.0272935	2.22736e-08	2.72299e+06	1444	2.72154e+06	2.22099	
62	0.0123418	3.62035e-06	0.0123382	2.23505e-08	1.23065e+06	361	1.23029e+06	2.22866	
63	0.00817208	1.44412e-06	0.00817063	2.22966e-08	814871	144	814727	2.22328	
64	0.0100132	2.25645e-06	0.0100109	2.23955e-08	998456	225	998231	2.23314	
65	0.00759747	1.21347e-06	0.00759625	2.23026e-08	757574	121	757453	2.22388	
66	0.069836	0.000142016	0.069694	2.32808e-08	6.96363e+06	14161	6.94947e+06	2.32142	
67	0.0100261	2.89828e-06	0.0100232	2.25943e-08	999749	289	999460	2.25297	
68	0.00954539	1.69484e-06	0.0095437	2.25068e-08	951810	169	951641	2.24424	
69	0.00765854	1.69484e-06	0.00765685	2.23166e-08	763664	169	763495	2.22527	
70	0.0858189	0.0001542	0.0856647	2.26192e-08	8.55735e+06	15376	8.54198e+06	2.25546	
71	0.0273119	1.44814e-05	0.0272975	2.2216e-08	2.72338e+06	1444	2.72194e+06	2.21525	
72	0.0388267	3.61032e-05	0.0387906	2.19376e-08	3.87156e+06	3600	3.86796e+06	2.18749	
73	0.0113886	2.56734e-06	0.011386	2.24863e-08	1.1356e+06	256	1.13535e+06	2.2422	
74	0.00838606	1.96562e-06	0.00838409	2.25415e-08	836208	196	836012	2.24771	
75	0.0190922	1.02693e-05	0.0190819	2.27732e-08	1.90376e+06	1024	1.90273e+06	2.27081	
76	0.012091	2.89828e-06	0.0120881	2.24773e-08	1.20564e+06	289	1.20535e+06	2.24131	
77	1.07527	0.0218186	1.05345	1.53903e-08	1.07219e+08	2.17562e+06	1.05044e+08	1.53463	
78	0.00725304	5.30517e-06	0.00724773	2.24734e-08	723229	529	722700	2.24091	
79	0.0107742	3.24929e-06	0.0107709	2.24942e-08	1.07433e+06	324	1.07401e+06	2.24299	
80	0.0113695	2.89828e-06	0.0113666	2.25043e-08	1.1337e+06	289	1.13341e+06	2.244	
81	0.0641608	9.8291e-05	0.0640625	2.24341e-08	6.39774e+06	9801	6.38793e+06	2.237	
82	0.0115391	2.56734e-06	0.0115366	2.25365e-08	1.15061e+06	256	1.15036e+06	2.2472	
83	0.0229282	1.02693e-05	0.0229179	2.2371e-08	2.28626e+06	1024	2.28524e+06	2.23071	
84	3.35639	0.202179	3.15421	2.78328e-08	3.34679e+08	2.01601e+07	3.14519e+08	2.77532	
85	0.178276	0.000616803	0.177659	2.32465e-08	1.77766e+07	61504	1.77151e+07	2.318	
86	0.0113844	2.89828e-06	0.0113815	2.21695e-08	1.13518e+06	289	1.13489e+06	2.21061	
87	0.0141691	4.01147e-06	0.0141651	2.25682e-08	1.41286e+06	400	1.41246e+06	2.25037	
88	0.0087982	1.69484e-06	0.00879651	2.23942e-08	877304	169	877135	2.23301	
89	0.00910533	2.25645e-06	0.00910307	2.25126e-08	907929	225	907704	2.24482	
90	0.360736	0.00300067	0.357735	2.05374e-08	3.59705e+07	299209	3.56712e+07	2.04786	
91	0.0300431	1.8543e-05	0.0300246	2.27415e-08	2.99572e+06	1849	2.99387e+06	2.26764	
92	0.0114135	1.29971e-05	0.0114005	2.23847e-08	1.13808e+06	1296	1.13679e+06	2.23207	
93	0.00939113	1.69484e-06	0.00938944	2.24135e-08	936428	169	936259	2.23494	
94	0.00776477	2.25645e-06	0.00776252	2.24223e-08	774257	225	774032	2.23582	
95	0.0139039	4.01147e-06	0.0138998	2.23032e-08	1.38641e+06	400	1.38601e+06	2.22394	
96	0.0167417	6.26792e-06	0.0167355	2.25466e-08	1.66939e+06	625	1.66876e+06	2.24821	
97	0.00889987	2.89828e-06	0.00889697	2.21758e-08	887442	289	887153	2.21124	
98	0.0139128	4.42264e-06	0.0139084	2.2543e-08	1.38731e+06	441	1.38686e+06	2.24786	
99	0.00770048	1.21347e-06	0.00769926	2.2414e-08	767846	121	767725	2.23499	
100	0.00889778	1.69484e-06	0.00889609	2.24168e-08	887234	169	887065	2.23526	
101	0.0113033	2.56734e-06	0.0113007	2.2331e-08	1.12709e+06	256	1.12684e+06	2.22672	
102	0.007738	5.79256e-05	0.00768008	2.25003e-08	771588	5776	765812	2.2436	
103	0.00825688	1.44412e-06	0.00825544	2.2387e-08	823327	144	823183	2.2323	
104	0.0283409	1.94155e-05	0.0283215	2.25323e-08	2.82599e+06	1936	2.82405e+06	2.24679	
105	0.0112188	2.56734e-06	0.0112163	2.22522e-08	1.11868e+06	256	1.11842e+06	2.21886	
106	0.00690546	1.69484e-06	0.00690377	2.23762e-08	688571	169	688402	2.23122	
107	0.167738	0.000616803	0.167122	2.14664e-08	1.67259e+07	61504	1.66644e+07	2.1405	
108	0.00971045	1.96562e-06	0.00970848	2.231e-08	968268	196	968072	2.22462	
109	0.0185563	6.77938e-06	0.0185495	2.27882e-08	1.85032e+06	676	1.84965e+06	2.27231	
110	0.00376861	1.37292e-05	0.00375489	2.2433e-08	375784	1369	374415	2.23689	
111	0.0124153	3.24929e-06	0.0124121	2.23158e-08	1.23798e+06	324	1.23766e+06	2.2252	
112	0.0141177	4.01147e-06	0.0141137	2.2346e-08	1.40774e+06	400	1.40734e+06	2.22821	
113	0.00787278	1.21347e-06	0.00787156	2.23147e-08	785026	121	784905	2.22509	
114	0.00445621	1.37292e-05	0.00444248	2.24334e-08	444347	1369	442978	2.23692	
115	0.0422511	3.49098e-05	0.0422161	2.20862e-08	4.21302e+06	3481	4.20954e+06	2.2023	
116	0.0118165	4.42264e-06	0.0118121	2.25429e-08	1.17827e+06	441	1.17783e+06	2.24784	
117	0.0106914	2.25645e-06	0.0106891	2.2186e-08	1.06608e+06	225	1.06585e+06	2.21225	
118	0.00967237	1.96562e-06	0.00967041	2.244e-08	964471	196	964275	2.23759	
119	0.0822464	0.000128056	0.0821183	2.29438e-08	8.20112e+06	12769	8.18835e+06	2.28781	
120	0.0110735	2.56734e-06	0.011071	2.21491e-08	1.10419e+06	256	1.10393e+06	2.20858	
121	0.0481212	4.63726e-05	0.0480748	2.24413e-08	4.79836e+06	4624	4.79374e+06	2.23772	
122	0.01216	2.89828e-06	0.0121571	2.24322e-08	1.21253e+06	289	1.21224e+06	2.23681	
123	0.00924878	1.69484e-06	0.00924708	2.2516e-08	922233	169	922064	2.24516	
124	0.0189098	7.3109e-06	0.0189025	2.2495e-08	1.88558e+06	729	1.88485e+06	2.24307	
125	0.0116662	2.89828e-06	0.0116633	2.24879e-08	1.16329e+06	289	1.163e+06	2.24236	
126	0.329706	0.00235899	0.327347	1.9008e-08	3.28763e+07	235225	3.26411e+07	1.89537	
127	0.00828353	1.44412e-06	0.00828209	2.23452e-08	825984	144	825840	2.22813	
128	0.00906867	1.69484e-06	0.00906697	2.25262e-08	904273	169	904104	2.24618	
129	0.00977461	1.96562e-06	0.00977265	2.23048e-08	974666	196	974470	2.22411	
130	0.0733629	0.000144412	0.0732184	2.20805e-08	7.31531e+06	14400	7.30091e+06	2.20173	
131	0.00849549	1.44412e-06	0.00849404	2.24132e-08	847119	144	846975	2.23491	
132	0.00825729	1.44412e-06	0.00825584	2.23756e-08	823367	144	823223	2.23116	
133	0.0163795	6.26792e-06	0.0163732	2.29368e-08	1.63327e+06	625	1.63264e+06	2.28713	
134	0.0227965	1.09212e-05	0.0227856	2.24675e-08	2.27313e+06	1089	2.27204e+06	2.24032	
135	0.0766329	0.000137282	0.0764956	2.26242e-08	7.64137e+06	13689	7.62769e+06	2.25595	
136	0.0136928	4.01147e-06	0.0136888	2.23172e-08	1.36537e+06	400	1.36497e+06	2.22534	
137	0.0104252	2.25645e-06	0.010423	2.24896e-08	1.03954e+06	225	1.03932e+06	2.24253	
138	0.0104009	2.25645e-06	0.0103986	2.24473e-08	1.03711e+06	225	1.03689e+06	2.23831	
139	0.011238	2.56734e-06	0.0112355	2.25208e-08	1.12059e+06	256	1.12033e+06	2.24564	
140	0.0137049	3.62035e-06	0.0137012	2.23952e-08	1.36657e+06	361	1.36621e+06	2.23311	
141	0.00723441	1.21347e-06	0.0072332	2.2394e-08	721372	121	721251	2.233	
142	0.00843893	1.44412e-06	0.00843749	2.26182e-08	841480	144	841336	2.25536	
143	0.0172485	6.26792e-06	0.0172423	2.28523e-08	1.71992e+06	625	1.7193e+06	2.27869	
144	0.00973574	1.96562e-06	0.00973377	2.25912e-08	970790	196	970594	2.25266	
145	0.0190176	9.02581e-06	0.0190086	2.24766e-08	1.89632e+06	900	1.89542e+06	2.24123	
146	0.0558533	7.5907e-05	0.0557774	2.253e-08	5.56936e+06	7569	5.56179e+06	2.24656	
147	0.0115148	2.56734e-06	0.0115122	2.23936e-08	1.14819e+06	256	1.14793e+06	2.23295	
148	0.00758387	1.21347e-06	0.00758266	2.23033e-08	756218	121	756097	2.22395	
149	0.0189721	7.3109e-06	0.0189648	2.25987e-08	1.89179e+06	729	1.89106e+06	2.2534	
150	0.663653	0.01021	0.653443	1.65692e-08	6.61756e+07	1.01808e+06	6.51575e+07	1.65218	
151	0.00759065	1.21347e-06	0.00758943	2.23939e-08	756894	121	756773	2.23299	
152	0.00894916	1.69484e-06	0.00894746	2.22684e-08	892357	169	892188	2.22047	
153	0.0311845	2.12206e-05	0.0311633	2.29022e-08	3.10953e+06	2116	3.10742e+06	2.28367	
154	0.0319156	2.21533e-05	0.0318934	2.22485e-08	3.18243e+06	2209	3.18022e+06	2.21849	
155	0.0219533	1.02693e-05	0.021943	2.20193e-08	2.18905e+06	1024	2.18803e+06	2.19563	
156	0.0265971	1.60458e-05	0.026581	2.20962e-08	2.6521e+06	1600	2.6505e+06	2.2033	
157	0.0135755	3.62035e-06	0.0135718	2.23491e-08	1.35366e+06	361	1.3533e+06	2.22852	
158	0.0319236	2.0308e-05	0.0319033	2.23479e-08	3.18324e+06	2025	3.18121e+06	2.2284	
159	0.00860044	1.69484e-06	0.00859875	2.2543e-08	857585	169	857416	2.24785	
160	0.283663	0.00174387	0.281919	2.32951e-08	2.82852e+07	173889	2.81113e+07	2.32284	
161	0.00847452	1.44412e-06	0.00847308	2.25452e-08	845029	144	844885	2.24808	
162	0.00858411	1.69484e-06	0.00858241	2.2536e-08	855956	169	855787	2.24716	
163	0.00777273	1.21347e-06	0.00777152	2.25113e-08	775050	121	774929	2.24469	
164	0.00740997	1.44412e-06	0.00740852	2.25225e-08	738878	144	738734	2.24581	
165	0.00917735	1.69484e-06	0.00917566	2.23981e-08	915111	169	914942	2.23341	
166	0.00762734	1.21347e-06	0.00762613	2.24961e-08	760553	121	760432	2.24318	
167	0.0893926	0.000161752	0.0892308	2.17305e-08	8.9137e+06	16129	8.89757e+06	2.16683	
168	0.00829047	1.44412e-06	0.00828902	2.24396e-08	826676	144	826532	2.23754	
169	0.0228227	1.22851e-05	0.0228104	2.22073e-08	2.27574e+06	1225	2.27452e+06	2.21438	
170	0.00736298	1.21347e-06	0.00736177	2.23886e-08	734193	121	734072	2.23245	
171	0.0188369	7.3109e-06	0.0188296	2.2759e-08	1.87831e+06	729	1.87758e+06	2.2694	
172	0.0126481	3.62035e-06	0.0126445	2.24026e-08	1.2612e+06	361	1.26084e+06	2.23385	
173	0.0301715	1.15931e-05	0.0301599	2.19747e-08	3.00852e+06	1156	3.00736e+06	2.19118	
174	0.0290195	1.76905e-05	0.0290018	2.25006e-08	2.89365e+06	1764	2.89189e+06	2.24362	
175	0.0528421	6.25889e-05	0.0527795	2.26805e-08	5.2691e+06	6241	5.26286e+06	2.26156	
176	0.00968705	1.96562e-06	0.00968508	2.25242e-08	965935	196	965739	2.24598	
177	0.0444963	4.36849e-05	0.0444526	2.35232e-08	4.4369e+06	4356	4.43255e+06	2.3456	
178	0.0108652	2.56734e-06	0.0108626	2.24494e-08	1.08341e+06	256	1.08316e+06	2.23852	
179	0.0238558	1.22851e-05	0.0238435	2.24251e-08	2.37875e+06	1225	2.37753e+06	2.23609	
180	0.964552	0.046487	0.918065	3.26196e-08	9.61794e+07	4.6354e+06	9.1544e+07	3.25263	
181	0.00969689	4.85388e-06	0.00969204	2.23492e-08	966916	484	966432	2.22853	
182	0.0321112	5.946e-05	0.0320517	2.21897e-08	3.20193e+06	5929	3.19601e+06	2.21262	
183	0.0758915	0.000324929	0.0755666	2.21776e-08	7.56745e+06	32400	7.53505e+06	2.21141	
184	0.0171813	1.68582e-05	0.0171644	2.26264e-08	1.71322e+06	1681	1.71154e+06	2.25617	
185	0.0315921	2.40788e-05	0.031568	2.26042e-08	3.15017e+06	2401	3.14777e+06	2.25396	
186	0.0186704	7.86248e-06	0.0186626	2.25076e-08	1.8617e+06	784	1.86092e+06	2.24433	
187	0.0140586	2.56734e-06	0.0140561	2.23588e-08	1.40184e+06	256	1.40159e+06	2.22948	
188	0.0276549	9.63755e-06	0.0276452	2.22631e-08	2.75758e+06	961	2.75662e+06	2.21994	
189	0.0108392	1.44412e-06	0.0108378	2.25797e-08	1.08082e+06	144	1.08068e+06	2.25151	
190	0.0102817	2.56734e-06	0.0102791	2.2275e-08	1.02523e+06	256	1.02497e+06	2.22113	
191	0.0308468	1.15931e-05	0.0308352	2.29008e-08	3.07586e+06	1156	3.0747e+06	2.28353	
192	0.0239195	1.29971e-05	0.0239065	2.23205e-08	2.38511e+06	1296	2.38382e+06	2.22567	
193	0.0111343	1.44412e-06	0.0111329	2.23342e-08	1.11025e+06	144	1.1101e+06	2.22703	
194	0.0162805	2.89828e-06	0.0162776	2.23e-08	1.6234e+06	289	1.62311e+06	2.22362	
195	0.0153233	2.56734e-06	0.0153208	2.23423e-08	1.52795e+06	256	1.5277e+06	2.22784	
196	0.0105375	1.21347e-06	0.0105362	2.26384e-08	1.05073e+06	121	1.05061e+06	2.25737	
197	0.0159151	2.89828e-06	0.0159122	2.24373e-08	1.58696e+06	289	1.58667e+06	2.23731	
198	0.00969719	1.21347e-06	0.00969597	2.24103e-08	966946	121	966825	2.23462	
199	0.0144251	2.25645e-06	0.0144229	2.22674e-08	1.43839e+06	225	1.43816e+06	2.22037	
200	0.0106117	1.21347e-06	0.0106105	2.24611e-08	1.05814e+06	121	1.05802e+06	2.23969	
201	0.0573919	2.71175e-05	0.0573648	6.23804e-08	5.72278e+06	2704	5.72007e+06	6.22021	
202	0.0597655	2.92436e-05	0.0597331	3.19572e-06	5.95946e+06	2916	5.95623e+06	318.658	
203	0.032539	8.43411e-06	0.0325305	7.9545e-08	3.24459e+06	841	3.24375e+06	7.93175	
204	0.0619116	3.03367e-05	0.0618812	2.47277e-08	6.17345e+06	3025	6.17043e+06	2.4657	
205	0.0196336	1.09212e-05	0.0196227	2.22204e-08	1.95775e+06	1089	1.95666e+06	2.21569	
206	0.0278233	6.26792e-06	0.0277878	2.92467e-05	2.77437e+06	625	2.77083e+06	2916.31	
207	0.0311062	1.02693e-05	0.0310959	2.26278e-08	3.10173e+06	1024	3.1007e+06	2.25631	
208	0.0179893	2.56734e-06	0.0179867	2.21058e-08	1.79378e+06	256	1.79353e+06	2.20426	
209	0.0152458	1.96562e-06	0.0152436	2.31031e-07	1.52022e+06	196	1.52e+06	23.037	
210	0.072501	4.10774e-05	0.0724598	5.15024e-08	7.22936e+06	4096	7.22526e+06	5.13551	
211	0.0129099	1.44412e-06	0.0129077	7.7443e-07	1.2873e+06	144	1.28708e+06	77.2216	
212	0.120525	0.000112682	0.120412	1.13763e-07	1.2018e+07	11236	1.20068e+07	11.3438	
213	0.0169496	2.25645e-06	0.0169466	7.493e-07	1.69011e+06	225	1.68981e+06	74.7158	
214	0.068761	3.73167e-05	0.0687236	2.32666e-08	6.85643e+06	3721	6.85271e+06	2.32001	
215	0.0374142	1.09212e-05	0.0374031	1.52092e-07	3.73072e+06	1089	3.72962e+06	15.1657	
216	0.0316782	7.86248e-06	0.0316683	2.06016e-06	3.15876e+06	784	3.15777e+06	205.427	
217	0.0420963	1.37292e-05	0.0420826	2.2599e-08	4.19759e+06	1369	4.19623e+06	2.25344	
218	0.0171488	2.25645e-06	0.0171465	1.2087e-07	1.70998e+06	225	1.70974e+06	12.0525	
219	0.0326349	8.43411e-06	0.0326265	2.23027e-08	3.25416e+06	841	3.25332e+06	2.22389	
220	0.0126171	1.21347e-06	0.0126158	6.64438e-08	1.2581e+06	121	1.25797e+06	6.62538	
221	0.0862492	5.64113e-05	0.0861928	3.40771e-08	8.60026e+06	5625	8.59463e+06	3.39796	
222	0.011856	1.21347e-06	0.0118547	8.8174e-08	1.18221e+06	121	1.18208e+06	8.79219	
223	0.0343026	1.22851e-05	0.03429	3.6905e-07	3.42046e+06	1225	3.4192e+06	36.7994	
224	0.012519	1.96562e-06	0.0125171	2.25618e-08	1.24832e+06	196	1.24813e+06	2.24972	
225	0.0498246	2.12206e-05	0.0498033	3.41631e-08	4.96821e+06	2116	4.96609e+06	3.40654	
226	0.0147677	1.44412e-06	0.0147615	4.78397e-06	1.47255e+06	144	1.47193e+06	477.029	
227	0.141885	0.000166887	0.141718	6.17583e-07	1.41479e+07	16641	1.41312e+07	61.5817	
228	0.0260972	8.43411e-06	0.0260887	5.58234e-08	2.60225e+06	841	2.60141e+06	5.56638	
229	0.0253715	6.77938e-06	0.0253647	3.81883e-08	2.52989e+06	676	2.52921e+06	3.80791	
230	0.0231618	3.62035e-06	0.0231528	5.39812e-06	2.30956e+06	361	2.30866e+06	538.268	
231	0.129799	0.000207954	0.129591	2.1911e-08	1.29428e+07	20736	1.29221e+07	2.18483	
232	0.0299223	7.3109e-06	0.0299146	4.30879e-07	2.98367e+06	729	2.9829e+06	42.9647	
233	0.0176327	2.56734e-06	0.0176302	2.22664e-08	1.75823e+06	256	1.75797e+06	2.22028	
234	0.0182444	3.62035e-06	0.0182408	2.24188e-08	1.81923e+06	361	1.81887e+06	2.23547	
235	0.0935582	7.07623e-05	0.0934874	2.32987e-08	9.32906e+06	7056	9.32201e+06	2.3232	
236	0.0173789	2.56734e-06	0.0173763	2.22902e-08	1.73292e+06	256	1.73266e+06	2.22264	
237	0.0134156	1.96562e-06	0.0134136	2.25066e-08	1.33772e+06	196	1.33752e+06	2.24423	
238	0.0699985	4.23711e-05	0.0699562	2.41084e-08	6.97984e+06	4225	6.97561e+06	2.40394	
239	0.114001	0.000161752	0.113839	4.20714e-08	1.13675e+07	16129	1.13514e+07	4.19511	
240	0.0185553	4.01147e-06	0.0185513	2.20246e-08	1.85023e+06	400	1.84983e+06	2.19616	
241	0.0237197	4.42264e-06	0.0237153	2.21462e-08	2.36518e+06	441	2.36474e+06	2.20829	
242	0.0148433	2.56734e-06	0.0148407	2.25533e-08	1.48008e+06	256	1.47983e+06	2.24888	
243	0.0228492	4.01147e-06	0.0228452	2.29514e-08	2.27839e+06	400	2.27799e+06	2.28858	
244	0.0399656	1.94155e-05	0.0399462	6.45608e-08	3.98513e+06	1936	3.98319e+06	6.43762	
245	0.0197542	2.56734e-06	0.0197516	2.24431e-08	1.96977e+06	256	1.96951e+06	2.23789	
246	0.054116	1.52536e-05	0.0540938	6.96201e-06	5.39613e+06	1521	5.39391e+06	694.21	
247	0.012673	1.96562e-06	0.0126711	2.22138e-08	1.26368e+06	196	1.26348e+06	2.21502	
248	0.00938537	1.96562e-06	0.0093834	2.24997e-08	935853	196	935657	2.24353	
249	0.0497621	0.000106394	0.0496557	6.82485e-08	4.96198e+06	10609	4.95137e+06	6.80533	
250	0.0100005	1.21347e-06	0.00999934	2.22438e-08	997195	121	997074	2.21802	
251	0.032463	7.86248e-06	0.0324552	2.31131e-08	3.23702e+06	784	3.23623e+06	2.3047	
252	0.031209	6.26792e-06	0.0312027	2.29759e-08	3.11198e+06	625	3.11135e+06	2.29102	
253	0.0631037	2.0308e-05	0.0630834	2.36303e-08	6.29232e+06	2025	6.2903e+06	2.35627	
254	0.0138137	1.21347e-06	0.0138125	2.24407e-08	1.37742e+06	121	1.3773e+06	2.23765	
255	0.00578559	1.44412e-06	0.00578363	5.33485e-07	576904	144	576709	53.1959	
256	0.00831339	2.89828e-06	0.0083105	2.2417e-08	828962	289	828673	2.23529	
257	0.00700178	1.96562e-06	0.00699964	1.91487e-07	698175	196	697963	19.094	
258	0.0617916	0.000156698	0.0616348	8.65152e-08	6.16149e+06	15625	6.14586e+06	8.62678	
259	0.0153917	1.21347e-06	0.0153905	2.26216e-08	1.53477e+06	121	1.53465e+06	2.25569	
260	0.00832975	2.89828e-06	0.00832685	2.2465e-08	830593	289	830304	2.24007	
261	0.150024	0.000110566	0.149913	2.15517e-08	1.49595e+07	11025	1.49485e+07	2.14901	
262	0.016617	1.44412e-06	0.0166156	2.25038e-08	1.65695e+06	144	1.65681e+06	2.24394	
263	0.011253	4.85388e-06	0.0112443	3.89457e-06	1.12209e+06	484	1.12122e+06	388.343	
264	0.00739154	2.25645e-06	0.00738914	1.70736e-07	737040	225	736801	17.0248	
265	0.0777293	2.81705e-05	0.0777012	2.39666e-08	7.75071e+06	2809	7.7479e+06	2.38981	
266	0.00564589	1.21347e-06	0.00564453	1.67995e-07	562974	121	562839	16.7514	
267	0.0061827	1.44412e-06	0.00618072	5.60119e-07	616502	144	616304	55.8517	
268	0.0156763	1.69484e-06	0.0156746	2.28738e-08	1.56315e+06	169	1.56298e+06	2.28084	
269	0.00769756	2.25645e-06	0.00769517	1.59862e-07	767555	225	767317	15.9405	
270	0.0205127	1.96562e-06	0.0205107	2.38999e-08	2.0454e+06	196	2.04521e+06	2.38316	
271	0.0559598	1.44814e-05	0.0559453	2.24667e-08	5.57998e+06	1444	5.57853e+06	2.24025	
272	0.832159	0.00312256	0.829033	3.22719e-06	8.29779e+07	311364	8.26662e+07	321.797	
273	0.0161819	1.21347e-06	0.0161798	9.81669e-07	1.61357e+06	121	1.61335e+06	97.8862	
274	1.24481	0.00664496	1.23817	5.43673e-08	1.24125e+08	662596	1.23463e+08	5.42119	
275	0.0134512	1.96562e-06	0.0134492	2.23081e-08	1.34127e+06	196	1.34108e+06	2.22443	
276	0.00781476	2.25645e-06	0.00780429	8.23599e-06	779241	225	778197	821.244	
277	0.790756	0.00269093	0.788065	1.55547e-07	7.88495e+07	268324	7.85811e+07	15.5102	
278	0.0280603	4.01147e-06	0.0280563	2.17261e-08	2.798e+06	400	2.7976e+06	2.1664	
279	0.0174683	1.96562e-06	0.0174664	2.27042e-08	1.74184e+06	196	1.74164e+06	2.26393	
280	0.0313341	5.77651e-06	0.0313284	2.2647e-08	3.12445e+06	576	3.12388e+06	2.25822	
281	0.0912768	3.61032e-05	0.0912406	3.54812e-08	9.10157e+06	3600	9.09797e+06	3.53798	
282	0.0485302	1.02693e-05	0.0485199	2.29332e-08	4.83914e+06	1024	4.83812e+06	2.28677	
283	0.0578277	1.44814e-05	0.0578129	3.48712e-07	5.76623e+06	1444	5.76476e+06	34.7714	
284	0.16002	0.000112682	0.159907	9.81839e-08	1.59563e+07	11236	1.5945e+07	9.79031	
285	0.0195241	1.69484e-06	0.0195224	2.22422e-08	1.94683e+06	169	1.94666e+06	2.21786	
286	0.0161402	1.69484e-06	0.0161385	2.26154e-08	1.6094e+06	169	1.60923e+06	2.25507	
287	0.0375797	6.26792e-06	0.0375734	2.27274e-08	3.74722e+06	625	3.7466e+06	2.26625	
288	0.304879	0.00038134	0.304498	3.39766e-08	3.04007e+07	38025	3.03627e+07	3.38795	
289	0.0254322	3.62035e-06	0.0254286	2.20097e-08	2.53595e+06	361	2.53559e+06	2.19468	
290	0.298671	0.000369697	0.298302	3.45216e-08	2.97817e+07	36864	2.97449e+07	3.44229	
291	0.0198799	1.69484e-06	0.0198782	2.24051e-08	1.98231e+06	169	1.98214e+06	2.2341	
292	0.0309017	5.30517e-06	0.0308963	2.33056e-08	3.08133e+06	529	3.0808e+06	2.32389	
293	0.0216697	1.96562e-06	0.0216677	2.31154e-08	2.16077e+06	196	2.16058e+06	2.30493	
294	0.223996	0.000210852	0.223785	6.56351e-08	2.23355e+07	21025	2.23145e+07	6.54475	
295	0.0184239	1.44412e-06	0.0184225	2.23064e-08	1.83713e+06	144	1.83698e+06	2.22426	
296	0.0184655	1.44412e-06	0.0184641	2.25275e-08	1.84127e+06	144	1.84113e+06	2.24631	
297	0.365319	0.000539783	0.364779	3.27032e-08	3.64274e+07	53824	3.63736e+07	3.26097	
298	0.067403	1.94155e-05	0.0673836	2.876e-08	6.72102e+06	1936	6.71909e+06	2.86778	
299	0.0668235	1.94155e-05	0.066804	2.41079e-08	6.66324e+06	1936	6.6613e+06	2.40389	
300	0.0320106	4.42264e-06	0.0320062	2.20172e-08	3.19191e+06	441	3.19147e+06	2.19543	
301	0.0166699	1.21347e-06	0.0166687	2.25269e-08	1.66222e+06	121	1.6621e+06	2.24625	
302	0.0185207	1.44412e-06	0.0185193	2.2652e-08	1.84678e+06	144	1.84663e+06	2.25872	
303	0.0188774	1.44412e-06	0.018876	2.25463e-08	1.88234e+06	144	1.8822e+06	2.24818	
304	0.0172951	1.21347e-06	0.0172939	2.22439e-08	1.72457e+06	121	1.72445e+06	2.21803	
305	0.0186805	1.44412e-06	0.0186791	2.23507e-08	1.86271e+06	144	1.86257e+06	2.22867	
306	0.0622722	1.60458e-05	0.0622562	4.57814e-08	6.20942e+06	1600	6.20781e+06	4.56505	
307	0.254386	0.000263192	0.254123	2.68066e-08	2.53659e+07	26244	2.53397e+07	2.67299	
308	0.0233858	2.25645e-06	0.0233836	2.2328e-08	2.3319e+06	225	2.33167e+06	2.22641	
309	0.0327914	4.42264e-06	0.032787	2.23745e-08	3.26977e+06	441	3.26933e+06	2.23106	
310	0.0170264	1.21347e-06	0.0170252	2.24591e-08	1.69777e+06	121	1.69765e+06	2.23949	
311	0.0234845	2.25645e-06	0.0234822	2.26005e-08	2.34173e+06	225	2.34151e+06	2.25359	
312	0.0348222	4.85388e-06	0.0348173	2.31525e-08	3.47226e+06	484	3.47178e+06	2.30863	
313	0.0219276	1.96562e-06	0.0219256	2.29878e-08	2.18649e+06	196	2.18629e+06	2.29221	
314	0.86594	0.00290274	0.863037	2.88705e-08	8.63464e+07	289444	8.60569e+07	2.8788	
315	0.0508642	1.02693e-05	0.0508539	2.29113e-08	5.07188e+06	1024	5.07085e+06	2.28457	
316	0.0173235	1.21347e-06	0.0173223	2.24959e-08	1.7274e+06	121	1.72728e+06	2.24316	
317	0.0188583	1.44412e-06	0.0188568	2.23288e-08	1.88043e+06	144	1.88029e+06	2.2265	
318	0.0204349	1.69484e-06	0.0204332	2.25637e-08	2.03765e+06	169	2.03748e+06	2.24992	
319	0.030165	3.62035e-06	0.0301614	2.26867e-08	3.00787e+06	361	3.00751e+06	2.26218	
320	0.0233142	2.25645e-06	0.0233119	2.25375e-08	2.32475e+06	225	2.32453e+06	2.24731	
321	0.0531913	1.09212e-05	0.0531804	2.19687e-08	5.30392e+06	1089	5.30283e+06	2.19058	
322	0.022478	1.96562e-06	0.0224761	2.21261e-08	2.24138e+06	196	2.24118e+06	2.20628	
323	0.178912	0.000125799	0.178777	9.65616e-06	1.78401e+07	12544	1.78266e+07	962.855	
324	0.0435739	7.3109e-06	0.0435666	2.25302e-08	4.34493e+06	729	4.3442e+06	2.24658	
325	0.826112	0.00259824	0.823514	2.76087e-08	8.2375e+07	259081	8.21159e+07	2.75297	
326	0.0223222	1.96562e-06	0.0223202	2.25451e-08	2.22583e+06	196	2.22564e+06	2.24806	
327	0.0177063	1.21347e-06	0.0177051	2.25327e-08	1.76557e+06	121	1.76544e+06	2.24683	
328	0.0106324	1.21347e-06	0.0106312	2.24569e-08	1.0602e+06	121	1.06008e+06	2.23927	
329	0.0230972	2.25645e-06	0.0230949	2.24374e-08	2.30311e+06	225	2.30289e+06	2.23732	
330	0.0818003	2.50716e-05	0.0817752	2.17437e-08	8.15664e+06	2500	8.15414e+06	2.16815	
331	0.0312354	4.01147e-06	0.0312314	2.27055e-08	3.11461e+06	400	3.11421e+06	2.26406	
332	0.0224234	1.96562e-06	0.0224214	2.24836e-08	2.23593e+06	196	2.23573e+06	2.24193	
333	0.0370215	5.30517e-06	0.0370161	7.22138e-08	3.69156e+06	529	3.69103e+06	7.20073	
334	0.0376356	5.30517e-06	0.0376293	9.65706e-07	3.75279e+06	529	3.75217e+06	96.2945	
335	0.0348025	4.85388e-06	0.0347976	2.2458e-08	3.47029e+06	484	3.46981e+06	2.23937	
336	0.0210227	1.69484e-06	0.021021	2.22586e-08	2.09626e+06	169	2.09609e+06	2.21949	
337	0.189106	0.000134945	0.188971	2.00589e-08	1.88565e+07	13456	1.8843e+07	2.00016	
338	0.0200827	1.69484e-06	0.020081	2.28854e-08	2.00252e+06	169	2.00235e+06	2.28199	
339	0.077461	2.3106e-05	0.0774379	2.29004e-08	7.72395e+06	2304	7.72165e+06	2.28349	
340	0.0219304	1.96562e-06	0.0219284	2.23199e-08	2.18677e+06	196	2.18657e+06	2.22561	
341	0.0345242	4.42264e-06	0.0345198	2.55019e-08	3.44255e+06	441	3.44211e+06	2.5429	
342	0.21661	0.000172102	0.216436	2.46223e-06	2.15991e+07	17161	2.15817e+07	245.519	
343	0.0166795	1.21347e-06	0.0166783	2.26544e-08	1.66318e+06	121	1.66306e+06	2.25896	
344	0.0591026	1.44814e-05	0.0590882	2.3463e-08	5.89336e+06	1444	5.89192e+06	2.33959	
345	0.0180816	1.21347e-06	0.0180804	2.27154e-08	1.80299e+06	121	1.80287e+06	2.26504	
346	0.0243764	2.25645e-06	0.0243741	4.88307e-08	2.43067e+06	225	2.43044e+06	4.86911	
347	0.0337234	4.42264e-06	0.033719	2.20793e-08	3.3627e+06	441	3.36226e+06	2.20161	
348	0.0245918	2.25645e-06	0.0245895	2.21655e-08	2.45214e+06	225	2.45192e+06	2.21021	
349	0.0212645	1.69484e-06	0.0212627	1.67911e-07	2.12037e+06	169	2.12019e+06	16.743	
350	0.024606	2.25645e-06	0.0246037	2.20872e-08	2.45356e+06	225	2.45333e+06	2.2024	
351	0.0361904	4.85388e-06	0.0361855	2.46813e-08	3.60869e+06	484	3.60821e+06	2.46107	
352	0.017388	1.21347e-06	0.0173868	2.24209e-08	1.73383e+06	121	1.73371e+06	2.23568	
353	0.0637876	1.76905e-05	0.0637699	2.32162e-08	6.36052e+06	1764	6.35876e+06	2.31498	
354	0.0846951	2.60845e-05	0.084669	2.23259e-08	8.44529e+06	2601	8.44269e+06	2.22621	
355	0.0222205	1.96562e-06	0.0222186	2.22753e-08	2.2157e+06	196	2.2155e+06	2.22116	
356	0.0527851	1.02693e-05	0.0527748	2.28647e-08	5.26341e+06	1024	5.26239e+06	2.27993	
357	0.0192319	1.44412e-06	0.0192305	2.25445e-08	1.91769e+06	144	1.91755e+06	2.248	
358	0.0528352	1.02693e-05	0.0528249	2.27144e-08	5.26841e+06	1024	5.26739e+06	2.26494	
359	0.0281512	2.89828e-06	0.0281483	2.27033e-08	2.80707e+06	289	2.80678e+06	2.26384	
360	0.0323391	4.01147e-06	0.0323351	2.25706e-08	3.22466e+06	400	3.22426e+06	2.25061	
361	0.378096	0.000512224	0.377584	1.8222e-07	3.77015e+07	51076	3.76504e+07	18.1699	
362	0.0320851	4.01147e-06	0.0320811	2.30136e-08	3.19934e+06	400	3.19894e+06	2.29478	
363	0.062824	1.44814e-05	0.0628094	1.08751e-07	6.26443e+06	1444	6.26298e+06	10.844	
364	0.0959901	3.25831e-05	0.0959575	2.1306e-08	9.57156e+06	3249	9.56831e+06	2.1245	
365	0.0184244	1.21347e-06	0.0184226	6.09615e-07	1.83717e+06	121	1.83699e+06	60.7872	
366	0.0419493	6.77938e-06	0.0419426	2.39718e-08	4.18294e+06	676	4.18226e+06	2.39032	
367	0.0391995	5.77651e-06	0.0391904	3.39066e-06	3.90874e+06	576	3.90783e+06	338.097	
368	0.0114811	1.44412e-06	0.0114797	2.22179e-08	1.14483e+06	144	1.14468e+06	2.21544	
369	0.511714	0.000908608	0.510805	7.41517e-07	5.10251e+07	90601	5.09344e+07	73.9396	
370	0.0450474	7.86248e-06	0.0450395	2.23294e-08	4.49186e+06	784	4.49107e+06	2.22655	
371	0.0678649	1.60458e-05	0.0678489	2.17452e-08	6.76708e+06	1600	6.76548e+06	2.1683	
372	0.212876	0.000156698	0.212719	1.43124e-07	2.12267e+07	15625	2.12111e+07	14.2715	
373	0.0180771	1.21347e-06	0.0180759	2.2367e-08	1.80254e+06	121	1.80242e+06	2.2303	
374	0.0220892	1.69484e-06	0.0220875	2.28138e-08	2.2026e+06	169	2.20243e+06	2.27486	
375	0.0185668	1.21347e-06	0.0185653	3.59136e-07	1.85137e+06	121	1.85122e+06	35.8109	
376	0.0305711	3.24929e-06	0.0305678	2.24784e-08	3.04837e+06	324	3.04804e+06	2.24142	
377	0.0766646	2.0308e-05	0.0766443	2.30053e-08	7.64453e+06	2025	7.64251e+06	2.29395	
378	0.0920784	3.03367e-05	0.0920481	2.44833e-08	9.18151e+06	3025	9.17848e+06	2.44133	
379	2.31609	0.0183314	2.29775	1.32432e-08	2.30946e+08	1.8279e+06	2.29118e+08	1.32053	
380	0.0342101	4.01147e-06	0.0342061	2.23203e-08	3.41123e+06	400	3.41083e+06	2.22565	
381	0.0393348	5.30517e-06	0.0393295	2.26284e-08	3.92223e+06	529	3.9217e+06	2.25637	
382	0.133813	5.946e-05	0.133753	2.04998e-08	1.3343e+07	5929	1.33371e+07	2.04412	
383	0.018945	1.21347e-06	0.0189431	7.14257e-07	1.88909e+06	121	1.8889e+06	71.2215	
384	0.165688	9.24242e-05	0.165596	2.47415e-08	1.65215e+07	9216	1.65122e+07	2.46707	
385	0.0190776	1.21347e-06	0.0190764	2.91727e-08	1.90231e+06	121	1.90219e+06	2.90893	
386	0.193402	0.000123563	0.193278	2.47751e-08	1.92849e+07	12321	1.92725e+07	2.47042	
387	0.0314762	3.24929e-06	0.031471	1.97879e-06	3.13862e+06	324	3.1381e+06	197.313	
388	0.0209163	1.44412e-06	0.0209149	2.25836e-08	2.08565e+06	144	2.0855e+06	2.2519	
389	0.0419731	5.77651e-06	0.041967	3.53655e-07	4.18531e+06	576	4.1847e+06	35.2644	
390	0.0203067	1.44412e-06	0.0203053	2.28764e-08	2.02487e+06	144	2.02472e+06	2.2811	
391	0.0315766	1.09212e-05	0.0315657	2.23801e-08	3.14863e+06	1089	3.14754e+06	2.23161	
392	0.114268	4.36849e-05	0.114224	2.30201e-08	1.13941e+07	4356	1.13898e+07	2.29542	
393	0.0206862	1.44412e-06	0.0206848	2.30342e-08	2.06271e+06	144	2.06256e+06	2.29683	
394	0.0227412	5.30517e-06	0.0227359	2.20476e-08	2.26761e+06	529	2.26708e+06	2.19845	
395	0.0485774	7.86248e-06	0.0485696	2.21876e-08	4.84385e+06	784	4.84307e+06	2.21241	
396	0.0428575	6.26792e-06	0.0428513	2.24824e-08	4.2735e+06	625	4.27287e+06	2.24181	
397	0.0370047	4.42264e-06	0.0370003	4.23394e-08	3.68989e+06	441	3.68944e+06	4.22184	
398	0.0980334	3.14499e-05	0.0980008	1.14608e-06	9.7753e+06	3136	9.77206e+06	114.28	
399	0.0193255	1.21347e-06	0.019324	3.22621e-07	1.92702e+06	121	1.92687e+06	32.1699	
400	49.1736	9.48459	39.689	4.01807e-09	4.9033e+09	9.45747e+08	3.95755e+09	0.400658	
401	0.0647172	1.37292e-05	0.0647029	6.16703e-07	6.45321e+06	1369	6.45178e+06	61.494	
402	0.0316957	3.24929e-06	0.0316924	2.31024e-08	3.1605e+06	324	3.16018e+06	2.30363	
403	0.0188393	1.44412e-06	0.0188378	2.27667e-08	1.87854e+06	144	1.87839e+06	2.27016	
404	0.106565	3.61032e-05	0.106529	6.42258e-08	1.0626e+07	3600	1.06224e+07	6.40421	
405	0.0333313	3.62035e-06	0.0333277	2.20198e-08	3.3236e+06	361	3.32324e+06	2.19568	
406	0.0337391	3.62035e-06	0.0337349	5.6977e-07	3.36426e+06	361	3.36384e+06	56.814	
407	0.144649	6.57981e-05	0.144584	2.28459e-08	1.44236e+07	6561	1.4417e+07	2.27805	
408	0.017825	1.21347e-06	0.0178238	2.23002e-08	1.7774e+06	121	1.77728e+06	2.22364	
409	0.0838624	2.21533e-05	0.0838402	2.35168e-08	8.36226e+06	2209	8.36005e+06	2.34495	
410	0.0317197	3.62035e-06	0.0317161	2.20343e-08	3.1629e+06	361	3.16254e+06	2.19713	
411	0.0258343	2.25645e-06	0.025832	2.24851e-08	2.57604e+06	225	2.57581e+06	2.24208	
412	0.0392685	4.85388e-06	0.0392634	2.82594e-07	3.91562e+06	484	3.91511e+06	28.1786	
413	0.0205298	1.44412e-06	0.0205283	2.22994e-08	2.04711e+06	144	2.04696e+06	2.22356	
414	0.0813756	2.12206e-05	0.0813544	2.30978e-08	8.11429e+06	2116	8.11217e+06	2.30317	
415	0.0304726	2.89828e-06	0.0304686	1.09481e-06	3.03854e+06	289	3.03815e+06	109.168	
416	0.0393152	4.85388e-06	0.0393021	8.2506e-06	3.92027e+06	484	3.91897e+06	822.7	
417	0.0197248	1.44412e-06	0.0197233	2.24241e-08	1.96684e+06	144	1.96669e+06	2.236	
418	0.0450119	6.77938e-06	0.0450046	4.70792e-07	4.48831e+06	676	4.48759e+06	46.9445	
419	0.097023	2.92436e-05	0.0969787	1.51385e-05	9.67456e+06	2916	9.67014e+06	1509.52	
420	0.0243414	2.25645e-06	0.0243379	1.25127e-06	2.42718e+06	225	2.42683e+06	124.769	
421	0.030456	2.89828e-06	0.0304531	2.21387e-08	3.03689e+06	289	3.0366e+06	2.20754	
422	0.0114263	1.44412e-06	0.0114248	2.25375e-08	1.13936e+06	144	1.13921e+06	2.24731	
423	0.0696641	1.52536e-05	0.0696488	2.36069e-08	6.94649e+06	1521	6.94497e+06	2.35394	
424	0.0818515	2.3106e-05	0.0818284	6.39515e-08	8.16175e+06	2304	8.15944e+06	6.37687	
425	0.192363	0.000132629	0.19223	2.07411e-08	1.91813e+07	13225	1.9168e+07	2.06818	
426	0.0361163	4.01147e-06	0.0361092	3.12702e-06	3.6013e+06	400	3.60059e+06	311.808	
427	0.0303976	2.89828e-06	0.0303937	9.68246e-07	3.03107e+06	289	3.03068e+06	96.5477	
428	0.0608431	1.29971e-05	0.06083	3.86487e-08	6.06691e+06	1296	6.06561e+06	3.85382	
429	0.0795044	1.94155e-05	0.079485	3.56341e-08	7.92771e+06	1936	7.92577e+06	3.55322	
430	1.02616	0.00386746	1.02229	2.03454e-08	1.02322e+08	385641	1.01937e+08	2.02872	
431	0.0685734	1.76905e-05	0.0685545	1.23818e-06	6.83773e+06	1764	6.83584e+06	123.464	
432	0.103712	3.85502e-05	0.103673	2.28952e-08	1.03415e+07	3844	1.03377e+07	2.28297	
433	0.337277	0.000350692	0.336922	4.69335e-06	3.36313e+07	34969	3.35958e+07	467.993	
434	0.134305	7.07623e-05	0.134234	2.18216e-08	1.33921e+07	7056	1.3385e+07	2.17592	
435	0.0235426	1.69484e-06	0.0235407	2.55411e-07	2.34753e+06	169	2.34734e+06	25.468	
436	0.0336527	4.01147e-06	0.0336487	3.02471e-08	3.35565e+06	400	3.35525e+06	3.01606	
437	0.101602	3.25831e-05	0.101568	8.48463e-07	1.01311e+07	3249	1.01278e+07	84.6036	
438	0.0195218	1.21347e-06	0.0195206	2.25186e-08	1.9466e+06	121	1.94648e+06	2.24542	
439	0.0378457	4.85388e-06	0.0378407	2.3221e-07	3.77375e+06	484	3.77325e+06	23.1546	
440	0.019603	1.21347e-06	0.0196015	2.23884e-07	1.95469e+06	121	1.95455e+06	22.3243	
441	0.0933844	2.71175e-05	0.0933493	8.00351e-06	9.31174e+06	2704	9.30824e+06	798.062	
442	0.0320052	3.62035e-06	0.0320016	2.29463e-08	3.19137e+06	361	3.19101e+06	2.28807	
443	0.0215392	1.44412e-06	0.0215378	2.29038e-08	2.14776e+06	144	2.14762e+06	2.28383	
444	0.0736843	1.94155e-05	0.0736649	2.114e-08	7.34736e+06	1936	7.34542e+06	2.10795	
445	1.35393	0.00600794	1.34791	8.61498e-06	1.35006e+08	599076	1.34406e+08	859.034	
446	0.0482939	7.86248e-06	0.048286	2.28511e-08	4.81558e+06	784	4.8148e+06	2.27857	
447	0.0728516	1.68582e-05	0.0728348	2.3241e-08	7.26433e+06	1681	7.26265e+06	2.31745	
448	0.0100853	2.25645e-06	0.010083	2.25716e-08	1.00564e+06	225	1.00542e+06	2.25071	
449	0.131855	5.4917e-05	0.1318	2.26659e-08	1.31478e+07	5476	1.31423e+07	2.26011	
450	0.0604021	1.09212e-05	0.0603596	3.16245e-05	6.02294e+06	1089	6.0187e+06	3153.41	
451	0.0276965	2.56734e-06	0.027694	3.25546e-08	2.76173e+06	256	2.76148e+06	3.24615	
452	0.0327097	3.62035e-06	0.0327046	1.51029e-06	3.26162e+06	361	3.26111e+06	150.597	
453	0.0906728	2.92436e-05	0.0906425	1.00101e-06	9.04135e+06	2916	9.03833e+06	99.815	
454	0.0287861	2.89828e-06	0.0287829	2.61817e-07	2.87038e+06	289	2.87006e+06	26.1068	
455	0.0562005	1.09212e-05	0.0561894	1.1951e-07	5.60398e+06	1089	5.60288e+06	11.9168	
456	0.0285142	2.56734e-06	0.0285116	3.04716e-08	2.84327e+06	256	2.84301e+06	3.03845	
457	0.0356426	4.01147e-06	0.0356386	2.27748e-08	3.55407e+06	400	3.55367e+06	2.27096	
458	0.111398	4.36849e-05	0.111354	2.17668e-08	1.11079e+07	4356	1.11035e+07	2.17046	
459	0.0187908	1.21347e-06	0.0187896	2.55848e-08	1.87371e+06	121	1.87359e+06	2.55117	
460	0.0823644	2.21533e-05	0.0823422	7.73079e-08	8.21288e+06	2209	8.21067e+06	7.70868	
461	0.124646	5.34428e-05	0.124592	3.4559e-08	1.24289e+07	5329	1.24236e+07	3.44602	
462	0.0408477	5.30517e-06	0.0408404	2.00422e-06	4.07309e+06	529	4.07236e+06	199.849	
463	0.212259	0.000142016	0.212116	7.21203e-07	2.11652e+07	14161	2.11509e+07	71.914	
464	0.0267616	2.56734e-06	0.0267591	2.2806e-08	2.66851e+06	256	2.66826e+06	2.27408	
465	0.0623481	1.37292e-05	0.0623342	2.24225e-07	6.21698e+06	1369	6.21559e+06	22.3583	
466	0.0903959	3.03367e-05	0.0903656	2.18749e-08	9.01374e+06	3025	9.01072e+06	2.18123	
467	0.0195793	1.21347e-06	0.0195781	2.74464e-08	1.95233e+06	121	1.95221e+06	2.73679	
468	0.0321614	3.62035e-06	0.0321549	2.86404e-06	3.20694e+06	361	3.2063e+06	285.585	
469	0.232806	0.000193764	0.232612	6.51138e-08	2.3214e+07	19321	2.31947e+07	6.49276	
470	0.0339141	3.62035e-06	0.0339102	2.61057e-07	3.38171e+06	361	3.38133e+06	26.0311	
471	0.0324897	4.01147e-06	0.0324857	2.23531e-08	3.23968e+06	400	3.23928e+06	2.22892	
472	0.0423422	6.26792e-06	0.042336	2.30683e-08	4.22212e+06	625	4.22149e+06	2.30023	
473	0.021714	1.44412e-06	0.0217078	4.71646e-06	2.16519e+06	144	2.16458e+06	470.297	
474	0.194052	0.000125799	0.193926	1.45159e-07	1.93497e+07	12544	1.93372e+07	14.4744	
475	0.0222026	1.44412e-06	0.0221993	1.85676e-06	2.21391e+06	144	2.21358e+06	185.145	
476	0.216127	0.000161752	0.215966	2.5675e-07	2.15509e+07	16129	2.15348e+07	25.6016	
477	0.0196295	1.21347e-06	0.0196252	3.14684e-06	1.95734e+06	121	1.95691e+06	313.784	
478	0.0186408	1.21347e-06	0.0186395	2.26405e-08	1.85874e+06	121	1.85862e+06	2.25757	
479	0.0500868	8.43411e-06	0.0500775	8.72308e-07	4.99436e+06	841	4.99343e+06	86.9814	
480	0.404484	0.00052133	0.403958	4.87765e-06	4.03327e+07	51984	4.02803e+07	486.37	
481	0.0204381	1.21347e-06	0.020424	1.30064e-05	2.03797e+06	121	2.03655e+06	1296.92	
482	0.0119301	1.44412e-06	0.0119286	2.23549e-08	1.1896e+06	144	1.18945e+06	2.22909	
483	0.045604	7.3109e-06	0.0455967	2.19797e-08	4.54736e+06	729	4.54663e+06	2.19169	
484	0.0278055	2.25645e-06	0.0278032	2.27143e-08	2.7726e+06	225	2.77237e+06	2.26493	
485	0.0555909	1.02693e-05	0.0555787	1.89562e-06	5.54319e+06	1024	5.54198e+06	189.02	
486	0.634945	0.00116614	0.633771	7.73457e-06	6.33129e+07	116281	6.31959e+07	771.245	
487	0.0520732	9.63755e-06	0.0520635	2.18664e-08	5.19243e+06	961	5.19147e+06	2.18039	
488	0.0223204	1.44412e-06	0.0223189	1.09366e-07	2.22566e+06	144	2.22551e+06	10.9053	
489	0.024205	1.69484e-06	0.0242028	5.059e-07	2.41357e+06	169	2.41336e+06	50.4453	
490	0.118914	4.10774e-05	0.118872	1.2837e-06	1.18574e+07	4096	1.18532e+07	128.003	
491	0.0319857	3.62035e-06	0.0319817	3.5735e-07	3.18942e+06	361	3.18903e+06	35.6328	
492	0.0286165	2.89828e-06	0.0286136	2.25049e-08	2.85346e+06	289	2.85318e+06	2.24406	
493	0.0315997	2.89828e-06	0.0315937	3.06845e-06	3.15093e+06	289	3.15034e+06	305.968	
494	3.03056	0.0266451	3.0039	1.55056e-05	3.02189e+08	2.6569e+06	2.9953e+08	1546.13	
495	0.507033	0.000920722	0.506111	1.31085e-06	5.05583e+07	91809	5.04664e+07	130.71	
496	0.025324	2.25645e-06	0.0253218	2.26202e-08	2.52516e+06	225	2.52494e+06	2.25555	
497	0.0476271	7.86248e-06	0.0476191	1.29758e-07	4.74909e+06	784	4.74829e+06	12.9386	
498	0.132794	5.19886e-05	0.13274	1.94858e-06	1.32414e+07	5184	1.3236e+07	194.301	
499	0.0256063	1.96562e-06	0.025588	1.6372e-05	2.55331e+06	196	2.55148e+06	1632.52	
500	0.0616901	1.29971e-05	0.0616767	4.68411e-07	6.15137e+06	1296	6.15003e+06	46.7071	
501	0.108761	3.37364e-05	0.108727	1.72651e-07	1.0845e+07	3364	1.08416e+07	17.2158	
502	0.0593422	1.02693e-05	0.0593319	2.21398e-08	5.91725e+06	1024	5.91622e+06	2.20765	
503	0.0188555	1.21347e-06	0.0188518	2.4997e-06	1.88016e+06	121	1.87979e+06	249.255	
504	0.0324568	3.62035e-06	0.0324529	3.15248e-07	3.2364e+06	361	3.23601e+06	31.4347	
505	0.0395395	4.42264e-06	0.0395335	1.5251e-06	3.94264e+06	441	3.94205e+06	152.074	
506	0.0482961	6.77938e-06	0.0482473	4.20994e-05	4.8158e+06	676	4.81093e+06	4197.9	
507	0.0263691	1.96562e-06	0.0263671	2.23369e-08	2.62937e+06	196	2.62917e+06	2.2273	
508	0.0391693	5.30517e-06	0.0391639	8.28305e-08	3.90573e+06	529	3.90519e+06	8.25937	
509	0.0188565	1.21347e-06	0.0188489	6.35875e-06	1.88026e+06	121	1.8795e+06	634.056	
510	0.0205188	1.44412e-06	0.0205166	7.1832e-07	2.04601e+06	144	2.0458e+06	71.6266	
511	0.918678	0.0029352	0.915741	2.14501e-06	9.16051e+07	292681	9.13122e+07	213.888	
512	0.0226316	1.69484e-06	0.0225991	3.0853e-05	2.25669e+06	169	2.25344e+06	3076.47	
513	0.042553	5.30517e-06	0.0425476	2.25743e-08	4.24313e+06	529	4.2426e+06	2.25097	
514	0.058408	9.63755e-06	0.0583984	2.25977e-08	5.8241e+06	961	5.82314e+06	2.25331	
515	0.0396339	4.42264e-06	0.0396187	1.07737e-05	3.95205e+06	441	3.95054e+06	1074.28	
516	0.0201822	1.21347e-06	0.0201807	2.80201e-07	2.01245e+06	121	2.0123e+06	27.94	
517	0.042108	5.30517e-06	0.0421027	2.20673e-08	4.19876e+06	529	4.19823e+06	2.20042	
518	0.0253665	1.96562e-06	0.0253643	2.77013e-07	2.52939e+06	196	2.52917e+06	27.6221	
519	0.0226527	1.44412e-06	0.0226491	2.17252e-06	2.25879e+06	144	2.25843e+06	216.631	
520	0.0322794	2.89828e-06	0.0322765	2.29527e-08	3.21871e+06	289	3.21842e+06	2.28871	
521	0.0227064	1.44412e-06	0.0227049	2.24262e-08	2.26415e+06	144	2.264e+06	2.23621	
522	0.0261334	1.96562e-06	0.0261314	3.00897e-08	2.60586e+06	196	2.60567e+06	3.00036	
523	0.119147	3.98038e-05	0.119101	7.07067e-06	1.18807e+07	3969	1.1876e+07	705.045	
524	0.0214979	1.44412e-06	0.0214954	1.09145e-06	2.14364e+06	144	2.14339e+06	108.833	
525	0.0276077	2.25645e-06	0.0276055	2.21729e-08	2.75288e+06	225	2.75265e+06	2.21095	
526	0.0351066	3.62035e-06	0.0351023	7.6014e-07	3.50062e+06	361	3.50019e+06	75.7967	
527	0.449471	0.000558557	0.448912	4.4762e-07	4.48186e+07	55696	4.47628e+07	44.634	
528	0.037967	4.42264e-06	0.0379625	2.24118e-08	3.78584e+06	441	3.7854e+06	2.23477	
529	0.0397555	4.85388e-06	0.0397196	3.10913e-05	3.96418e+06	484	3.9606e+06	3100.23	
530	0.134431	5.19886e-05	0.134379	9.13251e-08	1.34046e+07	5184	1.33994e+07	9.10639	
531	0.199036	0.000110566	0.198925	6.1811e-07	1.98467e+07	11025	1.98356e+07	61.6342	
532	0.0371133	4.01147e-06	0.0371093	2.22759e-08	3.70072e+06	400	3.70032e+06	2.22122	
533	0.248739	0.000174739	0.248565	1.01114e-07	2.48028e+07	17424	2.47854e+07	10.0824	
534	0.0209099	1.21347e-06	0.0208985	1.02031e-05	2.08501e+06	121	2.08387e+06	1017.39	
535	0.0423263	6.26792e-06	0.0423195	5.78953e-07	4.22053e+06	625	4.21985e+06	57.7297	
536	0.0627307	1.15931e-05	0.0627191	2.18745e-08	6.25513e+06	1156	6.25397e+06	2.1812	
537	0.0426763	5.30517e-06	0.0426337	3.72862e-05	4.25542e+06	529	4.25118e+06	3717.96	
538	0.108483	3.25831e-05	0.108445	5.59139e-06	1.08173e+07	3249	1.08134e+07	557.54	
539	0.0458941	6.26792e-06	0.0458878	2.27577e-08	4.57628e+06	625	4.57566e+06	2.26926	
540	0.0241865	1.69484e-06	0.0241848	2.63057e-08	2.41173e+06	169	2.41156e+06	2.62305	
541	0.0302431	2.56734e-06	0.0302405	2.2352e-08	3.01566e+06	256	3.0154e+06	2.22881	
542	0.062439	1.09212e-05	0.062428	1.34992e-07	6.22605e+06	1089	6.22495e+06	13.4606	
543	0.0224848	1.44412e-06	0.0224735	9.85065e-06	2.24205e+06	144	2.24093e+06	982.249	
544	0.0397458	4.42264e-06	0.0397412	1.99158e-07	3.96321e+06	441	3.96275e+06	19.8589	
545	0.0280758	2.25645e-06	0.0280735	2.43291e-08	2.79955e+06	225	2.79933e+06	2.42595	
546	0.0206899	1.21347e-06	0.0206887	2.26735e-08	2.06307e+06	121	2.06295e+06	2.26087	
547	0.0246833	1.69484e-06	0.0246815	4.27226e-08	2.46127e+06	169	2.4611e+06	4.26005	
548	0.0888006	2.21533e-05	0.0887783	2.59073e-07	8.85467e+06	2209	8.85244e+06	25.8332	
549	0.0562376	9.02581e-06	0.0562285	2.20522e-08	5.60767e+06	900	5.60678e+06	2.19891	
550	0.0507684	7.3109e-06	0.0507611	2.22513e-08	5.06232e+06	729	5.06159e+06	2.21877	
551	0.0360611	3.62035e-06	0.0360575	2.28389e-08	3.5958e+06	361	3.59544e+06	2.27736	
552	0.0265506	1.96562e-06	0.0265486	2.2286e-08	2.64747e+06	196	2.64727e+06	2.22222	
553	0.075626	1.60458e-05	0.07561	2.33771e-08	7.54098e+06	1600	7.53938e+06	2.33102	
554	0.250851	0.000174739	0.250676	2.58112e-08	2.50133e+07	17424	2.49959e+07	2.57374	
555	0.0697614	1.37292e-05	0.0697477	2.12386e-08	6.95619e+06	1369	6.95482e+06	2.11778	
556	0.0335461	3.24929e-06	0.0335411	1.78164e-06	3.34502e+06	324	3.34452e+06	177.655	
557	0.0664384	1.22851e-05	0.0664234	2.78659e-06	6.62484e+06	1225	6.62334e+06	277.862	
558	0.0630917	1.15931e-05	0.0630801	2.25869e-08	6.29112e+06	1156	6.28997e+06	2.25223	
559	0.033794	3.24929e-06	0.0337907	4.5552e-08	3.36974e+06	324	3.36941e+06	4.54218	
560	0.0357074	3.62035e-06	0.0357037	2.30093e-08	3.56052e+06	361	3.56016e+06	2.29435	
561	0.0296091	2.56734e-06	0.0296065	2.21763e-08	2.95244e+06	256	2.95218e+06	2.21129	
562	0.03216	2.89828e-06	0.0321571	2.22226e-08	3.2068e+06	289	3.20651e+06	2.21591	
563	0.0311821	2.89828e-06	0.031179	1.91534e-07	3.10929e+06	289	3.10899e+06	19.0986	
564	0.550756	0.000849238	0.549907	7.52851e-08	5.49181e+07	84681	5.48334e+07	7.50698	
565	0.0435574	5.30517e-06	0.0435506	1.46769e-06	4.34328e+06	529	4.34261e+06	146.349	
566	0.0562897	9.02581e-06	0.0562806	2.24827e-08	5.61287e+06	900	5.61197e+06	2.24184	
567	0.0294747	2.56734e-06	0.0294693	2.83545e-06	2.93904e+06	256	2.9385e+06	282.735	
568	0.0534485	8.43411e-06	0.05344	2.29061e-08	5.32956e+06	841	5.32872e+06	2.28405	
569	0.315037	0.00027635	0.314761	1.24073e-07	3.14137e+07	27556	3.13861e+07	12.3718	
570	0.0225064	1.44412e-06	0.0225049	2.23161e-08	2.2442e+06	144	2.24406e+06	2.22522	
571	0.0449578	5.77651e-06	0.044952	2.25874e-08	4.48292e+06	576	4.48234e+06	2.25228	
572	0.0434351	5.30517e-06	0.0434298	2.28944e-08	4.33109e+06	529	4.33056e+06	2.2829	
573	0.0357854	3.62035e-06	0.0357818	2.38477e-08	3.56831e+06	361	3.56794e+06	2.37795	
574	0.112545	3.61032e-05	0.112509	4.91663e-08	1.12223e+07	3600	1.12187e+07	4.90257	
575	0.0497261	7.3109e-06	0.0497188	2.42543e-08	4.9584e+06	729	4.95767e+06	2.41849	
576	0.0923374	2.40788e-05	0.0923129	3.71861e-07	9.20733e+06	2401	9.2049e+06	37.0798	
577	0.0265661	1.96562e-06	0.0265641	2.39935e-08	2.64901e+06	196	2.64882e+06	2.39249	
578	0.0340225	3.24929e-06	0.0340177	1.61936e-06	3.39252e+06	324	3.39204e+06	161.473	
579	0.0416886	4.85388e-06	0.0416837	2.53983e-08	4.15694e+06	484	4.15645e+06	2.53256	
580	0.0543296	8.43411e-06	0.0543212	4.61734e-08	5.41743e+06	841	5.41658e+06	4.60413	
581	0.125418	4.50187e-05	0.125373	2.29017e-08	1.25059e+07	4489	1.25014e+07	2.28362	
582	0.0310545	2.89828e-06	0.0310515	1.13756e-07	3.09657e+06	289	3.09627e+06	11.3431	
583	0.163711	7.5907e-05	0.163635	1.96709e-07	1.63243e+07	7569	1.63167e+07	19.6147	
584	0.0415128	4.85388e-06	0.0415076	3.9172e-07	4.13941e+06	484	4.13889e+06	39.06	
585	0.0242906	1.69484e-06	0.0242889	2.22503e-08	2.42211e+06	169	2.42194e+06	2.21866	
586	0.0412897	4.85388e-06	0.0412848	2.14978e-08	4.11716e+06	484	4.11667e+06	2.14363	
587	0.0205239	1.21347e-06	0.0205227	2.50415e-08	2.04652e+06	121	2.0464e+06	2.49699	
588	0.0224334	1.44412e-06	0.0224319	2.24477e-08	2.23692e+06	144	2.23678e+06	2.23835	
589	0.0490525	6.77938e-06	0.0490457	2.22963e-08	4.89123e+06	676	4.89055e+06	2.22325	
590	0.0685606	1.37292e-05	0.0685469	5.4218e-08	6.83646e+06	1369	6.83509e+06	5.4063	
591	0.0335383	3.24929e-06	0.0334922	4.29108e-05	3.34424e+06	324	3.33964e+06	4278.81	
592	0.12973	0.000161752	0.129568	2.37847e-08	1.29359e+07	16129	1.29198e+07	2.37166	
593	0.0872037	2.21533e-05	0.0871816	2.29665e-08	8.69544e+06	2209	8.69323e+06	2.29008	
594	0.0241764	1.69484e-06	0.0241746	4.40066e-08	2.41072e+06	169	2.41055e+06	4.38807	
595	20.4931	1.37399	19.1191	5.58711e-07	2.04345e+09	1.37007e+08	1.90645e+09	55.7114	
596	0.0240513	1.69484e-06	0.0240496	2.24731e-08	2.39826e+06	169	2.39809e+06	2.24088	
597	0.0880884	2.21533e-05	0.0880662	2.28393e-08	8.78365e+06	2209	8.78144e+06	2.27739	
598	0.0222894	1.44412e-06	0.0222875	4.55019e-07	2.22257e+06	144	2.22238e+06	45.3718	
599	0.0518436	7.86248e-06	0.0518357	2.15361e-08	5.16953e+06	784	5.16875e+06	2.14746	
600	0.0311794	2.89828e-06	0.031176	5.40657e-07	3.10903e+06	289	3.10869e+06	53.9111	
601	0.0657448	1.22851e-05	0.0657325	2.24361e-08	6.55568e+06	1225	6.55445e+06	2.23719	
602	0.0698208	1.37292e-05	0.0697456	6.14558e-05	6.96211e+06	1369	6.95462e+06	6128	
603	0.0463337	6.77938e-06	0.0463269	2.30718e-08	4.62012e+06	676	4.61945e+06	2.30058	
604	0.0259959	1.96562e-06	0.0259935	4.51338e-07	2.59216e+06	196	2.59192e+06	45.0047	
605	0.0253339	1.96562e-06	0.0253319	2.20583e-08	2.52614e+06	196	2.52595e+06	2.19952	
606	0.0620829	1.37292e-05	0.0620691	8.789e-08	6.19053e+06	1369	6.18916e+06	8.76386	
607	0.0521159	9.63755e-06	0.0521057	5.55826e-07	5.19668e+06	961	5.19567e+06	55.4236	
608	0.205409	0.000125799	0.205284	2.56056e-08	2.04822e+07	12544	2.04697e+07	2.55324	
609	0.0642119	1.44814e-05	0.0641973	9.17889e-08	6.40282e+06	1444	6.40137e+06	9.15264	
610	0.115233	4.50187e-05	0.115186	1.39891e-06	1.14903e+07	4489	1.14857e+07	139.491	
611	0.0422156	5.77651e-06	0.0422098	2.2181e-08	4.20949e+06	576	4.20891e+06	2.21176	
612	0.0556792	1.02693e-05	0.0556667	2.26884e-06	5.552e+06	1024	5.55075e+06	226.235	
613	0.0675212	1.52536e-05	0.067506	2.28786e-08	6.73281e+06	1521	6.73129e+06	2.28132	
614	0.0377334	4.85388e-06	0.0377285	2.19698e-08	3.76255e+06	484	3.76206e+06	2.1907	
615	0.033456	4.01147e-06	0.0334503	1.70716e-06	3.33603e+06	400	3.33546e+06	170.228	
616	0.197822	0.000130332	0.197593	9.8589e-05	1.97257e+07	12996	1.97028e+07	9830.71	
617	0.686815	0.00147109	0.685344	1.96842e-07	6.84851e+07	146689	6.83384e+07	19.6279	
618	0.0201847	1.44412e-06	0.0201815	1.72289e-06	2.0127e+06	144	2.01238e+06	171.796	
619	0.0727097	1.94155e-05	0.0726901	1.92162e-07	7.25018e+06	1936	7.24823e+06	19.1612	
620	0.031915	4.01147e-06	0.031911	5.16835e-08	3.18238e+06	400	3.18197e+06	5.15357	
621	0.0317128	2.89828e-06	0.0317099	4.24034e-08	3.16221e+06	289	3.16192e+06	4.22822	
622	0.122128	5.946e-05	0.122068	2.38421e-08	1.21778e+07	5929	1.21719e+07	2.37739	
623	0.0382341	4.85388e-06	0.0382293	2.29135e-08	3.81248e+06	484	3.81199e+06	2.2848	
624	0.0628272	1.29971e-05	0.0628142	2.1753e-08	6.26476e+06	1296	6.26346e+06	2.16908	
625	0.123678	5.64113e-05	0.123622	2.4497e-08	1.23324e+07	5625	1.23268e+07	2.44269	
626	0.0523006	9.02581e-06	0.0522885	3.05359e-06	5.2151e+06	900	5.2139e+06	304.486	
627	0.0286419	2.56734e-06	0.0285867	5.26888e-05	2.856e+06	256	2.8505e+06	5253.81	
628	0.0295209	2.89828e-06	0.029518	2.23743e-08	2.94364e+06	289	2.94336e+06	2.23103	
629	0.20056	0.0001542	0.200405	2.95578e-07	1.99986e+07	15376	1.99832e+07	29.4733	
630	0.0725948	1.94155e-05	0.0725754	2.34223e-08	7.23872e+06	1936	7.23679e+06	2.33553	
631	0.0358391	4.01147e-06	0.0358314	3.72408e-06	3.57366e+06	400	3.57289e+06	371.343	
632	0.300744	0.000303628	0.300441	2.1141e-08	2.99884e+07	30276	2.99581e+07	2.10805	
633	0.308279	0.000317748	0.30796	4.79936e-07	3.07397e+07	31684	3.0708e+07	47.8563	
634	0.0618954	1.22851e-05	0.061863	2.01601e-05	6.17184e+06	1225	6.16861e+06	2010.24	
635	0.0189321	1.21347e-06	0.0189308	5.11642e-08	1.88779e+06	121	1.88767e+06	5.10179	
636	0.0180589	1.21347e-06	0.0180577	2.21828e-08	1.80073e+06	121	1.80061e+06	2.21194	
637	0.0802068	2.3106e-05	0.0801837	2.17344e-08	7.99774e+06	2304	7.99544e+06	2.16723	
638	0.0207753	1.44412e-06	0.0207738	8.24589e-08	2.07159e+06	144	2.07144e+06	8.22231	
639	2.50797	0.0249722	2.48299	4.21624e-07	2.5008e+08	2.49008e+06	2.47589e+08	42.0419	
640	0.165139	0.000100286	0.165039	2.22966e-08	1.64667e+07	10000	1.64567e+07	2.22328	
641	0.0222367	1.69484e-06	0.0222342	8.65105e-07	2.21732e+06	169	2.21706e+06	86.2632	
642	1.10177	0.00387993	1.09788	1.71687e-06	1.09861e+08	386884	1.09474e+08	171.196	
643	0.0190452	1.44412e-06	0.0190438	2.25042e-08	1.89908e+06	144	1.89893e+06	2.24398	
644	0.0284464	2.89828e-06	0.0284413	2.15311e-06	2.8365e+06	289	2.836e+06	214.695	
645	0.0224481	1.69484e-06	0.0224464	2.45625e-08	2.23839e+06	169	2.23822e+06	2.44922	
646	0.153407	8.48827e-05	0.153322	2.38717e-08	1.52968e+07	8464	1.52883e+07	2.38035	
647	0.0277079	2.56734e-06	0.0277052	1.51578e-07	2.76286e+06	256	2.76259e+06	15.1145	
648	0.203063	0.0001542	0.202909	1.70322e-07	2.02482e+07	15376	2.02328e+07	16.9835	
649	0.0937331	2.71175e-05	0.0937043	1.69433e-06	9.3465e+06	2704	9.34363e+06	168.948	
650	0.0618835	1.15931e-05	0.0618719	2.25206e-08	6.17065e+06	1156	6.1695e+06	2.24562	
651	0.0834804	2.12206e-05	0.0834592	2.20634e-08	8.32417e+06	2116	8.32206e+06	2.20003	
652	0.0199326	1.44412e-06	0.0199312	2.24772e-08	1.98756e+06	144	1.98742e+06	2.2413	
653	0.0190929	1.21347e-06	0.0190917	2.25058e-08	1.90383e+06	121	1.90371e+06	2.24414	
654	0.0283194	2.89828e-06	0.0283165	2.28233e-08	2.82385e+06	289	2.82356e+06	2.2758	
655	0.113324	4.63726e-05	0.113277	6.68132e-08	1.13e+07	4624	1.12953e+07	6.66221	
656	0.607513	0.00113894	0.606373	1.18721e-06	6.05775e+07	113569	6.04639e+07	118.381	
657	0.0217754	1.44412e-06	0.0217739	2.24403e-08	2.17131e+06	144	2.17116e+06	2.23761	
658	0.113642	4.63726e-05	0.113595	2.21952e-08	1.13317e+07	4624	1.1327e+07	2.21317	
659	0.0281565	2.89828e-06	0.0281536	2.23902e-08	2.8076e+06	289	2.80731e+06	2.23262	
660	0.0418598	5.77651e-06	0.0418522	1.85937e-06	4.17401e+06	576	4.17325e+06	185.405	
661	0.0224932	1.69484e-06	0.0224912	2.96574e-07	2.24289e+06	169	2.24269e+06	29.5725	
662	0.217592	0.000166887	0.217425	2.18505e-08	2.1697e+07	16641	2.16803e+07	2.17881	
663	0.021613	1.69484e-06	0.0216112	6.70304e-08	2.15512e+06	169	2.15494e+06	6.68387	
664	0.0678598	1.52536e-05	0.0678445	2.80379e-08	6.76657e+06	1521	6.76505e+06	2.79577	
665	0.0846676	2.60845e-05	0.0846415	2.3428e-08	8.44255e+06	2601	8.43995e+06	2.3361	
666	0.0202835	1.44412e-06	0.0202795	2.60009e-06	2.02255e+06	144	2.02215e+06	259.266	
667	0.0297018	3.24929e-06	0.0296985	2.24901e-08	2.96168e+06	324	2.96136e+06	2.24258	
668	0.297344	0.000321328	0.297022	2.41873e-08	2.96494e+07	32041	2.96173e+07	2.41182	
669	0.0381283	4.85388e-06	0.0381234	2.18097e-08	3.80193e+06	484	3.80144e+06	2.17474	
670	0.043141	6.26792e-06	0.0431347	1.19689e-07	4.30177e+06	625	4.30113e+06	11.9347	
671	0.33095	0.00033953	0.33061	7.3254e-08	3.30004e+07	33856	3.29665e+07	7.30445	
672	0.0221487	1.69484e-06	0.022147	2.27205e-08	2.20854e+06	169	2.20837e+06	2.26555	
673	0.0343828	3.62035e-06	0.0343791	7.61501e-08	3.42845e+06	361	3.42808e+06	7.59324	
674	9.63368	0.318329	9.31531	4.67516e-05	9.60613e+08	3.17419e+07	9.28867e+08	4661.79	
675	0.0258149	2.25645e-06	0.0258127	3.43045e-08	2.57411e+06	225	2.57389e+06	3.42064	
676	0.0496983	7.86248e-06	0.0496905	2.2805e-08	4.95562e+06	784	4.95484e+06	2.27398	
677	0.0449183	7.3109e-06	0.044911	2.23168e-08	4.47898e+06	729	4.47825e+06	2.2253	
678	0.0186506	1.21347e-06	0.0186492	2.38996e-07	1.85973e+06	121	1.85959e+06	23.8313	
679	0.0269368	2.56734e-06	0.0269336	7.00377e-07	2.68598e+06	256	2.68565e+06	69.8374	
680	0.0244476	1.96562e-06	0.0244402	5.47282e-06	2.43777e+06	196	2.43703e+06	545.717	
681	0.0465981	6.77938e-06	0.0465914	2.24509e-08	4.64649e+06	676	4.64581e+06	2.23867	
682	0.0459981	7.3109e-06	0.0459882	2.64624e-06	4.58666e+06	729	4.58567e+06	263.867	
683	2.71924	0.0274356	2.69173	7.38571e-05	2.71146e+08	2.73571e+06	2.68403e+08	7364.59	
684	0.022482	1.69484e-06	0.0224802	9.95562e-08	2.24177e+06	169	2.24159e+06	9.92715	
685	0.0718597	2.0308e-05	0.0718394	2.31833e-08	7.16542e+06	2025	7.16339e+06	2.3117	
686	0.0740399	1.8543e-05	0.0740213	2.74285e-08	7.38282e+06	1849	7.38097e+06	2.73501	
687	0.0317858	3.24929e-06	0.0317819	6.94708e-07	3.16949e+06	324	3.1691e+06	69.2721	
688	0.0627815	1.22851e-05	0.0627692	2.17674e-08	6.2602e+06	1225	6.25897e+06	2.17052	
689	0.0335075	4.42264e-06	0.0335031	2.2116e-08	3.34117e+06	441	3.34073e+06	2.20528	
690	0.109122	3.73167e-05	0.109085	2.09642e-08	1.0881e+07	3721	1.08773e+07	2.09042	
691	0.00426762	2.89828e-06	0.00426471	4.19889e-08	425542	289	425251	4.18688	
692	0.031904	4.01147e-06	0.0319	2.25449e-08	3.18128e+06	400	3.18088e+06	2.24804	
693	0.0383276	4.85388e-06	0.0383227	6.92342e-08	3.8218e+06	484	3.82131e+06	6.90362	
694	0.027885	7.3109e-06	0.0278777	2.2991e-08	2.78053e+06	729	2.7798e+06	2.29253	
695	0.0254116	2.25645e-06	0.0254094	2.23575e-08	2.5339e+06	225	2.53367e+06	2.22935	
696	0.0835629	2.40788e-05	0.0835367	2.13095e-06	8.3324e+06	2401	8.32979e+06	212.486	
697	0.0465417	6.77938e-06	0.0465347	2.31795e-07	4.64086e+06	676	4.64017e+06	23.1133	
698	0.0363381	4.85388e-06	0.0363319	1.35605e-06	3.62342e+06	484	3.6228e+06	135.217	
699	0.036071	5.30517e-06	0.0360657	2.21335e-08	3.59679e+06	529	3.59626e+06	2.20702	
700	0.0239923	1.96562e-06	0.0239729	1.74634e-05	2.39237e+06	196	2.39044e+06	1741.34	
701	0.0817068	2.21533e-05	0.0816845	9.78048e-08	8.14731e+06	2209	8.1451e+06	9.75251	
702	0.0284748	2.56734e-06	0.028471	1.34778e-06	2.83934e+06	256	2.83895e+06	134.392	
703	0.0254891	2.25645e-06	0.0254868	2.22319e-08	2.54162e+06	225	2.54139e+06	2.21683	
704	0.0213022	1.44412e-06	0.0213002	6.33664e-07	2.12413e+06	144	2.12392e+06	63.1852	
705	0.0273216	2.25645e-06	0.0273016	1.78037e-05	2.72435e+06	225	2.72235e+06	1775.28	
706	0.0222197	1.69484e-06	0.0222175	5.194e-07	2.21561e+06	169	2.21539e+06	51.7915	
707	0.054808	1.09212e-05	0.0547971	2.2291e-08	5.46513e+06	1089	5.46404e+06	2.22272	
708	0.0504491	1.09212e-05	0.0504382	2.24886e-08	5.03049e+06	1089	5.0294e+06	2.24243	
709	0.0852103	2.3106e-05	0.0851849	2.32166e-06	8.49666e+06	2304	8.49413e+06	231.502	
710	0.00899409	1.44814e-05	0.00897961	2.23489e-08	896837	1444	895393	2.2285	
711	0.665124	0.00143293	0.663691	2.18911e-08	6.63222e+07	142884	6.61793e+07	2.18285	
712	0.0243611	1.96562e-06	0.0243585	6.64911e-07	2.42914e+06	196	2.42888e+06	66.3009	
713	0.0333774	4.42264e-06	0.033371	2.00082e-06	3.32819e+06	441	3.32756e+06	199.51	
714	0.0234402	1.96562e-06	0.0234381	1.06547e-07	2.33732e+06	196	2.33711e+06	10.6242	
715	0.036287	4.85388e-06	0.036282	1.24836e-07	3.61832e+06	484	3.61783e+06	12.4479	
716	0.336621	0.000459273	0.33616	1.8121e-06	3.35658e+07	45796	3.35198e+07	180.692	
717	0.024272	2.56734e-06	0.0242695	2.27237e-08	2.42026e+06	256	2.42001e+06	2.26588	
718	0.0310298	3.24929e-06	0.0310181	8.39301e-06	3.0941e+06	324	3.09294e+06	836.901	
719	0.0266171	2.89828e-06	0.0266142	2.20735e-08	2.65409e+06	289	2.65381e+06	2.20104	
720	0.0287264	3.62035e-06	0.0287228	2.26967e-08	2.86443e+06	361	2.86407e+06	2.26318	
721	0.02829	3.24929e-06	0.0282867	2.1967e-08	2.82091e+06	324	2.82058e+06	2.19042	
722	0.0882599	3.14499e-05	0.0882284	2.26639e-08	8.80075e+06	3136	8.79761e+06	2.25991	
723	0.0184577	1.21347e-06	0.0184555	9.59195e-07	1.84049e+06	121	1.84027e+06	95.6452	
724	0.0900278	2.71175e-05	0.0899925	8.22351e-06	8.97704e+06	2704	8.97352e+06	819.999	
725	0.0334449	3.62035e-06	0.0334409	3.71121e-07	3.33493e+06	361	3.33453e+06	37.006	
726	0.188662	0.000128056	0.188533	1.04905e-06	1.88122e+07	12769	1.87993e+07	104.605	
727	0.0391274	6.26792e-06	0.0391212	2.20754e-08	3.90155e+06	625	3.90093e+06	2.20123	
728	0.025924	6.26792e-06	0.0259177	2.28365e-08	2.58499e+06	625	2.58436e+06	2.27712	
729	0.0491262	7.86248e-06	0.0491182	1.76301e-07	4.89857e+06	784	4.89777e+06	17.5797	
730	0.0389046	4.85388e-06	0.0388939	5.90261e-06	3.87933e+06	484	3.87826e+06	588.573	
731	0.0207265	1.44412e-06	0.0207246	5.31562e-07	2.06672e+06	144	2.06653e+06	53.0042	
732	0.0763308	2.40788e-05	0.0763067	2.26687e-08	7.61125e+06	2401	7.60885e+06	2.26039	
733	0.0228245	1.69484e-06	0.0228227	1.78719e-07	2.27593e+06	169	2.27574e+06	17.8208	
734	0.329079	0.000354453	0.328724	2.86598e-08	3.28138e+07	35344	3.27784e+07	2.85778	
735	0.0360408	4.42264e-06	0.0360284	8.02937e-06	3.59377e+06	441	3.59253e+06	800.641	
736	0.0228762	1.69484e-06	0.0228745	2.19283e-08	2.28108e+06	169	2.28091e+06	2.18656	
737	0.0296709	2.89828e-06	0.029668	2.26084e-08	2.9586e+06	289	2.95831e+06	2.25438	
738	0.021026	1.44412e-06	0.0210082	1.64248e-05	2.09659e+06	144	2.09481e+06	1637.79	
739	0.0261857	2.25645e-06	0.0261792	4.32422e-06	2.61108e+06	225	2.61043e+06	431.185	
740	0.0310089	3.24929e-06	0.0309981	7.65718e-06	3.09203e+06	324	3.09094e+06	763.528	
741	0.0613725	1.22851e-05	0.0613602	2.33011e-08	6.1197e+06	1225	6.11847e+06	2.32345	
742	0.0192979	1.21347e-06	0.0192967	2.25328e-08	1.92427e+06	121	1.92415e+06	2.24684	
743	0.0114031	1.21347e-06	0.0114019	2.22503e-08	1.13705e+06	121	1.13693e+06	2.21867	
744	0.0556719	1.02693e-05	0.0556616	3.29024e-08	5.55127e+06	1024	5.55025e+06	3.28083	
745	0.0208677	1.44412e-06	0.0208619	4.40964e-06	2.08081e+06	144	2.08023e+06	439.703	
746	0.0365105	4.42264e-06	0.0365061	2.2604e-08	3.64061e+06	441	3.64017e+06	2.25394	
747	0.0806258	2.12206e-05	0.0806045	2.22686e-08	8.03952e+06	2116	8.0374e+06	2.22049	
748	0.179641	0.000106394	0.179534	2.43895e-08	1.79127e+07	10609	1.79021e+07	2.43197	
749	0.0344216	4.01147e-06	0.0344175	3.70577e-08	3.43231e+06	400	3.43191e+06	3.69517	
750	0.0243923	1.96562e-06	0.02439	3.02057e-07	2.43225e+06	196	2.43203e+06	30.1193	
751	0.140628	6.57981e-05	0.140562	6.69225e-07	1.40226e+07	6561	1.4016e+07	66.7312	
752	0.0589554	1.15931e-05	0.0589437	1.86963e-07	5.87869e+06	1156	5.87751e+06	18.6429	
753	0.0310734	3.24929e-06	0.03107	1.29556e-07	3.09845e+06	324	3.09812e+06	12.9185	
754	0.0190882	1.21347e-06	0.019087	7.3841e-08	1.90336e+06	121	1.90324e+06	7.36299	
755	0.0208141	1.44412e-06	0.0208116	1.1146e-06	2.07546e+06	144	2.07521e+06	111.141	
756	0.022304	1.69484e-06	0.0223021	1.8517e-07	2.22402e+06	169	2.22384e+06	18.4641	
757	0.0339667	4.01147e-06	0.0339608	1.90757e-06	3.38696e+06	400	3.38637e+06	190.211	
758	0.0155906	2.25645e-06	0.0155884	2.24475e-08	1.5546e+06	225	1.55438e+06	2.23833	
759	0.01563	2.25645e-06	0.0156277	2.23176e-08	1.55853e+06	225	1.5583e+06	2.22537	
760	0.0322802	9.63755e-06	0.0322706	2.24944e-08	3.21879e+06	961	3.21783e+06	2.243	
761	0.037708	1.29971e-05	0.037695	2.26897e-08	3.76001e+06	1296	3.75872e+06	2.26248	
762	0.0232328	7.3109e-06	0.0232255	2.241e-08	2.31664e+06	729	2.31591e+06	2.23459	
763	0.0143849	1.96562e-06	0.0143829	2.23943e-08	1.43438e+06	196	1.43418e+06	2.23302	
764	0.0303095	8.43411e-06	0.0303011	2.25722e-08	3.02228e+06	841	3.02144e+06	2.25076	
765	0.0198302	3.62035e-06	0.0198266	2.23375e-08	1.97735e+06	361	1.97699e+06	2.22736	
766	0.0114571	2.89828e-06	0.0114542	2.26429e-08	1.14243e+06	289	1.14214e+06	2.25782	
767	0.00877229	1.69484e-06	0.0087706	2.22814e-08	874721	169	874552	2.22176	
768	0.019017	3.24929e-06	0.0190138	2.22887e-08	1.89626e+06	324	1.89594e+06	2.22249	
769	0.0126289	1.44412e-06	0.0126274	2.25377e-08	1.25928e+06	144	1.25913e+06	2.24733	
770	0.0240171	6.26792e-06	0.0240108	2.2045e-08	2.39484e+06	625	2.39422e+06	2.1982	
771	0.0264695	6.26792e-06	0.0264633	2.23898e-08	2.63938e+06	625	2.63876e+06	2.23258	
772	0.015364	2.56734e-06	0.0153615	2.25381e-08	1.53201e+06	256	1.53175e+06	2.24737	
773	0.0115827	1.44412e-06	0.0115812	2.25183e-08	1.15496e+06	144	1.15481e+06	2.24539	
774	0.0228947	4.85388e-06	0.0228898	2.24798e-08	2.28292e+06	484	2.28244e+06	2.24155	
775	0.0360268	1.37292e-05	0.0360131	2.29482e-08	3.59238e+06	1369	3.59101e+06	2.28826	
776	0.0285834	7.3109e-06	0.0285761	2.25485e-08	2.85017e+06	729	2.84944e+06	2.2484	
777	0.0125687	1.69484e-06	0.012567	2.21993e-08	1.25328e+06	169	1.25311e+06	2.21358	
778	0.0381453	1.29971e-05	0.0381323	2.24546e-08	3.80362e+06	1296	3.80232e+06	2.23904	
779	0.0148627	1.96562e-06	0.0148607	2.2449e-08	1.48202e+06	196	1.48182e+06	2.23848	
780	0.0122507	1.44412e-06	0.0122493	2.23151e-08	1.22157e+06	144	1.22142e+06	2.22513	
781	0.017952	2.89828e-06	0.0179491	2.24062e-08	1.79007e+06	289	1.78978e+06	2.23421	
782	0.0303838	9.02581e-06	0.0303747	2.2199e-08	3.02969e+06	900	3.02879e+06	2.21355	
783	0.0117547	1.21347e-06	0.0117535	2.24629e-08	1.17211e+06	121	1.17199e+06	2.23987	
784	0.0718524	0.000121347	0.0717311	2.19468e-08	7.16469e+06	12100	7.15259e+06	2.1884	
785	0.0173318	3.24929e-06	0.0173285	2.22317e-08	1.72822e+06	324	1.7279e+06	2.21681	
786	0.0870003	7.5907e-05	0.0869244	2.08563e-08	8.67515e+06	7569	8.66758e+06	2.07967	
787	0.0127663	1.44412e-06	0.0127649	2.24674e-08	1.27298e+06	144	1.27284e+06	2.24031	
788	0.0510538	2.3106e-05	0.0510307	2.28352e-08	5.09078e+06	2304	5.08848e+06	2.27699	
789	0.0112031	1.21347e-06	0.0112019	2.23732e-08	1.11711e+06	121	1.11699e+06	2.23092	
790	0.0128015	1.44412e-06	0.0128	2.23884e-08	1.27649e+06	144	1.27634e+06	2.23244	
791	0.0154751	2.56734e-06	0.0154725	2.26247e-08	1.54308e+06	256	1.54283e+06	2.256	
792	0.012732	1.44412e-06	0.0127306	2.23378e-08	1.26956e+06	144	1.26942e+06	2.22739	
793	0.0238366	5.30517e-06	0.0238313	2.29047e-08	2.37685e+06	529	2.37632e+06	2.28392	
794	0.0221755	4.42264e-06	0.0221711	2.27845e-08	2.21121e+06	441	2.21077e+06	2.27194	
795	0.0140242	1.96562e-06	0.0140222	2.23492e-08	1.39841e+06	196	1.39821e+06	2.22853	
796	0.0124558	1.44412e-06	0.0124544	2.23792e-08	1.24202e+06	144	1.24188e+06	2.23152	
797	0.0235826	4.85388e-06	0.0235777	2.20668e-08	2.35151e+06	484	2.35103e+06	2.20037	
798	0.0369736	1.22851e-05	0.0369613	2.21109e-08	3.68679e+06	1225	3.68556e+06	2.20477	
799	0.0153051	2.25645e-06	0.0153028	2.26309e-08	1.52613e+06	225	1.52591e+06	2.25662	
800	0.0118324	1.21347e-06	0.0118311	2.2405e-08	1.17985e+06	121	1.17973e+06	2.23409	
801	0.0115056	1.21347e-06	0.0115044	2.24832e-08	1.14727e+06	121	1.14715e+06	2.24189	
802	0.0120502	1.44412e-06	0.0120487	2.25706e-08	1.20157e+06	144	1.20143e+06	2.25061	
803	0.0370486	1.29971e-05	0.0370356	2.24821e-08	3.69427e+06	1296	3.69297e+06	2.24178	
804	0.0147095	4.42264e-06	0.0147051	2.2303e-08	1.46675e+06	441	1.4663e+06	2.22392	
805	0.0123232	1.44412e-06	0.0123217	2.2655e-08	1.22879e+06	144	1.22865e+06	2.25902	
806	0.0360299	1.15931e-05	0.0360183	2.29457e-08	3.59269e+06	1156	3.59153e+06	2.28801	
807	0.0204186	3.62035e-06	0.020415	2.23052e-08	2.03602e+06	361	2.03566e+06	2.22414	
808	0.0121817	3.62035e-06	0.0121781	2.22898e-08	1.21469e+06	361	1.21433e+06	2.2226	
809	0.0120233	1.44412e-06	0.0120219	2.24937e-08	1.1989e+06	144	1.19875e+06	2.24294	
810	0.0184501	2.89828e-06	0.0184472	2.23881e-08	1.83973e+06	289	1.83944e+06	2.23241	
811	0.0110276	1.21347e-06	0.0110264	2.25749e-08	1.09961e+06	121	1.09949e+06	2.25103	
812	0.0185844	8.43411e-06	0.018576	2.2445e-08	1.85313e+06	841	1.85229e+06	2.23808	
813	0.0165065	2.56734e-06	0.0165039	2.22696e-08	1.64592e+06	256	1.64567e+06	2.22059	
814	0.0377633	1.22851e-05	0.037751	2.28849e-08	3.76553e+06	1225	3.7643e+06	2.28194	
815	0.0159084	2.56734e-06	0.0159058	2.24361e-08	1.58629e+06	256	1.58603e+06	2.23719	
816	0.0282432	6.77938e-06	0.0282365	2.19628e-08	2.81625e+06	676	2.81557e+06	2.19	
817	0.0162795	2.56734e-06	0.0162769	2.24919e-08	1.62329e+06	256	1.62304e+06	2.24276	
818	0.0403319	1.52536e-05	0.0403166	2.20857e-08	4.02165e+06	1521	4.02013e+06	2.20225	
819	0.128394	0.000142016	0.128252	2.28168e-08	1.28027e+07	14161	1.27885e+07	2.27515	
820	0.0122898	1.44412e-06	0.0122883	2.23995e-08	1.22546e+06	144	1.22532e+06	2.23354	
821	0.0576463	2.81705e-05	0.0576181	2.21148e-08	5.74814e+06	2809	5.74533e+06	2.20515	
822	0.0168767	2.56734e-06	0.0168741	2.2355e-08	1.68284e+06	256	1.68259e+06	2.22911	
823	0.011976	1.21347e-06	0.0119748	2.22796e-08	1.19418e+06	121	1.19406e+06	2.22159	
824	0.0119062	1.44412e-06	0.0119047	2.23557e-08	1.18721e+06	144	1.18707e+06	2.22917	
825	0.0344318	1.15931e-05	0.0344203	2.25745e-08	3.43334e+06	1156	3.43218e+06	2.25099	
826	0.0200043	4.01147e-06	0.0200003	2.27676e-08	1.99471e+06	400	1.99431e+06	2.27025	
827	0.0499079	2.21533e-05	0.0498857	2.3242e-08	4.97652e+06	2209	4.97431e+06	2.31755	
828	0.00767103	1.44412e-06	0.00766959	2.23196e-08	764910	144	764766	2.22558	
829	0.0438481	4.50187e-05	0.0438031	2.26532e-08	4.37227e+06	4489	4.36778e+06	2.25884	
830	0.01255	1.44412e-06	0.0125485	2.24767e-08	1.25141e+06	144	1.25126e+06	2.24124	
831	0.0146184	1.96562e-06	0.0146165	2.22399e-08	1.45766e+06	196	1.45747e+06	2.21763	
832	0.0220872	4.85388e-06	0.0220824	2.29963e-08	2.20241e+06	484	2.20192e+06	2.29305	
833	0.0380902	1.22851e-05	0.0380779	2.18091e-08	3.79813e+06	1225	3.7969e+06	2.17468	
834	0.0174855	2.56734e-06	0.0174829	2.24677e-08	1.74355e+06	256	1.74329e+06	2.24034	
835	0.0335643	1.02693e-05	0.0335541	2.2597e-08	3.34683e+06	1024	3.34581e+06	2.25324	
836	0.0290893	8.43411e-06	0.0290809	2.27014e-08	2.90062e+06	841	2.89977e+06	2.26364	
837	0.0239407	5.30517e-06	0.0239354	2.27262e-08	2.38722e+06	529	2.3867e+06	2.26612	
838	0.0168587	6.77938e-06	0.016852	2.26483e-08	1.68105e+06	676	1.68038e+06	2.25835	
839	0.0302245	9.02581e-06	0.0302155	2.17109e-08	3.01381e+06	900	3.01291e+06	2.16488	
840	0.0416261	1.44814e-05	0.0416116	2.25129e-08	4.1507e+06	1444	4.14926e+06	2.24486	
841	0.0127336	1.44412e-06	0.0127322	2.2312e-08	1.26972e+06	144	1.26958e+06	2.22482	
842	0.0117139	1.21347e-06	0.0117127	2.2397e-08	1.16804e+06	121	1.16792e+06	2.23329	
843	0.0372129	1.15931e-05	0.0372013	2.24684e-08	3.71064e+06	1156	3.70949e+06	2.24042	
844	0.0210363	4.42264e-06	0.0210319	2.26851e-08	2.09762e+06	441	2.09717e+06	2.26203	
845	0.0313862	9.63755e-06	0.0313766	2.26938e-08	3.12965e+06	961	3.12869e+06	2.26289	
846	0.0827777	6.57981e-05	0.0827119	2.22934e-08	8.25409e+06	6561	8.24753e+06	2.22297	
847	0.0175254	2.56734e-06	0.0175228	2.25743e-08	1.74752e+06	256	1.74727e+06	2.25097	
848	0.0273933	6.26792e-06	0.027387	2.23702e-08	2.73149e+06	625	2.73087e+06	2.23062	
849	0.0209483	3.62035e-06	0.0209447	2.21449e-08	2.08884e+06	361	2.08848e+06	2.20816	
850	0.0174793	2.56734e-06	0.0174767	2.23035e-08	1.74293e+06	256	1.74267e+06	2.22397	
851	0.037325	1.15931e-05	0.0373134	2.23798e-08	3.72182e+06	1156	3.72067e+06	2.23158	
852	0.0141041	1.69484e-06	0.0141025	2.22012e-08	1.40638e+06	169	1.40621e+06	2.21377	
853	0.00936376	1.69484e-06	0.00936206	2.2554e-08	933698	169	933529	2.24895	
854	0.0478551	2.21533e-05	0.047833	2.1774e-08	4.77183e+06	2209	4.76962e+06	2.17118	
855	0.0384865	1.22851e-05	0.0384743	2.18343e-08	3.83765e+06	1225	3.83642e+06	2.17718	
856	0.418977	0.00145577	0.417521	2.88451e-08	4.17778e+07	145161	4.16327e+07	2.87626	
857	0.007217	1.21347e-06	0.00721579	2.23913e-08	719636	121	719515	2.23272	
858	0.0452388	1.68582e-05	0.0452219	2.3005e-08	4.51094e+06	1681	4.50926e+06	2.29392	
859	0.045367	1.68582e-05	0.0453502	2.2602e-08	4.52373e+06	1681	4.52205e+06	2.25373	
860	0.0131025	1.69484e-06	0.0131009	2.24503e-08	1.30651e+06	169	1.30634e+06	2.23861	
861	0.0154688	1.96562e-06	0.0154669	2.21538e-08	1.54246e+06	196	1.54226e+06	2.20904	
862	0.0242864	4.85388e-06	0.0242815	2.29518e-08	2.42169e+06	484	2.42121e+06	2.28862	
863	0.0234222	5.30517e-06	0.0234169	2.23451e-08	2.33552e+06	529	2.33499e+06	2.22812	
864	0.0666372	3.61032e-05	0.0666011	2.18823e-08	6.64466e+06	3600	6.64106e+06	2.18198	
865	0.0232056	4.42264e-06	0.0232012	2.23389e-08	2.31392e+06	441	2.31348e+06	2.22751	
866	0.0478556	2.21533e-05	0.0478335	2.30638e-08	4.77188e+06	2209	4.76967e+06	2.29978	
867	0.016663	2.25645e-06	0.0166608	2.2603e-08	1.66154e+06	225	1.66131e+06	2.25384	
868	0.0173626	2.56734e-06	0.01736	2.25152e-08	1.73129e+06	256	1.73103e+06	2.24508	
869	0.0101531	2.56734e-06	0.0101505	2.23764e-08	1.01241e+06	256	1.01215e+06	2.23124	
870	0.0122172	1.21347e-06	0.0122159	2.23179e-08	1.21822e+06	121	1.2181e+06	2.22541	
871	0.0133474	1.69484e-06	0.0133457	2.23885e-08	1.33093e+06	169	1.33076e+06	2.23244	
872	0.0153543	2.25645e-06	0.0153521	2.23907e-08	1.53104e+06	225	1.53082e+06	2.23267	
873	0.0342694	1.15931e-05	0.0342578	2.2279e-08	3.41714e+06	1156	3.41598e+06	2.22153	
874	0.0140777	1.96562e-06	0.0140757	2.20612e-08	1.40375e+06	196	1.40355e+06	2.19981	
875	0.0153312	1.96562e-06	0.0153293	2.25436e-08	1.52874e+06	196	1.52854e+06	2.24791	
876	0.0112887	1.21347e-06	0.0112875	2.2724e-08	1.12564e+06	121	1.12552e+06	2.2659	
877	0.095648	7.5907e-05	0.0955721	2.23497e-08	9.53745e+06	7569	9.52988e+06	2.22858	
878	0.0133608	1.69484e-06	0.0133591	2.24049e-08	1.33226e+06	169	1.33209e+06	2.23408	
879	0.0142457	1.96562e-06	0.0142438	2.24418e-08	1.4205e+06	196	1.4203e+06	2.23776	
880	0.011257	1.21347e-06	0.0112558	2.2443e-08	1.12248e+06	121	1.12236e+06	2.23788	
881	0.0191634	7.3109e-06	0.019156	2.2635e-08	1.91086e+06	729	1.91013e+06	2.25702	
882	0.00963446	1.69484e-06	0.00963276	2.23689e-08	960690	169	960521	2.23049	
883	0.0186766	2.89828e-06	0.0186737	2.20155e-08	1.86232e+06	289	1.86203e+06	2.19526	
884	0.0422844	1.76905e-05	0.0422667	2.26263e-08	4.21635e+06	1764	4.21458e+06	2.25616	
885	0.0266069	6.77938e-06	0.0266001	2.19557e-08	2.65308e+06	676	2.6524e+06	2.18929	
886	0.147961	0.000210852	0.14775	2.17066e-08	1.47538e+07	21025	1.47328e+07	2.16445	
887	0.0253358	6.26792e-06	0.0253295	2.23058e-08	2.52634e+06	625	2.52571e+06	2.2242	
888	0.0224466	4.85388e-06	0.0224417	2.23479e-08	2.23824e+06	484	2.23775e+06	2.2284	
889	0.042724	1.8543e-05	0.0427054	2.25274e-08	4.26018e+06	1849	4.25833e+06	2.2463	
890	0.0216922	4.85388e-06	0.0216874	2.22939e-08	2.16302e+06	484	2.16253e+06	2.22302	
891	0.0134621	1.69484e-06	0.0134604	2.23786e-08	1.34236e+06	169	1.3422e+06	2.23146	
892	0.199162	0.000354453	0.198808	2.23685e-08	1.98593e+07	35344	1.98239e+07	2.23045	
893	0.0101888	1.96562e-06	0.0101868	2.26329e-08	1.01596e+06	196	1.01577e+06	2.25682	
894	0.0570639	2.81705e-05	0.0570357	2.18468e-08	5.69007e+06	2809	5.68726e+06	2.17843	
895	0.0117544	1.21347e-06	0.0117532	2.23869e-08	1.17208e+06	121	1.17196e+06	2.23229	
896	0.0559763	5.79256e-05	0.0559184	2.27297e-08	5.58163e+06	5776	5.57585e+06	2.26647	
897	0.0087665	1.44412e-06	0.00876505	2.23698e-08	874143	144	873999	2.23058	
898	0.0416963	1.52536e-05	0.041681	2.21992e-08	4.1577e+06	1521	4.15618e+06	2.21357	
899	0.00843629	1.21347e-06	0.00843508	2.2394e-08	841217	121	841096	2.233	
900	0.0208054	4.01147e-06	0.0208014	2.2479e-08	2.07459e+06	400	2.07419e+06	2.24147	
901	0.0123535	2.56734e-06	0.012351	2.23065e-08	1.23182e+06	256	1.23157e+06	2.22427	
902	0.0119634	1.21347e-06	0.0119622	2.24432e-08	1.19292e+06	121	1.1928e+06	2.2379	
903	0.0104694	1.96562e-06	0.0104675	2.2278e-08	1.04395e+06	196	1.04375e+06	2.22143	
904	0.0274385	1.76905e-05	0.0274208	2.20801e-08	2.73601e+06	1764	2.73424e+06	2.20169	
905	0.0152135	4.42264e-06	0.015209	2.25679e-08	1.517e+06	441	1.51655e+06	2.25034	
906	0.0110911	1.21347e-06	0.0110899	2.23261e-08	1.10594e+06	121	1.10582e+06	2.22622	
907	0.0128326	1.44412e-06	0.0128312	2.23871e-08	1.27959e+06	144	1.27945e+06	2.23231	
908	0.0126619	1.44412e-06	0.0126605	2.22252e-08	1.26257e+06	144	1.26243e+06	2.21616	
909	0.0313076	9.02581e-06	0.0312985	2.19965e-08	3.1218e+06	900	3.1209e+06	2.19336	
910	0.0359454	2.3106e-05	0.0359223	2.22672e-08	3.58426e+06	2304	3.58195e+06	2.22035	
911	0.0113734	1.21347e-06	0.0113722	2.25324e-08	1.13409e+06	121	1.13397e+06	2.2468	
912	0.0123271	1.69484e-06	0.0123254	2.22649e-08	1.22919e+06	169	1.22902e+06	2.22012	
913	0.0482141	2.60845e-05	0.048188	2.27376e-08	4.80763e+06	2601	4.80502e+06	2.26726	
914	0.0148143	1.96562e-06	0.0148123	2.24599e-08	1.47719e+06	196	1.477e+06	2.23957	
915	0.0546668	2.71175e-05	0.0546397	2.33944e-08	5.45105e+06	2704	5.44834e+06	2.33275	
916	0.0169586	3.24929e-06	0.0169553	2.25498e-08	1.69101e+06	324	1.69068e+06	2.24853	
917	0.0210951	4.01147e-06	0.0210911	2.25861e-08	2.10348e+06	400	2.10308e+06	2.25215	
918	0.0338667	1.29971e-05	0.0338537	2.27393e-08	3.37698e+06	1296	3.37569e+06	2.26743	
919	0.0176555	3.24929e-06	0.0176523	2.23577e-08	1.7605e+06	324	1.76018e+06	2.22938	
920	0.0110043	1.21347e-06	0.0110031	2.23342e-08	1.09728e+06	121	1.09716e+06	2.22703	
921	0.120618	0.000166887	0.120451	2.08953e-08	1.20273e+07	16641	1.20107e+07	2.08355	
922	0.0318703	2.50716e-05	0.0318453	2.19201e-08	3.17792e+06	2500	3.17542e+06	2.18574	
923	0.0243002	6.77938e-06	0.0242934	2.22714e-08	2.42307e+06	676	2.4224e+06	2.22077	
924	0.0271202	7.3109e-06	0.0271129	2.23396e-08	2.70426e+06	729	2.70353e+06	2.22757	
925	0.0158012	2.25645e-06	0.0157989	2.24701e-08	1.5756e+06	225	1.57538e+06	2.24059	
926	0.0119548	1.44412e-06	0.0119534	2.24404e-08	1.19207e+06	144	1.19192e+06	2.23762	
927	0.0083262	1.69484e-06	0.00832451	2.25875e-08	830239	169	830070	2.25229	
928	0.011148	1.44412e-06	0.0111465	2.24828e-08	1.11161e+06	144	1.11147e+06	2.24185	
929	0.0109888	1.21347e-06	0.0109876	2.24246e-08	1.09574e+06	121	1.09562e+06	2.23605	
930	0.0138359	2.25645e-06	0.0138336	2.26333e-08	1.37963e+06	225	1.37941e+06	2.25685	
931	0.0129676	1.96562e-06	0.0129656	2.23427e-08	1.29305e+06	196	1.29285e+06	2.22788	
932	0.0130066	1.69484e-06	0.0130049	2.2433e-08	1.29694e+06	169	1.29677e+06	2.23688	
933	0.0267221	6.77938e-06	0.0267153	2.25201e-08	2.66457e+06	676	2.66389e+06	2.24557	
934	0.0127394	1.96562e-06	0.0127374	2.23734e-08	1.27029e+06	196	1.2701e+06	2.23094	
935	0.0191319	3.62035e-06	0.0191283	2.24375e-08	1.90772e+06	361	1.90736e+06	2.23733	
936	0.0195183	4.42264e-06	0.0195139	2.24405e-08	1.94625e+06	441	1.94581e+06	2.23764	
937	0.0194129	3.62035e-06	0.0194092	2.23662e-08	1.93574e+06	361	1.93537e+06	2.23022	
938	0.0110225	1.21347e-06	0.0110212	2.23285e-08	1.09909e+06	121	1.09897e+06	2.22646	
939	0.0659109	4.10774e-05	0.0658698	2.23084e-08	6.57224e+06	4096	6.56814e+06	2.22446	
940	0.0209238	4.42264e-06	0.0209193	2.24495e-08	2.08639e+06	441	2.08595e+06	2.23853	
941	0.0533969	2.71175e-05	0.0533698	2.2311e-08	5.32442e+06	2704	5.32172e+06	2.22472	
942	0.0118828	1.44412e-06	0.0118814	2.23012e-08	1.18488e+06	144	1.18474e+06	2.22374	
943	0.0219179	4.85388e-06	0.021913	2.26723e-08	2.18552e+06	484	2.18504e+06	2.26074	
944	0.0111609	2.25645e-06	0.0111586	2.23142e-08	1.1129e+06	225	1.11267e+06	2.22504	
945	0.016821	2.89828e-06	0.0168181	2.22059e-08	1.67729e+06	289	1.677e+06	2.21424	
946	0.0196571	3.62035e-06	0.0196535	2.24509e-08	1.96009e+06	361	1.95973e+06	2.23867	
947	0.0128836	1.69484e-06	0.0128819	2.24915e-08	1.28468e+06	169	1.28451e+06	2.24272	
948	0.0208625	4.01147e-06	0.0208585	2.21154e-08	2.08029e+06	400	2.07989e+06	2.20522	
949	0.00763812	1.44412e-06	0.00763668	2.24576e-08	761628	144	761484	2.23933	
950	0.0177727	2.89828e-06	0.0177698	2.24896e-08	1.77219e+06	289	1.7719e+06	2.24253	
951	0.0152184	2.25645e-06	0.0152161	2.25566e-08	1.51748e+06	225	1.51726e+06	2.24921	
952	0.0108121	2.89828e-06	0.0108092	2.2243e-08	1.07812e+06	289	1.07783e+06	2.21794	
953	0.0306926	9.02581e-06	0.0306836	2.22572e-08	3.06048e+06	900	3.05958e+06	2.21935	
954	0.0700328	4.63726e-05	0.0699864	2.24098e-08	6.98325e+06	4624	6.97863e+06	2.23457	
955	0.0144548	1.96562e-06	0.0144529	2.23402e-08	1.44135e+06	196	1.44115e+06	2.22764	
956	0.0278067	7.3109e-06	0.0277994	2.19831e-08	2.77272e+06	729	2.77199e+06	2.19202	
957	0.0113127	1.21347e-06	0.0113115	2.23832e-08	1.12803e+06	121	1.12791e+06	2.23192	
958	0.0113019	1.21347e-06	0.0113007	2.22782e-08	1.12696e+06	121	1.12684e+06	2.22145	
959	0.0143177	1.96562e-06	0.0143158	2.23126e-08	1.42768e+06	196	1.42748e+06	2.22488	
960	0.0307285	9.02581e-06	0.0307195	2.23781e-08	3.06406e+06	900	3.06316e+06	2.23142	
961	0.00493365	1.21347e-06	0.00493244	2.23643e-08	491954	121	491833	2.23004	
962	0.00863369	4.01147e-06	0.00862967	2.25533e-08	860900	400	860500	2.24888	
963	0.00516828	1.44412e-06	0.00516684	2.23601e-08	515350	144	515206	2.22962	
964	0.0146389	1.15931e-05	0.0146273	2.24474e-08	1.45971e+06	1156	1.45855e+06	2.23832	
965	0.0228181	3.14499e-05	0.0227866	2.28197e-08	2.27528e+06	3136	2.27214e+06	2.27545	
966	0.00740998	3.24929e-06	0.00740673	2.23831e-08	738879	324	738555	2.23191	
967	0.00516087	1.44412e-06	0.00515942	2.23998e-08	514611	144	514467	2.23357	
968	0.00724356	2.89828e-06	0.00724066	2.24176e-08	722284	289	721995	2.23535	
969	0.00693123	2.56734e-06	0.00692866	2.24863e-08	691141	256	690885	2.2422	
970	0.0184286	2.50716e-05	0.0184035	2.27069e-08	1.83759e+06	2500	1.83509e+06	2.2642	
971	0.00497871	1.44412e-06	0.00497726	2.25123e-08	496447	144	496303	2.24479	
972	0.00629333	2.25645e-06	0.00629107	2.25149e-08	627533	225	627308	2.24505	
973	0.006142	1.69484e-06	0.00614031	2.24215e-08	612444	169	612275	2.23574	
974	0.00656229	1.96562e-06	0.00656032	2.25406e-08	654352	196	654156	2.24761	
975	0.0417366	0.000104338	0.0416323	2.28281e-08	4.16173e+06	10404	4.15133e+06	2.27628	
976	0.00953619	4.01147e-06	0.00953218	2.24705e-08	950892	400	950492	2.24063	
977	0.00962386	4.42264e-06	0.00961944	2.24947e-08	959634	441	959193	2.24304	
978	0.00546862	1.69484e-06	0.00546692	2.24829e-08	545298	169	545129	2.24186	
979	0.0130348	7.86248e-06	0.0130269	2.21903e-08	1.29975e+06	784	1.29897e+06	2.21269	
980	0.00565049	1.69484e-06	0.0056488	2.24548e-08	563434	169	563265	2.23905	
981	0.0173495	1.68582e-05	0.0173327	2.24297e-08	1.72999e+06	1681	1.72831e+06	2.23656	
982	0.0199495	2.0308e-05	0.0199292	2.23857e-08	1.98924e+06	2025	1.98722e+06	2.23217	
983	0.01497	1.22851e-05	0.0149578	2.2428e-08	1.49272e+06	1225	1.4915e+06	2.23638	
984	0.00496673	1.44412e-06	0.00496529	2.249e-08	495253	144	495109	2.24257	
985	0.00492695	1.44412e-06	0.00492551	2.24224e-08	491286	144	491142	2.23583	
986	0.00852292	3.62035e-06	0.0085193	2.23524e-08	849855	361	849494	2.22885	
987	0.00408501	1.21347e-06	0.0040838	2.24517e-08	407333	121	407212	2.23875	
988	0.024151	3.25831e-05	0.0241185	2.25616e-08	2.4082e+06	3249	2.40495e+06	2.24971	
989	0.0232528	3.98038e-05	0.023213	2.21422e-08	2.31863e+06	3969	2.31466e+06	2.20789	
990	0.00949614	3.62035e-06	0.00949252	2.26193e-08	946899	361	946538	2.25546	
991	0.00604345	1.96562e-06	0.00604148	2.2453e-08	602617	196	602421	2.23888	
992	0.00578525	1.69484e-06	0.00578355	2.23329e-08	576870	169	576701	2.2269	
993	0.0170146	6.77938e-06	0.0170078	2.2422e-08	1.6966e+06	676	1.69592e+06	2.23579	
994	0.036471	7.7662e-05	0.0363933	2.32958e-08	3.63667e+06	7744	3.62893e+06	2.32291	
995	0.00650878	1.60458e-05	0.00649274	2.22584e-08	649017	1600	647417	2.21947	
996	0.00407186	1.21347e-06	0.00407065	2.23983e-08	406022	121	405901	2.23342	
997	0.00538397	1.69484e-06	0.00538228	2.24363e-08	536858	169	536689	2.23722	
998	0.0420769	0.000104338	0.0419725	2.23487e-08	4.19565e+06	10404	4.18525e+06	2.22848	
999	0.00593996	1.29971e-05	0.00592697	2.23268e-08	592298	1296	591002	2.2263	
1000	0.00804461	2.3106e-05	0.00802151	2.23486e-08	802161	2304	799857	2.22847	
1001	0.00508114	1.44412e-06	0.00507969	2.23882e-08	506661	144	506517	2.23241	
1002	0.0305154	5.64113e-05	0.030459	2.22326e-08	3.04282e+06	5625	3.03719e+06	2.21691	
1003	0.068838	0.00149423	0.0673437	2.30773e-08	6.86411e+06	148996	6.71512e+06	2.30113	
1004	0.00445668	1.21347e-06	0.00445547	2.23174e-08	444394	121	444273	2.22536	
1005	0.00565665	1.96562e-06	0.00565468	2.24501e-08	564047	196	563851	2.23859	
1006	0.00602719	2.25645e-06	0.00602493	2.23511e-08	600995	225	600770	2.22872	
1007	0.00482178	1.69484e-06	0.00482008	2.23842e-08	480799	169	480630	2.23202	
1008	0.0143615	6.74328e-05	0.0142941	2.22311e-08	1.43204e+06	6724	1.42532e+06	2.21675	
1009	0.00232562	1.69484e-06	0.00232392	2.24071e-08	231896	169	231727	2.2343	
1010	0.0053309	8.43411e-06	0.00532247	2.23718e-08	531566	841	530725	2.23079	
1011	0.00320903	3.24929e-06	0.00320578	2.24087e-08	319985	324	319661	2.23446	
1012	0.00725524	1.21347e-06	0.00725403	2.24802e-08	723450	121	723329	2.24159	
1013	0.00809855	2.12206e-05	0.00807733	2.21872e-08	807539	2116	805423	2.21237	
1014	0.0121604	4.10774e-05	0.0121194	2.2283e-08	1.21257e+06	4096	1.20847e+06	2.22193	
1015	0.00324238	3.24929e-06	0.00323913	2.24416e-08	323311	324	322987	2.23775	
1016	0.00278993	2.25645e-06	0.00278768	2.2426e-08	278196	225	277971	2.23619	
1017	0.00247699	1.96562e-06	0.00247503	2.23532e-08	246991	196	246795	2.22893	
1018	0.0460994	0.000621788	0.0454777	2.19826e-08	4.59676e+06	62001	4.53476e+06	2.19198	
1019	0.00348602	3.62035e-06	0.0034824	2.24015e-08	347606	361	347245	2.23375	
1020	0.00208145	1.44412e-06	0.00208	2.23637e-08	207550	144	207406	2.22997	
1021	0.00628602	1.21347e-06	0.00628481	2.23817e-08	626804	121	626683	2.23177	
1022	0.00796755	2.25645e-06	0.00796529	2.23081e-08	794476	225	794251	2.22443	
1023	0.00331342	2.89828e-06	0.00331052	2.24682e-08	330394	289	330105	2.24039	
1024	0.00631259	1.21347e-06	0.00631138	2.25373e-08	629454	121	629333	2.24729	
1025	0.0336019	0.000289828	0.0333121	2.23246e-08	3.35058e+06	28900	3.32168e+06	2.22607	
1026	0.012344	5.30517e-06	0.0123387	2.23351e-08	1.23087e+06	529	1.23034e+06	2.22713	
1027	0.019393	0.00011915	0.0192738	2.20297e-08	1.93375e+06	11881	1.92187e+06	2.19667	
1028	0.0030971	2.89828e-06	0.0030942	2.2437e-08	308824	289	308535	2.23729	
1029	0.0193507	1.22851e-05	0.0193384	2.25945e-08	1.92954e+06	1225	1.92831e+06	2.25299	
1030	0.00977634	3.03367e-05	0.009746	2.23265e-08	974838	3025	971813	2.22627	
1031	0.018392	1.02693e-05	0.0183817	2.27308e-08	1.83394e+06	1024	1.83292e+06	2.26658	
1032	0.0187675	0.000110566	0.018657	2.1905e-08	1.87139e+06	11025	1.86036e+06	2.18424	
1033	0.00583649	9.63755e-06	0.00582685	2.24391e-08	581980	961	581019	2.2375	
1034	0.0117812	3.85502e-05	0.0117427	2.21769e-08	1.17475e+06	3844	1.17091e+06	2.21135	
1035	0.0441341	5.4917e-05	0.0440792	2.30525e-08	4.40079e+06	5476	4.39532e+06	2.29866	
1036	0.00210236	1.21347e-06	0.00210115	2.24322e-08	209635	121	209514	2.23681	
1037	0.00210537	1.21347e-06	0.00210416	2.23723e-08	209935	121	209814	2.23083	
1038	0.00513989	6.77938e-06	0.00513312	2.23163e-08	512520	676	511844	2.22525	
1039	0.0168995	8.43411e-06	0.0168911	2.22993e-08	1.68512e+06	841	1.68428e+06	2.22355	
1040	0.00789961	1.68582e-05	0.00788276	2.22366e-08	787702	1681	786021	2.2173	
1041	0.00205475	1.21347e-06	0.00205354	2.23624e-08	204888	121	204767	2.22984	
1042	0.00236455	1.44412e-06	0.00236311	2.24097e-08	235779	144	235635	2.23456	
1043	0.0159585	6.77938e-06	0.0159517	2.25942e-08	1.59129e+06	676	1.59061e+06	2.25296	
1044	0.0399917	4.50187e-05	0.0399467	2.28086e-08	3.98774e+06	4489	3.98325e+06	2.27434	
1045	0.00338646	2.89828e-06	0.00338356	2.23646e-08	337677	289	337388	2.23006	
1046	0.100021	0.00229139	0.0977303	2.31785e-08	9.97356e+06	228484	9.74508e+06	2.31122	
1047	0.00740926	1.37292e-05	0.00739553	2.23787e-08	738807	1369	737438	2.23147	
1048	0.0166087	7.3109e-06	0.0166014	2.26765e-08	1.65612e+06	729	1.65539e+06	2.26117	
1049	0.00365565	3.24929e-06	0.0036524	2.24611e-08	364520	324	364196	2.23968	
1050	0.0273854	1.76905e-05	0.0273677	2.27512e-08	2.73071e+06	1764	2.72894e+06	2.26862	
1051	0.00235812	1.44412e-06	0.00235668	2.23847e-08	235138	144	234994	2.23207	
1052	0.0354756	0.000321328	0.0351543	2.16004e-08	3.53741e+06	32041	3.50537e+06	2.15386	
1053	0.00357698	3.24929e-06	0.00357373	2.24117e-08	356675	324	356351	2.23476	
1054	0.00271826	2.56734e-06	0.00271569	2.23857e-08	271049	256	270793	2.23217	
1055	0.002064	1.44412e-06	0.00206256	2.24175e-08	205810	144	205666	2.23534	
1056	0.0105906	2.89828e-06	0.0105877	2.25568e-08	1.05604e+06	289	1.05575e+06	2.24923	
1057	0.00269752	2.89828e-06	0.00269462	2.24196e-08	268980	289	268691	2.23555	
1058	0.00455704	5.77651e-06	0.00455126	2.24035e-08	454401	576	453825	2.23394	
1059	0.0097218	2.50716e-05	0.00969673	2.23238e-08	969400	2500	966900	2.22599	
1060	0.00266867	1.69484e-06	0.00266698	2.24053e-08	266104	169	265935	2.23413	
1061	0.0118245	3.62035e-06	0.0118209	2.23819e-08	1.17907e+06	361	1.17871e+06	2.23179	
1062	0.0116314	3.62035e-06	0.0116278	2.24392e-08	1.15981e+06	361	1.15945e+06	2.23751	
1063	0.00434504	4.42264e-06	0.00434062	2.24532e-08	433261	441	432820	2.2389	
1064	0.00804346	1.52536e-05	0.0080282	2.2638e-08	802046	1521	800525	2.25732	
1065	0.0472318	0.000485388	0.0467464	2.17101e-08	4.70967e+06	48400	4.66127e+06	2.1648	
1066	0.0111132	2.71175e-05	0.0110861	2.21288e-08	1.10815e+06	2704	1.10544e+06	2.20655	
1067	0.00372263	2.89828e-06	0.00371973	2.23974e-08	371199	289	370910	2.23333	
1068	0.00230266	1.21347e-06	0.00230144	2.24659e-08	229607	121	229486	2.24016	
1069	0.00735623	1.22851e-05	0.00734395	2.23174e-08	733519	1225	732294	2.22536	
1070	0.00267834	1.44412e-06	0.0026769	2.2373e-08	267068	144	266924	2.2309	
1071	0.00433801	4.01147e-06	0.004334	2.2395e-08	432561	400	432161	2.2331	
1072	0.00387904	3.24929e-06	0.00387579	2.24919e-08	386794	324	386470	2.24276	
1073	0.0120002	2.81705e-05	0.011972	2.24873e-08	1.19659e+06	2809	1.19378e+06	2.2423	
1074	0.00314042	1.96562e-06	0.00313845	2.24399e-08	313144	196	312948	2.23757	
1075	0.00662769	9.63755e-06	0.00661806	2.23227e-08	660874	961	659913	2.22588	
1076	0.00261492	1.44412e-06	0.00261347	2.24258e-08	260744	144	260600	2.23616	
1077	0.00495269	5.30517e-06	0.00494739	2.23505e-08	493853	529	493324	2.22866	
1078	0.0111118	2.50716e-05	0.0110867	2.24291e-08	1.108e+06	2500	1.1055e+06	2.2365	
1079	0.00517811	5.77651e-06	0.00517233	2.24222e-08	516330	576	515754	2.23581	
1080	0.00296207	1.69484e-06	0.00296038	2.23856e-08	295360	169	295191	2.23216	
1081	0.00249314	1.21347e-06	0.00249192	2.24244e-08	248601	121	248480	2.23603	
1082	0.00317267	1.21347e-06	0.00317146	2.2381e-08	316360	121	316239	2.2317	
1083	0.0265	1.52536e-05	0.0264847	2.23878e-08	2.64242e+06	1521	2.6409e+06	2.23238	
1084	0.0178644	6.77938e-06	0.0178576	2.24817e-08	1.78133e+06	676	1.78066e+06	2.24174	
1085	0.00811603	1.44412e-06	0.00811458	2.23719e-08	809282	144	809138	2.23079	
1086	0.04003	3.37364e-05	0.0399962	2.27122e-08	3.99155e+06	3364	3.98819e+06	2.26473	
1087	0.00761306	1.21347e-06	0.00761184	2.25113e-08	759128	121	759007	2.24469	
1088	0.0208734	8.43411e-06	0.020865	2.21139e-08	2.08137e+06	841	2.08053e+06	2.20507	
1089	0.0333313	2.12206e-05	0.0333101	2.26669e-08	3.3236e+06	2116	3.32149e+06	2.26021	
1090	0.0604499	6.90875e-05	0.0603808	2.23927e-08	6.02771e+06	6889	6.02082e+06	2.23287	
1091	0.240393	0.00108551	0.239308	1.82842e-08	2.39706e+07	108241	2.38624e+07	1.82319	
1092	0.00884031	1.44412e-06	0.00883886	2.24962e-08	881503	144	881359	2.24319	
1093	0.0542601	5.4917e-05	0.0542052	2.18018e-08	5.41049e+06	5476	5.40502e+06	2.17395	
1094	0.0989133	0.000182772	0.0987306	2.21178e-08	9.86305e+06	18225	9.84482e+06	2.20546	
1095	0.0131538	3.24929e-06	0.0131505	2.2412e-08	1.31162e+06	324	1.31129e+06	2.23479	
1096	0.201966	0.00076949	0.201197	2.44142e-08	2.01389e+07	76729	2.00622e+07	2.43444	
1097	0.0205939	7.86248e-06	0.020586	2.22614e-08	2.0535e+06	784	2.05272e+06	2.21977	
1098	0.0481003	4.77465e-05	0.0480526	2.19348e-08	4.79628e+06	4761	4.79152e+06	2.18721	
1099	0.0312005	1.8543e-05	0.0311819	2.24171e-08	3.11112e+06	1849	3.10928e+06	2.2353	
1100	0.0701233	9.05088e-05	0.0700328	2.19465e-08	6.99228e+06	9025	6.98325e+06	2.18838	
1101	0.00904863	1.44412e-06	0.00904718	2.24017e-08	902275	144	902131	2.23376	
1102	0.693108	0.00886133	0.684247	1.65522e-08	6.91126e+07	883600	6.8229e+07	1.65048	
1103	25.4832	6.66514	18.818	8.75355e-08	2.54103e+09	6.64608e+08	1.87642e+09	8.72852	
1104	0.0152259	4.85388e-06	0.0152211	2.24497e-08	1.51824e+06	484	1.51775e+06	2.23855	
1105	0.0557654	6.57981e-05	0.0556996	2.30771e-08	5.5606e+06	6561	5.55404e+06	2.30111	
1106	0.0267755	1.29971e-05	0.0267625	2.21662e-08	2.66989e+06	1296	2.66859e+06	2.21028	
1107	0.0367009	2.71175e-05	0.0366738	2.28928e-08	3.6596e+06	2704	3.65689e+06	2.28273	
1108	0.0351507	2.40788e-05	0.0351267	2.21024e-08	3.50502e+06	2401	3.50262e+06	2.20392	
1109	0.0142894	3.62035e-06	0.0142858	2.26627e-08	1.42486e+06	361	1.4245e+06	2.25979	
1110	0.0137394	3.24929e-06	0.0137361	2.2435e-08	1.37001e+06	324	1.36969e+06	2.23708	
1111	0.0421155	3.49098e-05	0.0420806	2.21328e-08	4.19951e+06	3481	4.19603e+06	2.20695	
1112	0.0678043	0.000104338	0.0676999	2.37949e-08	6.76104e+06	10404	6.75063e+06	2.37268	
1113	0.0186298	6.26792e-06	0.0186236	2.20853e-08	1.85766e+06	625	1.85703e+06	2.20221	
1114	0.0113223	2.25645e-06	0.01132	2.24206e-08	1.12899e+06	225	1.12877e+06	2.23565	
1115	0.016359	4.85388e-06	0.0163541	2.21126e-08	1.63122e+06	484	1.63073e+06	2.20493	
1116	0.0400481	3.14499e-05	0.0400167	2.26498e-08	3.99336e+06	3136	3.99022e+06	2.2585	
1117	0.0440794	3.49098e-05	0.0440445	2.28991e-08	4.39533e+06	3481	4.39185e+06	2.28337	
1118	0.00397494	1.69484e-06	0.00397325	2.24728e-08	396357	169	396188	2.24085	
1119	0.00988031	1.96562e-06	0.00987835	2.23196e-08	985206	196	985010	2.22558	
1120	0.0236763	1.09212e-05	0.0236654	2.26012e-08	2.36086e+06	1089	2.35977e+06	2.25366	
1121	0.0153124	4.01147e-06	0.0153083	2.23073e-08	1.52686e+06	400	1.52646e+06	2.22435	
1122	0.0109466	2.25645e-06	0.0109443	2.2462e-08	1.09153e+06	225	1.0913e+06	2.23977	
1123	0.0616448	7.07623e-05	0.061574	2.13348e-08	6.14685e+06	7056	6.1398e+06	2.12738	
1124	0.0160908	5.77651e-06	0.016085	2.216e-08	1.60448e+06	576	1.6039e+06	2.20966	
1125	0.0160066	6.26792e-06	0.0160004	2.25659e-08	1.59609e+06	625	1.59546e+06	2.25013	
1126	0.00992995	1.96562e-06	0.00992799	2.2528e-08	990156	196	989960	2.24636	
1127	0.0122157	2.89828e-06	0.0122128	2.22658e-08	1.21808e+06	289	1.21779e+06	2.22021	
1128	0.0109335	2.25645e-06	0.0109312	2.23584e-08	1.09022e+06	225	1.09e+06	2.22945	
1129	0.0119586	2.56734e-06	0.011956	2.2417e-08	1.19244e+06	256	1.19218e+06	2.23529	
1130	0.00801789	1.21347e-06	0.00801668	2.24257e-08	799496	121	799375	2.23616	
1131	0.0297418	1.94155e-05	0.0297224	2.26215e-08	2.96567e+06	1936	2.96374e+06	2.25568	
1132	0.0154013	4.42264e-06	0.0153969	2.25596e-08	1.53573e+06	441	1.53529e+06	2.24951	
1133	0.0109064	2.25645e-06	0.0109041	2.23358e-08	1.08752e+06	225	1.08729e+06	2.22719	
1134	0.0609994	6.74328e-05	0.060932	2.11121e-08	6.0825e+06	6724	6.07578e+06	2.10517	
1135	0.19355	0.000683163	0.192867	2.48215e-08	1.92996e+07	68121	1.92315e+07	2.47505	
1136	0.00917136	1.69484e-06	0.00916966	2.23924e-08	914513	169	914344	2.23284	
1137	0.0438952	4.23711e-05	0.0438528	2.17238e-08	4.37696e+06	4225	4.37274e+06	2.16617	
1138	0.00920382	1.44412e-06	0.00920237	2.24291e-08	917750	144	917606	2.2365	
1139	0.0225145	1.02693e-05	0.0225042	2.22787e-08	2.24501e+06	1024	2.24398e+06	2.2215	
1140	0.0264252	1.44814e-05	0.0264108	2.22998e-08	2.63497e+06	1444	2.63352e+06	2.2236	
1141	0.0144813	3.62035e-06	0.0144776	2.24645e-08	1.44398e+06	361	1.44362e+06	2.24002	
1142	0.165345	0.000454991	0.16489	2.44448e-08	1.64872e+07	45369	1.64419e+07	2.43749	
1143	0.0230324	9.02581e-06	0.0230234	2.23014e-08	2.29666e+06	900	2.29576e+06	2.22376	
1144	0.0191931	9.02581e-06	0.0191841	2.27478e-08	1.91382e+06	900	1.91292e+06	2.26827	
1145	0.00710962	1.21347e-06	0.00710841	2.23315e-08	708929	121	708808	2.22677	
1146	0.0171183	6.26792e-06	0.017112	2.26532e-08	1.70693e+06	625	1.70631e+06	2.25884	
1147	0.0430778	3.14499e-05	0.0430464	2.25281e-08	4.29546e+06	3136	4.29233e+06	2.24637	
1148	0.012706	2.89828e-06	0.0127031	2.22556e-08	1.26696e+06	289	1.26667e+06	2.21919	
1149	0.0114682	2.25645e-06	0.0114659	2.25194e-08	1.14354e+06	225	1.14331e+06	2.2455	
1150	0.0365882	2.3106e-05	0.0365651	2.30601e-08	3.64836e+06	2304	3.64605e+06	2.29942	
1151	0.00987253	1.69484e-06	0.00987083	2.24201e-08	984430	169	984261	2.2356	
1152	0.00549613	3.24929e-06	0.00549288	2.24042e-08	548042	324	547718	2.23402	
1153	0.0185413	5.77651e-06	0.0185355	2.23166e-08	1.84883e+06	576	1.84825e+06	2.22528	
1154	0.0200868	6.77938e-06	0.0200801	2.20541e-08	2.00294e+06	676	2.00226e+06	2.19911	
1155	0.0779737	0.000102302	0.0778714	2.31048e-08	7.77508e+06	10201	7.76488e+06	2.30388	
1156	0.19078	0.000611839	0.190168	1.95888e-08	1.90234e+07	61009	1.89624e+07	1.95328	
1157	0.0280078	1.52536e-05	0.0279925	2.22063e-08	2.79277e+06	1521	2.79125e+06	2.21428	
1158	0.148318	0.00038134	0.147937	2.25607e-08	1.47894e+07	38025	1.47514e+07	2.24962	
