1 18
2 59
3 14
4 11
5 16
6 142
7 46
8 25
9 45
10 72
11 14
12 89
13 29
14 14
15 25
16 11
17 18
18 12
19 28
20 119
21 17
22 13
23 15
24 23
25 48
26 18
27 12
28 18
29 14
30 24
31 27
32 190
33 13
34 29
35 11
36 15
37 12
38 22
39 12
40 48
41 37
42 26
43 28
44 17
45 32
46 17
47 44
48 20
49 13
50 17
51 128
52 230
53 12
54 21
55 12
56 30
57 27
58 17
59 13
60 22
61 38
62 19
63 12
64 15
65 11
66 119
67 17
68 13
69 13
70 124
71 38
72 60
73 16
74 14
75 32
76 17
77 1475
78 23
79 18
80 17
81 99
82 16
83 32
84 4490
85 248
86 17
87 20
88 13
89 15
90 547
91 43
92 36
93 13
94 15
95 20
96 25
97 17
98 21
99 11
100 13
101 16
102 76
103 12
104 44
105 16
106 13
107 248
108 14
109 26
110 37
111 18
112 20
113 11
114 37
115 59
116 21
117 15
118 14
119 113
120 16
121 68
122 17
123 13
124 27
125 17
126 485
127 12
128 13
129 14
130 120
131 12
132 12
133 25
134 33
135 117
136 20
137 15
138 15
139 16
140 19
141 11
142 12
143 25
144 14
145 30
146 87
147 16
148 11
149 27
150 1009
151 11
152 13
153 46
154 47
155 32
156 40
157 19
158 45
159 13
160 417
161 12
162 13
163 11
164 12
165 13
166 11
167 127
168 12
169 35
170 11
171 27
172 19
173 34
174 42
175 79
176 14
177 66
178 16
179 35
180 2153
181 22
182 77
183 180
184 41
185 49
186 28
187 16
188 31
189 12
190 16
191 34
192 36
193 12
194 17
195 16
196 11
197 17
198 11
199 15
200 11
201 52
202 54
203 29
204 55
205 33
206 25
207 32
208 16
209 14
210 64
211 12
212 106
213 15
214 61
215 33
216 28
217 37
218 15
219 29
220 11
221 75
222 11
223 35
224 14
225 46
226 12
227 129
228 29
229 26
230 19
231 144
232 27
233 16
234 19
235 84
236 16
237 14
238 65
239 127
240 20
241 21
242 16
243 20
244 44
245 16
246 39
247 14
248 14
249 103
250 11
251 28
252 25
253 45
254 11
255 12
256 17
257 14
258 125
259 11
260 17
261 105
262 12
263 22
264 15
265 53
266 11
267 12
268 13
269 15
270 14
271 38
272 558
273 11
274 814
275 14
276 15
277 518
278 20
279 14
280 24
281 60
282 32
283 38
284 106
285 13
286 13
287 25
288 195
289 19
290 192
291 13
292 23
293 14
294 145
295 12
296 12
297 232
298 44
299 44
300 21
301 11
302 12
303 12
304 11
305 12
306 40
307 162
308 15
309 21
310 11
311 15
312 22
313 14
314 538
315 32
316 11
317 12
318 13
319 19
320 15
321 33
322 14
323 112
324 27
325 509
326 14
327 11
328 11
329 15
330 50
331 20
332 14
333 23
334 23
335 22
336 13
337 116
338 13
339 48
340 14
341 21
342 131
343 11
344 38
345 11
346 15
347 21
348 15
349 13
350 15
351 22
352 11
353 42
354 51
355 14
356 32
357 12
358 32
359 17
360 20
361 226
362 20
363 38
364 57
365 11
366 26
367 24
368 12
369 301
370 28
371 40
372 125
373 11
374 13
375 11
376 18
377 45
378 55
379 1352
380 20
381 23
382 77
383 11
384 96
385 11
386 111
387 18
388 12
389 24
390 12
391 33
392 66
393 12
394 23
395 28
396 25
397 21
398 56
399 11
400 30753
401 37
402 18
403 12
404 60
405 19
406 19
407 81
408 11
409 47
410 19
411 15
412 22
413 12
414 46
415 17
416 22
417 12
418 26
419 54
420 15
421 17
422 12
423 39
424 48
425 115
426 20
427 17
428 36
429 44
430 621
431 42
432 62
433 187
434 84
435 13
436 20
437 57
438 11
439 22
440 11
441 52
442 19
443 12
444 44
445 774
446 28
447 41
448 15
449 74
450 33
451 16
452 19
453 54
454 17
455 33
456 16
457 20
458 66
459 11
460 47
461 73
462 23
463 119
464 16
465 37
466 55
467 11
468 19
469 139
470 19
471 20
472 25
473 12
474 112
475 12
476 127
477 11
478 11
479 29
480 228
481 11
482 12
483 27
484 15
485 32
486 341
487 31
488 12
489 13
490 64
491 19
492 17
493 17
494 1630
495 303
496 15
497 28
498 72
499 14
500 36
501 58
502 32
503 11
504 19
505 21
506 26
507 14
508 23
509 11
510 12
511 541
512 13
513 23
514 31
515 21
516 11
517 23
518 14
519 12
520 17
521 12
522 14
523 63
524 12
525 15
526 19
527 236
528 21
529 22
530 72
531 105
532 20
533 132
534 11
535 25
536 34
537 23
538 57
539 25
540 13
541 16
542 33
543 12
544 21
545 15
546 11
547 13
548 47
549 30
550 27
551 19
552 14
553 40
554 132
555 37
556 18
557 35
558 34
559 18
560 19
561 16
562 17
563 17
564 291
565 23
566 30
567 16
568 29
569 166
570 12
571 24
572 23
573 19
574 60
575 27
576 49
577 14
578 18
579 22
580 29
581 67
582 17
583 87
584 22
585 13
586 22
587 11
588 12
589 26
590 37
591 18
592 127
593 47
594 13
595 11705
596 13
597 47
598 12
599 28
600 17
601 35
602 37
603 26
604 14
605 14
606 37
607 31
608 112
609 38
610 67
611 24
612 32
613 39
614 22
615 20
616 114
617 383
618 12
619 44
620 20
621 17
622 77
623 22
624 36
625 75
626 30
627 16
628 17
629 124
630 44
631 20
632 174
633 178
634 35
635 11
636 11
637 48
638 12
639 1578
640 100
641 13
642 622
643 12
644 17
645 13
646 92
647 16
648 124
649 52
650 34
651 46
652 12
653 11
654 17
655 68
656 337
657 12
658 68
659 17
660 24
661 13
662 129
663 13
664 39
665 51
666 12
667 18
668 179
669 22
670 25
671 184
672 13
673 19
674 5634
675 15
676 28
677 27
678 11
679 16
680 14
681 26
682 27
683 1654
684 13
685 45
686 43
687 18
688 35
689 21
690 61
691 17
692 20
693 22
694 27
695 15
696 49
697 26
698 22
699 23
700 14
701 47
702 16
703 15
704 12
705 15
706 13
707 33
708 33
709 48
710 38
711 378
712 14
713 21
714 14
715 22
716 214
717 16
718 18
719 17
720 19
721 18
722 56
723 11
724 52
725 19
726 113
727 25
728 25
729 28
730 22
731 12
732 49
733 13
734 188
735 21
736 13
737 17
738 12
739 15
740 18
741 35
742 11
743 11
744 32
745 12
746 21
747 46
748 103
749 20
750 14
751 81
752 34
753 18
754 11
755 12
756 13
757 20
758 15
759 15
760 31
761 36
762 27
763 14
764 29
765 19
766 17
767 13
768 18
769 12
770 25
771 25
772 16
773 12
774 22
775 37
776 27
777 13
778 36
779 14
780 12
781 17
782 30
783 11
784 110
785 18
786 87
787 12
788 48
789 11
790 12
791 16
792 12
793 23
794 21
795 14
796 12
797 22
798 35
799 15
800 11
801 11
802 12
803 36
804 21
805 12
806 34
807 19
808 19
809 12
810 17
811 11
812 29
813 16
814 35
815 16
816 26
817 16
818 39
819 119
820 12
821 53
822 16
823 11
824 12
825 34
826 20
827 47
828 12
829 67
830 12
831 14
832 22
833 35
834 16
835 32
836 29
837 23
838 26
839 30
840 38
841 12
842 11
843 34
844 21
845 31
846 81
847 16
848 25
849 19
850 16
851 34
852 13
853 13
854 47
855 35
856 381
857 11
858 41
859 41
860 13
861 14
862 22
863 23
864 60
865 21
866 47
867 15
868 16
869 16
870 11
871 13
872 15
873 34
874 14
875 14
876 11
877 87
878 13
879 14
880 11
881 27
882 13
883 17
884 42
885 26
886 145
887 25
888 22
889 43
890 22
891 13
892 188
893 14
894 53
895 11
896 76
897 12
898 39
899 11
900 20
901 16
902 11
903 14
904 42
905 21
906 11
907 12
908 12
909 30
910 48
911 11
912 13
913 51
914 14
915 52
916 18
917 20
918 36
919 18
920 11
921 129
922 50
923 26
924 27
925 15
926 12
927 13
928 12
929 11
930 15
931 14
932 13
933 26
934 14
935 19
936 21
937 19
938 11
939 64
940 21
941 52
942 12
943 22
944 15
945 17
946 19
947 13
948 20
949 12
950 17
951 15
952 17
953 30
954 68
955 14
956 27
957 11
958 11
959 14
960 30
961 11
962 20
963 12
964 34
965 56
966 18
967 12
968 17
969 16
970 50
971 12
972 15
973 13
974 14
975 102
976 20
977 21
978 13
979 28
980 13
981 41
982 45
983 35
984 12
985 12
986 19
987 11
988 57
989 63
990 19
991 14
992 13
993 26
994 88
995 40
996 11
997 13
998 102
999 36
1000 48
1001 12
1002 75
1003 386
1004 11
1005 14
1006 15
1007 13
1008 82
1009 13
1010 29
1011 18
1012 11
1013 46
1014 64
1015 18
1016 15
1017 14
1018 249
1019 19
1020 12
1021 11
1022 15
1023 17
1024 11
1025 170
1026 23
1027 109
1028 17
1029 35
1030 55
1031 32
1032 105
1033 31
1034 62
1035 74
1036 11
1037 11
1038 26
1039 29
1040 41
1041 11
1042 12
1043 26
1044 67
1045 17
1046 478
1047 37
1048 27
1049 18
1050 42
1051 12
1052 179
1053 18
1054 16
1055 12
1056 17
1057 17
1058 24
1059 50
1060 13
1061 19
1062 19
1063 21
1064 39
1065 220
1066 52
1067 17
1068 11
1069 35
1070 12
1071 20
1072 18
1073 53
1074 14
1075 31
1076 12
1077 23
1078 50
1079 24
1080 13
1081 11
1082 11
1083 39
1084 26
1085 12
1086 58
1087 11
1088 29
1089 46
1090 83
1091 329
1092 12
1093 74
1094 135
1095 18
1096 277
1097 28
1098 69
1099 43
1100 95
1101 12
1102 940
1103 25780
1104 22
1105 81
1106 36
1107 52
1108 49
1109 19
1110 18
1111 59
1112 102
1113 25
1114 15
1115 22
1116 56
1117 59
1118 13
1119 14
1120 33
1121 20
1122 15
1123 84
1124 24
1125 25
1126 14
1127 17
1128 15
1129 16
1130 11
1131 44
1132 21
1133 15
1134 82
1135 261
1136 13
1137 65
1138 12
1139 32
1140 38
1141 19
1142 213
1143 30
1144 30
1145 11
1146 25
1147 56
1148 17
1149 15
1150 48
1151 13
1152 18
1153 24
1154 26
1155 101
1156 247
1157 39
1158 195
