Node	dPC	dPCintra	dPCflux	dPCconnector	varPC	varPCintra	varPCflux	varPCconnector	
1	0.102544	4.66928e-05	0.102466	3.08177e-05	4.25174e+06	1936	4.24852e+06	1277.77	
2	0.0463603	6.17426e-06	0.0463416	1.22102e-05	1.92221e+06	256	1.92143e+06	506.266	
3	0.0255463	2.9183e-06	0.0255268	1.64033e-05	1.05921e+06	121	1.0584e+06	680.12	
4	0.0838801	2.02834e-05	0.0838593	1.95732e-07	3.47787e+06	841	3.47701e+06	8.11554	
5	0.0825985	0.000174254	0.0824242	0	3.42473e+06	7225	3.41751e+06	0	
6	0.0347484	3.47302e-06	0.0347449	0	1.44075e+06	144	1.4406e+06	0	
7	0.135387	5.32771e-05	0.135333	0	5.61348e+06	2209	5.61127e+06	0	
8	0.269292	0.000208598	0.269083	5.15452e-07	1.11655e+07	8649	1.11568e+07	21.3719	
9	1.51618	0.00672377	1.50942	3.85068e-05	6.28648e+07	278784	6.25844e+07	1596.58	
10	0.388086	0.000439554	0.387591	5.57568e-05	1.6091e+07	18225	1.60704e+07	2311.81	
11	2.69727	0.0211298	2.67606	7.21032e-05	1.11835e+08	876096	1.10956e+08	2989.57	
12	0.0308946	2.9183e-06	0.0308373	5.41244e-05	1.28096e+06	121	1.27859e+06	2244.13	
13	0.0519181	7.8143e-06	0.0519099	1.82851e-07	2.15265e+06	324	2.15231e+06	7.58146	
14	0.0750377	1.63039e-05	0.0750197	1.36209e-06	3.11124e+06	676	3.1105e+06	56.4758	
15	0.142923	6.02955e-05	0.142853	1.00181e-05	5.92596e+06	2500	5.92304e+06	415.376	
16	0.0707204	1.50738e-05	0.0707046	5.41637e-07	2.93224e+06	625	2.93158e+06	22.4576	
17	0.177926	9.27104e-05	0.177834	0	7.37728e+06	3844	7.37344e+06	0	
18	0.07177	1.50738e-05	0.0717539	6.89917e-07	2.97576e+06	625	2.97509e+06	28.6056	
19	0.266925	0.000208598	0.266716	0	1.10673e+07	8649	1.10587e+07	0	
20	0.0421708	5.42659e-06	0.0421036	6.15041e-05	1.7485e+06	225	1.74572e+06	2550.11	
21	0.051701	7.8143e-06	0.0516603	3.26873e-05	2.14365e+06	324	2.14196e+06	1355.29	
22	0.0570544	9.64728e-06	0.0570448	0	2.36561e+06	400	2.36521e+06	0	
23	0.0673495	1.3892e-05	0.0673354	0	2.79247e+06	576	2.79189e+06	0	
24	0.0403599	4.72717e-06	0.0402812	7.36734e-05	1.67342e+06	196	1.67015e+06	3054.68	
25	0.0730739	1.63039e-05	0.0730561	1.27758e-06	3.02982e+06	676	3.02908e+06	52.9719	
26	0.0363389	4.07597e-06	0.0363348	0	1.5067e+06	169	1.50653e+06	0	
27	0.0134332	4.72717e-06	0.0134285	0	556975	196	556779	0	
28	0.0792003	1.89086e-05	0.0791814	0	3.28384e+06	784	3.28305e+06	0	
29	0.107982	3.48267e-05	0.107946	1.23148e-06	4.47721e+06	1444	4.4757e+06	51.0603	
30	0.092929	2.4697e-05	0.0929035	5.85782e-07	3.85306e+06	1024	3.852e+06	24.2879	
31	17.5882	0.990662	16.5975	0	7.29252e+08	4.10752e+07	6.88176e+08	0	
32	0.124223	4.45945e-05	0.124178	0	5.1506e+06	1849	5.14874e+06	0	
33	0.0655707	1.27585e-05	0.0655568	8.50126e-07	2.71872e+06	529	2.71814e+06	35.2483	
34	0.0608391	1.06361e-05	0.0608285	0	2.52254e+06	441	2.52209e+06	0	
35	0.220044	0.000150521	0.219894	1.66216e-07	9.1236e+06	6241	9.11734e+06	6.89173	
36	0.108989	3.48267e-05	0.108954	0	4.51898e+06	1444	4.51753e+06	0	
37	0.0733995	1.63039e-05	0.0733831	0	3.04332e+06	676	3.04264e+06	0	
38	0.0320266	2.9183e-06	0.0319955	2.79014e-05	1.3279e+06	121	1.32661e+06	1156.86	
39	0.147192	0.000632958	0.146559	0	6.10295e+06	26244	6.0767e+06	0	
40	0.0348873	3.47302e-06	0.0348789	4.67656e-06	1.44651e+06	144	1.44616e+06	193.901	
41	0.0346697	3.47302e-06	0.034664	1.95873e-06	1.43749e+06	144	1.43725e+06	81.2139	
42	0.046205	6.17426e-06	0.0461988	0	1.91577e+06	256	1.91551e+06	0	
43	0.0487128	6.97016e-06	0.0486747	3.09392e-05	2.01975e+06	289	2.01817e+06	1282.81	
44	0.0978347	2.95448e-05	0.0978031	1.78969e-06	4.05646e+06	1225	4.05515e+06	74.2051	
45	0.0121991	4.07597e-06	0.012195	0	505806	169	505637	0	
46	0.0468566	6.97016e-06	0.0467611	8.82345e-05	1.94278e+06	289	1.93883e+06	3658.42	
47	0.0391008	5.42659e-06	0.0390857	9.43614e-06	1.62121e+06	225	1.62058e+06	391.245	
48	0.0286762	2.9183e-06	0.0286662	6.81849e-06	1.18898e+06	121	1.18857e+06	282.711	
49	0.049199	6.97016e-06	0.0491921	0	2.03991e+06	289	2.03962e+06	0	
50	0.0314636	3.47302e-06	0.0314598	4.29704e-08	1.30455e+06	144	1.3044e+06	1.78166	
51	0.0361046	4.07597e-06	0.0361006	0	1.49698e+06	169	1.49681e+06	0	
52	0.0217306	1.63039e-05	0.0217143	0	901004	676	900328	0	
53	0.0238885	1.63039e-05	0.0238722	0	990479	676	989803	0	
54	0.143447	6.27314e-05	0.143381	3.33799e-06	5.94768e+06	2601	5.94493e+06	138.401	
55	0.0610158	1.27585e-05	0.0610027	9.4755e-08	2.52986e+06	529	2.52932e+06	3.92877	
56	0.138212	6.52156e-05	0.138145	2.15821e-06	5.73064e+06	2704	5.72784e+06	89.4848	
57	0.0661608	1.50738e-05	0.0661457	0	2.74319e+06	625	2.74256e+06	0	
58	0.0808233	2.02834e-05	0.0807996	3.07111e-06	3.35113e+06	841	3.35015e+06	127.336	
59	0.0503713	8.70667e-06	0.0503623	4.54541e-08	2.08852e+06	361	2.08814e+06	1.88464	
60	0.208921	0.000146735	0.208763	1.04684e-05	8.66239e+06	6084	8.65586e+06	434.047	
61	0.0346567	4.07597e-06	0.0346518	4.84681e-07	1.43695e+06	169	1.43675e+06	20.096	
62	0.037184	4.07597e-06	0.0370677	0.000111868	1.54173e+06	169	1.53692e+06	4638.33	
63	0.0373074	4.72717e-06	0.0373024	4.43626e-08	1.54685e+06	196	1.54665e+06	1.83938	
64	5.83131	0.107682	5.72353	0.000100834	2.4178e+08	4.46476e+06	2.37311e+08	4180.83	
65	0.115697	4.05427e-05	0.115636	2.05463e-05	4.7971e+06	1681	4.79456e+06	851.903	
66	0.0549717	9.64728e-06	0.0549609	9.66436e-07	2.27926e+06	400	2.27881e+06	40.0707	
67	0.0848067	2.17063e-05	0.084785	0	3.51629e+06	900	3.51539e+06	0	
68	0.0106596	4.07597e-06	0.0106555	0	441973	169	441804	0	
69	0.118276	4.25445e-05	0.118233	0	4.90402e+06	1764	4.90226e+06	0	
70	0.368342	0.000640796	0.36767	3.09738e-05	1.52723e+07	26569	1.52445e+07	1284.25	
71	0.0372003	4.07597e-06	0.0371168	7.91105e-05	1.54241e+06	169	1.53895e+06	3280.11	
72	0.0475506	6.97016e-06	0.0475322	1.11815e-05	1.97156e+06	289	1.9708e+06	463.612	
73	0.117914	4.66928e-05	0.117867	0	4.889e+06	1936	4.88707e+06	0	
74	0.194714	0.000125028	0.194582	6.31774e-06	8.07331e+06	5184	8.06786e+06	261.949	
75	0.0437048	6.97016e-06	0.0436978	0	1.8121e+06	289	1.81181e+06	0	
76	0.14281	6.7748e-05	0.142741	7.29721e-07	5.92125e+06	2809	5.9184e+06	30.256	
77	0.0357973	4.07597e-06	0.0357854	7.61463e-06	1.48424e+06	169	1.48375e+06	315.721	
78	0.298792	0.000281314	0.298483	2.76761e-05	1.23886e+07	11664	1.23758e+07	1147.51	
79	0.0552728	1.06361e-05	0.0552602	1.75517e-06	2.29174e+06	441	2.29122e+06	72.7737	
80	0.0357131	4.72717e-06	0.0357084	0	1.48075e+06	196	1.48055e+06	0	
81	0.0827604	2.02834e-05	0.0827402	0	3.43145e+06	841	3.43061e+06	0	
82	0.0357987	4.72717e-06	0.035793	6.66221e-07	1.4843e+06	196	1.48406e+06	27.6231	
83	0.035466	4.07597e-06	0.0354615	1.28687e-07	1.4705e+06	169	1.47032e+06	5.3357	
84	0.160688	8.68255e-05	0.1606	6.75933e-07	6.66251e+06	3600	6.65888e+06	28.0258	
85	0.316625	0.000370841	0.316254	0	1.3128e+07	15376	1.31126e+07	0	
86	0.0820337	2.4697e-05	0.0820076	1.17102e-06	3.40132e+06	1024	3.40023e+06	48.5536	
87	0.0890233	2.62647e-05	0.0889962	6.2027e-07	3.69112e+06	1089	3.68999e+06	25.7179	
88	9.63414	0.326796	9.30734	0	3.99455e+08	1.35497e+07	3.85905e+08	0	
89	0.0672641	2.17063e-05	0.0672424	0	2.78893e+06	900	2.78803e+06	0	
90	0.0383891	4.72717e-06	0.0383839	2.19682e-07	1.5917e+06	196	1.59149e+06	9.10859	
91	0.0822807	2.31776e-05	0.0822575	0	3.41156e+06	961	3.41059e+06	0	
92	0.0327622	3.47302e-06	0.0327529	5.57738e-06	1.3584e+06	144	1.35801e+06	231.251	
93	0.0004728	2.9183e-06	0.000469882	0	19603.4	121	19482.4	0	
94	0.571224	0.0123298	0.558894	0	2.36843e+07	511225	2.31731e+07	0	
95	0.092206	2.78806e-05	0.0921781	0	3.82308e+06	1156	3.82193e+06	0	
96	0.0360887	4.07597e-06	0.0360843	1.1252e-10	1.49632e+06	169	1.49614e+06	0.00466537	
97	0.0711917	1.50738e-05	0.0711524	2.40039e-05	2.95178e+06	625	2.95015e+06	995.262	
98	1.70095	0.0103473	1.69059	1.38338e-05	7.05256e+07	429025	7.0096e+07	573.585	
99	0.0448509	6.97016e-06	0.0448405	3.17937e-06	1.85963e+06	289	1.85919e+06	131.824	
100	0.0340635	3.47302e-06	0.03406	0	1.41235e+06	144	1.41221e+06	0	
101	0.0452602	9.64728e-06	0.0452473	2.96367e-06	1.8766e+06	400	1.87606e+06	122.881	
102	0.0576488	1.06361e-05	0.0576352	2.6305e-06	2.39026e+06	441	2.3897e+06	109.067	
103	0.205135	0.000128525	0.204791	0.000214839	8.50542e+06	5329	8.49117e+06	8907.77	
104	0.269359	0.000217666	0.269142	0	1.11683e+07	9025	1.11592e+07	0	
105	0.061562	1.3892e-05	0.0615383	9.50529e-06	2.55251e+06	576	2.55153e+06	394.112	
106	0.142181	6.7748e-05	0.142113	7.74142e-07	5.8952e+06	2809	5.89235e+06	32.0978	
107	0.0377174	4.72717e-06	0.0377126	0	1.56385e+06	196	1.56365e+06	0	
108	0.0973057	2.95448e-05	0.0972761	0	4.03453e+06	1225	4.0333e+06	0	
109	0.0750445	1.75821e-05	0.075008	1.85953e-05	3.11152e+06	729	3.11001e+06	771.009	
110	0.169022	8.97438e-05	0.168932	0	7.00807e+06	3721	7.00435e+06	0	
111	0.0289732	2.9183e-06	0.0289697	2.79415e-07	1.2013e+06	121	1.20115e+06	11.5852	
112	0.0130557	6.97016e-06	0.0130487	0	541322	289	541033	0	
113	0.0364821	4.07597e-06	0.0364736	4.16667e-06	1.51263e+06	169	1.51228e+06	172.76	
114	0.515412	0.00133192	0.51408	0	2.13702e+07	55225	2.1315e+07	0	
115	0.0244895	2.9183e-06	0.0244854	9.09613e-07	1.01539e+06	121	1.01522e+06	37.7147	
116	0.156274	0.000118179	0.156131	2.40277e-05	6.4795e+06	4900	6.4736e+06	996.247	
117	0.0645009	1.63039e-05	0.0644846	0	2.67436e+06	676	2.67369e+06	0	
118	0.0590455	1.16732e-05	0.0590223	1.12926e-05	2.44817e+06	484	2.4472e+06	468.22	
119	0.113714	4.25445e-05	0.113669	1.80117e-06	4.71487e+06	1764	4.71302e+06	74.6812	
120	0.0582839	1.06361e-05	0.0582721	8.42339e-07	2.41659e+06	441	2.4161e+06	34.9254	
121	0.0667584	2.4697e-05	0.0667288	4.66731e-06	2.76796e+06	1024	2.76674e+06	193.518	
122	0.0393399	4.72717e-06	0.0393352	0	1.63113e+06	196	1.63093e+06	0	
123	0.0291561	2.9183e-06	0.0291526	3.43032e-07	1.20888e+06	121	1.20873e+06	14.2229	
124	0.210552	0.000135664	0.210338	7.83345e-05	8.73003e+06	5625	8.72114e+06	3247.94	
125	0.0331205	4.07597e-06	0.0331164	0	1.37325e+06	169	1.37308e+06	0	
126	0.05866	1.63039e-05	0.0586426	8.48149e-07	2.43218e+06	676	2.43146e+06	35.1663	
127	2.90021	0.030851	2.86935	1.77974e-06	1.20249e+08	1.27916e+06	1.1897e+08	73.7923	
128	0.154441	7.56347e-05	0.154361	3.57089e-06	6.4035e+06	3136	6.40021e+06	148.058	
129	0.068743	2.31776e-05	0.0687198	0	2.85025e+06	961	2.84929e+06	0	
130	0.130847	5.32771e-05	0.130748	4.54541e-05	5.42524e+06	2209	5.42113e+06	1884.63	
131	0.0292488	2.9183e-06	0.0292443	1.26452e-06	1.21272e+06	121	1.21254e+06	52.4304	
132	0.102599	3.66838e-05	0.102554	7.96131e-06	4.25401e+06	1521	4.25215e+06	330.095	
133	0.0318169	3.47302e-06	0.0318117	1.44432e-06	1.3192e+06	144	1.31899e+06	59.8853	
134	0.0360676	4.72717e-06	0.0360622	4.37589e-07	1.49545e+06	196	1.49522e+06	18.1435	
135	1.00769	0.00512554	1.00257	0	4.17815e+07	212517	4.1569e+07	0	
136	0.0486356	7.8143e-06	0.0486238	3.76749e-06	2.01655e+06	324	2.01606e+06	156.209	
137	0.0510804	1.27585e-05	0.0510671	3.19352e-07	2.11792e+06	529	2.11736e+06	13.2411	
138	0.0634817	1.89086e-05	0.0634627	0	2.6321e+06	784	2.63132e+06	0	
139	0.525128	0.00136615	0.523762	0	2.17731e+07	56644	2.17164e+07	0	
140	0.144993	7.03287e-05	0.144922	8.31446e-07	6.0118e+06	2916	6.00884e+06	34.4737	
141	0.0486128	7.8143e-06	0.048605	0	2.0156e+06	324	2.01528e+06	0	
142	0.0335525	4.07597e-06	0.0335464	1.7549e-06	1.39116e+06	169	1.39091e+06	72.7625	
143	0.0161865	7.8143e-06	0.0161787	0	671135	324	670811	0	
144	0.0342806	4.07597e-06	0.0342763	0	1.42136e+06	169	1.42118e+06	0	
145	0.0516698	8.70667e-06	0.0515374	0.00012335	2.14235e+06	361	2.13687e+06	5114.39	
146	0.0474873	1.16732e-05	0.047473	2.37162e-06	1.96894e+06	484	1.96834e+06	98.3332	
147	0.0351311	4.07597e-06	0.035127	0	1.45662e+06	169	1.45645e+06	0	
148	0.0585799	8.68255e-05	0.0584931	0	2.42886e+06	3600	2.42526e+06	0	
149	0.0280433	4.07597e-06	0.0280392	0	1.16274e+06	169	1.16257e+06	0	
150	0.0326175	3.47302e-06	0.0326118	1.93008e-06	1.3524e+06	144	1.35216e+06	80.0259	
151	0.030699	2.9183e-06	0.0306051	9.07357e-05	1.27285e+06	121	1.26896e+06	3762.12	
152	0.10836	3.66838e-05	0.108221	0.000102868	4.4929e+06	1521	4.4871e+06	4265.16	
153	0.0686782	1.63039e-05	0.0686611	5.95261e-07	2.84756e+06	676	2.84685e+06	24.6809	
154	0.0352056	4.07597e-06	0.0352015	0	1.45971e+06	169	1.45954e+06	0	
155	0.0390215	7.8143e-06	0.0390137	0	1.61792e+06	324	1.6176e+06	0	
156	0.280912	0.000265903	0.280646	0	1.16473e+07	11025	1.16362e+07	0	
157	0.0541439	9.64728e-06	0.0541342	0	2.24493e+06	400	2.24453e+06	0	
158	0.208825	0.000150521	0.208634	4.05847e-05	8.65843e+06	6241	8.65049e+06	1682.74	
159	0.0439855	6.17426e-06	0.0439787	3.73913e-07	1.82374e+06	256	1.82346e+06	15.5033	
160	0.048568	8.70667e-06	0.048544	1.50273e-05	2.01375e+06	361	2.01275e+06	623.07	
161	0.0385733	4.72717e-06	0.0385685	0	1.59934e+06	196	1.59914e+06	0	
162	1.06491	0.00363085	1.06116	0.000120955	4.41539e+07	150544	4.39983e+07	5015.1	
163	0.0279421	2.9183e-06	0.0279392	0	1.15854e+06	121	1.15842e+06	0	
164	0.0963235	2.95448e-05	0.0962916	2.11358e-06	3.99381e+06	1225	3.99248e+06	87.6343	
165	0.0856303	2.31776e-05	0.0855649	4.19628e-05	3.55044e+06	961	3.54773e+06	1739.88	
166	0.0672953	1.50738e-05	0.067279	1.01359e-06	2.79023e+06	625	2.78955e+06	42.0261	
167	0.0344286	4.07597e-06	0.034424	2.63578e-07	1.42749e+06	169	1.4273e+06	10.9286	
168	0.0603117	1.27585e-05	0.0602978	8.62244e-07	2.50067e+06	529	2.50009e+06	35.7507	
169	0.0359738	4.07597e-06	0.0358842	8.53013e-05	1.49156e+06	169	1.48784e+06	3536.8	
170	0.0106265	3.47302e-06	0.010623	0	440603	144	440459	0	
171	0.176171	0.000111522	0.17606	0	7.30451e+06	4624	7.29989e+06	0	
172	2.00446	0.0131714	1.99126	3.43694e-05	8.311e+07	546121	8.25625e+07	1425.04	
173	0.078178	2.17063e-05	0.0781544	1.67206e-06	3.24145e+06	900	3.24047e+06	69.3279	
174	0.173804	0.000101899	0.173702	8.32793e-08	7.20637e+06	4225	7.20213e+06	3.45296	
175	0.0508943	8.70667e-06	0.050883	2.32845e-06	2.1102e+06	361	2.10973e+06	96.5432	
176	0.103391	3.66838e-05	0.103355	0	4.28688e+06	1521	4.28535e+06	0	
177	0.0154436	6.97016e-06	0.0154367	0	640332	289	640043	0	
178	0.132746	5.79078e-05	0.132683	4.79741e-06	5.504e+06	2401	5.50139e+06	198.912	
179	0.0506943	8.70667e-06	0.0506856	0	2.10191e+06	361	2.10155e+06	0	
180	0.0363778	4.72717e-06	0.0363724	4.20788e-07	1.50831e+06	196	1.50809e+06	17.4469	
181	0.0239116	1.63039e-05	0.0238953	0	991437	676	990761	0	
182	0.0295943	2.9183e-06	0.0295903	8.47878e-07	1.22705e+06	121	1.22688e+06	35.1551	
183	0.0651083	1.3892e-05	0.0650941	6.60719e-09	2.69955e+06	576	2.69896e+06	0.27395	
184	0.0407021	5.42659e-06	0.0405302	0.00016624	1.68761e+06	225	1.68048e+06	6892.72	
185	0.048802	7.8143e-06	0.0487919	2.1033e-06	2.02345e+06	324	2.02303e+06	87.2082	
186	0.0396801	5.42659e-06	0.0396733	1.0704e-06	1.64523e+06	225	1.64495e+06	44.3814	
187	0.0306431	3.47302e-06	0.030635	4.32721e-06	1.27053e+06	144	1.2702e+06	179.416	
188	0.035179	4.07597e-06	0.0351745	1.04806e-07	1.4586e+06	169	1.45842e+06	4.34552	
189	0.0298721	2.9183e-06	0.0298681	8.31888e-07	1.23857e+06	121	1.2384e+06	34.4921	
190	0.15925	8.39555e-05	0.158993	0.000172556	6.60289e+06	3481	6.59225e+06	7154.61	
191	0.0649296	1.3892e-05	0.0649113	4.12183e-06	2.69214e+06	576	2.69138e+06	170.901	
192	0.0341356	6.97016e-06	0.0341287	0	1.41534e+06	289	1.41505e+06	0	
193	0.0240038	3.47302e-06	0.0240003	0	995257	144	995113	0	
194	0.1558	0.000139306	0.15566	1.37647e-07	6.45986e+06	5776	6.45407e+06	5.70721	
195	0.287751	0.000500115	0.28725	0	1.19308e+07	20736	1.19101e+07	0	
196	0.0549115	1.75821e-05	0.0548939	0	2.27676e+06	729	2.27603e+06	0	
197	0.0448466	1.16732e-05	0.0448347	0	1.85945e+06	484	1.85895e+06	0	
198	0.101405	6.02955e-05	0.101344	0	4.2045e+06	2500	4.20199e+06	0	
199	0.2389	0.000335822	0.238562	2.39814e-06	9.90541e+06	13924	9.89137e+06	99.4327	
200	0.180578	0.000199722	0.180379	0	7.48724e+06	8281	7.47896e+06	0	
201	0.0217444	2.9183e-06	0.0217415	0	901577	121	901456	0	
202	0.0240963	3.47302e-06	0.0240927	0	999091	144	998945	0	
203	0.0360447	7.8143e-06	0.0360367	0	1.4945e+06	324	1.49417e+06	0	
204	0.055648	1.89086e-05	0.0556291	0	2.3073e+06	784	2.30651e+06	0	
205	0.054721	1.89086e-05	0.0547021	0	2.26886e+06	784	2.26808e+06	0	
206	0.0519574	1.63039e-05	0.0519377	3.14908e-06	2.15428e+06	676	2.15346e+06	130.568	
207	0.0630126	2.4697e-05	0.0629878	0	2.61265e+06	1024	2.61162e+06	0	
208	0.0361056	7.8143e-06	0.0360978	0	1.49703e+06	324	1.4967e+06	0	
209	0.041908	1.06361e-05	0.0418953	1.75951e-06	1.7376e+06	441	1.73708e+06	72.9537	
210	0.16152	0.00016217	0.161358	0	6.69704e+06	6724	6.69031e+06	0	
211	0.0447124	1.27585e-05	0.0446996	0	1.85388e+06	529	1.85335e+06	0	
212	0.0254651	4.07597e-06	0.025461	0	1.05584e+06	169	1.05567e+06	0	
213	0.041466	1.06361e-05	0.0414551	8.79937e-08	1.71928e+06	441	1.71882e+06	3.64843	
214	0.604572	0.00228795	0.602281	2.86435e-06	2.5067e+07	94864	2.4972e+07	118.763	
215	0.0254392	4.07597e-06	0.0254352	0	1.05477e+06	169	1.0546e+06	0	
216	0.00560234	1.27585e-05	0.00558958	0	232287	529	231758	0	
217	0.0565389	0.000142996	0.056396	0	2.34424e+06	5929	2.33831e+06	0	
218	0.0126513	6.97016e-06	0.0126443	0	524554	289	524265	0	
219	0.0214508	2.31776e-05	0.0214276	0	889405	961	888444	0	
220	0.00905128	6.17426e-06	0.00904511	0	375288	256	375032	0	
221	0.0999422	0.00025587	0.0996863	0	4.14384e+06	10609	4.13323e+06	0	
222	0.0506727	6.52156e-05	0.0506075	0	2.10101e+06	2704	2.09831e+06	0	
223	0.0193469	2.62647e-05	0.0193207	0	802173	1089	801084	0	
224	0.01592	1.75821e-05	0.0159024	0	660082	729	659353	0	
225	0.0018335	3.47302e-06	0.00183003	0	76021.5	144	75877.5	0	
226	0.0580882	9.27104e-05	0.0579954	0	2.40847e+06	3844	2.40463e+06	0	
227	0.00851699	5.42659e-06	0.00851157	0	353135	225	352910	0	
228	0.0171337	1.50738e-05	0.0171186	0	710406	625	709781	0	
229	0.00195024	4.07597e-06	0.00194617	0	80861.9	169	80692.9	0	
230	0.00829418	2.9183e-06	0.00829126	0	343897	121	343776	0	
231	0.00904961	6.17426e-06	0.00904344	0	375219	256	374963	0	
232	0.00355312	7.8143e-06	0.00354531	0	147321	324	146997	0	
233	0.0265137	5.79078e-05	0.0264558	0	1.09932e+06	2401	1.09692e+06	0	
234	0.00332225	8.70667e-06	0.00331355	0	137748	361	137387	0	
235	0.0108838	7.8143e-06	0.010876	0	451270	324	450946	0	
236	0.010471	6.17426e-06	0.0104649	0	434157	256	433900	0	
237	0.0374626	4.05427e-05	0.037422	0	1.55329e+06	1681	1.55161e+06	0	
238	0.0159869	6.17426e-06	0.0159807	0	662857	256	662601	0	
239	0.00676995	4.07597e-06	0.00676588	0	280698	169	280529	0	
240	0.00597764	2.9183e-06	0.00597472	0	247847	121	247726	0	
241	0.00692428	2.9183e-06	0.00692137	0	287097	121	286976	0	
242	0.0117365	2.9183e-06	0.0117336	0	486627	121	486506	0	
243	0.00716273	5.42659e-06	0.0071573	0	296984	225	296759	0	
244	0.0413695	0.000121579	0.0412479	0	1.71528e+06	5041	1.71024e+06	0	
245	0.00613543	3.47302e-06	0.00613195	0	254389	144	254245	0	
246	0.0188908	1.16732e-05	0.0188791	0	783259	484	782775	0	
247	0.0202462	3.85891e-05	0.0202076	0	839459	1600	837859	0	
248	0.00823478	5.42659e-06	0.00822935	0	341434	225	341209	0	
249	0.00533048	2.9183e-06	0.00532756	0	221014	121	220893	0	
250	0.00480242	3.47302e-06	0.00479895	0	199120	144	198976	0	
251	0.0674172	0.00029183	0.0671254	0	2.79528e+06	12100	2.78318e+06	0	
252	0.00472511	8.70667e-06	0.0047164	0	195914	361	195553	0	
253	0.00508585	2.9183e-06	0.00508293	0	210871	121	210750	0	
254	0.0160364	6.17426e-06	0.0160303	0	664912	256	664656	0	
255	0.00654731	3.47302e-06	0.00654383	0	271467	144	271323	0	
256	0.00610556	4.07597e-06	0.00610148	0	253151	169	252982	0	
257	0.00713531	6.17426e-06	0.00712913	0	295847	256	295591	0	
258	0.0140106	4.07597e-06	0.0140065	0	580916	169	580747	0	
259	0.0133534	4.07597e-06	0.0133493	0	553666	169	553497	0	
260	0.00724409	5.42659e-06	0.00723866	0	300357	225	300132	0	
261	0.0052923	3.47302e-06	0.00528883	0	219432	144	219288	0	
262	0.00712598	2.02834e-05	0.00710569	0	295460	841	294619	0	
263	0.00276736	4.72717e-06	0.00276263	0	114741	196	114545	0	
264	0.0331462	2.62647e-05	0.03312	0	1.37432e+06	1089	1.37323e+06	0	
265	0.0163167	2.4697e-05	0.0162921	0	676534	1024	675510	0	
266	0.0853285	0.000158239	0.0851703	0	3.53793e+06	6561	3.53136e+06	0	
267	0.0161564	4.72717e-06	0.0161517	0	669887	196	669691	0	
268	0.0199656	7.8143e-06	0.0199577	0	827822	324	827498	0	
269	0.0218064	8.70667e-06	0.0217977	0	904147	361	903786	0	
270	0.0153878	5.42659e-06	0.0153823	0	638016	225	637791	0	
271	0.011541	1.16732e-05	0.0115293	0	478519	484	478035	0	
272	0.922068	0.0122953	0.909772	0	3.82311e+07	509796	3.77213e+07	0	
273	0.0572987	4.88393e-05	0.0572498	0	2.37574e+06	2025	2.37371e+06	0	
274	0.0150619	4.07597e-06	0.0150579	0	624507	169	624338	0	
275	0.0386218	2.62647e-05	0.0385955	0	1.60135e+06	1089	1.60026e+06	0	
276	0.0200859	6.97016e-06	0.0200789	0	832810	289	832521	0	
277	0.0129376	2.9183e-06	0.0129347	0	536426	121	536305	0	
278	0.0163104	4.72717e-06	0.0163057	0	676271	196	676075	0	
279	0.00682078	9.64728e-06	0.00681113	0	282806	400	282406	0	
280	0.0218154	7.8143e-06	0.0218076	0	904523	324	904199	0	
281	0.00834468	1.3892e-05	0.00833079	0	345991	576	345415	0	
282	0.0261082	9.64728e-06	0.0260986	0	1.08251e+06	400	1.08211e+06	0	
283	0.0106934	2.31776e-05	0.0106702	0	443375	961	442414	0	
284	0.110845	0.000170178	0.110674	0	4.5959e+06	7056	4.58884e+06	0	
285	0.0181062	5.42659e-06	0.0181008	0	750729	225	750504	0	
286	0.0148738	3.47302e-06	0.0148703	0	616704	144	616560	0	
287	0.0170678	4.07597e-06	0.0170637	0	707675	169	707506	0	
288	0.0198234	6.17426e-06	0.0198173	0	821930	256	821674	0	
289	0.00940803	1.75821e-05	0.00939045	0	390080	729	389351	0	
290	0.00411009	3.47302e-06	0.00410662	0	170414	144	170270	0	
291	0.0457083	3.12572e-05	0.045677	0	1.89517e+06	1296	1.89388e+06	0	
292	0.0285368	2.02834e-05	0.0285165	0	1.1832e+06	841	1.18236e+06	0	
293	0.0562118	4.66928e-05	0.0561651	0	2.33067e+06	1936	2.32874e+06	0	
294	0.0639174	5.79078e-05	0.0638595	0	2.65017e+06	2401	2.64777e+06	0	
295	0.020667	6.17426e-06	0.0206608	0	856907	256	856651	0	
296	0.00829515	1.3892e-05	0.00828126	0	343937	576	343361	0	
297	0.0171204	4.07597e-06	0.0171163	0	709856	169	709687	0	
298	0.0835842	0.000105058	0.0834791	0	3.4656e+06	4356	3.46125e+06	0	
299	0.0338462	1.50738e-05	0.0338311	0	1.40334e+06	625	1.40272e+06	0	
300	0.0150072	4.72717e-06	0.0150025	0	622238	196	622042	0	
301	0.0162885	3.47302e-06	0.016285	0	675362	144	675218	0	
302	0.0191625	4.72717e-06	0.0191578	0	794527	196	794331	0	
303	0.0164375	3.47302e-06	0.016434	0	681541	144	681397	0	
304	0.0280144	9.64728e-06	0.0280048	0	1.16154e+06	400	1.16114e+06	0	
305	0.0589906	4.25445e-05	0.0589481	0	2.44589e+06	1764	2.44413e+06	0	
306	0.0208973	5.42659e-06	0.0208919	0	866456	225	866231	0	
307	0.0396617	1.89086e-05	0.0396428	0	1.64447e+06	784	1.64368e+06	0	
308	0.00525048	4.07597e-06	0.00524641	0	217698	169	217529	0	
309	0.312184	0.00124278	0.310942	0	1.29439e+07	51529	1.28924e+07	0	
310	0.00666835	7.8143e-06	0.00666053	0	276486	324	276162	0	
311	0.0041905	2.9183e-06	0.00418759	0	173748	121	173627	0	
312	0.0123443	4.07597e-06	0.0123402	0	511827	169	511658	0	
313	0.0237467	6.97016e-06	0.0237397	0	984598	289	984309	0	
314	0.0290618	4.05427e-05	0.0290212	0	1.20497e+06	1681	1.20329e+06	0	
315	0.0199592	4.72717e-06	0.0199545	0	827558	196	827362	0	
316	0.0813833	8.11336e-05	0.0813022	0	3.37435e+06	3364	3.37098e+06	0	
317	0.00673208	7.8143e-06	0.00672427	0	279128	324	278804	0	
318	0.0134551	5.42659e-06	0.0134497	0	557882	225	557657	0	
319	0.0370413	1.63039e-05	0.037025	0	1.53582e+06	676	1.53514e+06	0	
320	0.0799169	0.000135664	0.0797813	0	3.31355e+06	5625	3.30792e+06	0	
321	0.168664	0.000364884	0.168299	0	6.99323e+06	15129	6.9781e+06	0	
322	0.0251178	7.8143e-06	0.02511	0	1.04144e+06	324	1.04112e+06	0	
323	0.38662	0.00302239	0.383597	0	1.60302e+07	125316	1.59048e+07	0	
324	0.0843072	8.68255e-05	0.0842204	0	3.49558e+06	3600	3.49198e+06	0	
325	0.0641904	4.88393e-05	0.0641416	0	2.66149e+06	2025	2.65946e+06	0	
326	0.00431232	3.47302e-06	0.00430885	0	178799	144	178655	0	
327	0.0271851	8.70667e-06	0.0271764	0	1.12716e+06	361	1.1268e+06	0	
328	0.0187158	4.07597e-06	0.0187117	0	776003	169	775834	0	
329	0.0106394	2.9183e-06	0.0106365	0	441136	121	441015	0	
330	0.016793	3.47302e-06	0.0167896	0	696281	144	696137	0	
331	0.0331487	1.27585e-05	0.033136	0	1.37442e+06	529	1.3739e+06	0	
332	0.0178716	4.07597e-06	0.0178675	0	741003	169	740834	0	
333	0.0548554	3.85891e-05	0.0548168	0	2.27444e+06	1600	2.27284e+06	0	
334	0.0151817	2.9183e-06	0.0151788	0	629471	121	629350	0	
335	0.0200418	4.72717e-06	0.0200371	0	830983	196	830787	0	
336	0.017235	3.47302e-06	0.0172315	0	714606	144	714462	0	
337	0.0261901	7.8143e-06	0.0261823	0	1.0859e+06	324	1.08558e+06	0	
338	0.0267409	8.70667e-06	0.0267322	0	1.10874e+06	361	1.10838e+06	0	
339	0.0166234	3.47302e-06	0.0166199	0	689247	144	689103	0	
340	0.0205567	5.42659e-06	0.0205513	0	852332	225	852107	0	
341	0.0413863	2.17063e-05	0.0413646	0	1.71598e+06	900	1.71508e+06	0	
342	0.0178127	4.07597e-06	0.0178087	0	738562	169	738393	0	
343	0.0293876	9.64728e-06	0.029378	0	1.21848e+06	400	1.21808e+06	0	
344	0.00566684	3.47302e-06	0.00566337	0	234961	144	234817	0	
345	0.0187543	4.07597e-06	0.0187502	0	777599	169	777430	0	
346	0.0293759	2.02834e-05	0.0293556	0	1.21799e+06	841	1.21715e+06	0	
347	0.720585	0.0115159	0.709069	0	2.98772e+07	477481	2.93997e+07	0	
348	0.0155392	2.9183e-06	0.0155363	0	644296	121	644175	0	
349	0.0186418	4.07597e-06	0.0186378	0	772937	169	772768	0	
350	0.0218184	1.16732e-05	0.0218067	0	904645	484	904161	0	
351	0.0179342	6.97016e-06	0.0179273	0	743599	289	743310	0	
352	0.0737263	5.79078e-05	0.0736684	0	3.05687e+06	2401	3.05447e+06	0	
353	0.0139168	1.75821e-05	0.0138992	0	577027	729	576298	0	
354	0.0158382	2.9183e-06	0.0158353	0	656692	121	656571	0	
355	0.010544	9.64728e-06	0.0105344	0	437182	400	436782	0	
356	0.00686112	3.47302e-06	0.00685765	0	284478	144	284334	0	
357	0.0227988	6.17426e-06	0.0227926	0	945294	256	945038	0	
358	0.0277619	8.70667e-06	0.0277532	0	1.15107e+06	361	1.15071e+06	0	
359	0.0241351	6.97016e-06	0.0241282	0	1.0007e+06	289	1.00041e+06	0	
360	0.0175623	3.47302e-06	0.0175588	0	728176	144	728032	0	
361	0.0183156	3.47302e-06	0.0183121	0	759412	144	759268	0	
362	0.0212936	4.72717e-06	0.0212889	0	882888	196	882692	0	
363	0.0180864	3.47302e-06	0.0180829	0	749909	144	749765	0	
364	0.00767891	4.07597e-06	0.00767483	0	318386	169	318217	0	
365	0.0160199	2.9183e-06	0.0160169	0	664224	121	664103	0	
366	0.0294226	9.64728e-06	0.029413	0	1.21993e+06	400	1.21953e+06	0	
367	0.127109	0.000364884	0.126744	0	5.27027e+06	15129	5.25514e+06	0	
368	1.94044	0.0389002	1.90154	0	8.04555e+07	1.6129e+06	7.88426e+07	0	
369	0.0155374	2.9183e-06	0.0155345	0	644220	121	644099	0	
370	0.0510424	2.62647e-05	0.0510161	0	2.11634e+06	1089	2.11525e+06	0	
371	0.0212014	5.42659e-06	0.021196	0	879065	225	878840	0	
372	0.0282633	8.70667e-06	0.0282546	0	1.17186e+06	361	1.1715e+06	0	
373	0.0314454	1.16732e-05	0.0314337	0	1.3038e+06	484	1.30331e+06	0	
374	0.0227321	1.89086e-05	0.0227131	0	942528	784	941744	0	
375	0.0113488	5.42659e-06	0.0113434	0	470552	225	470327	0	
376	0.0249615	6.17426e-06	0.0249553	0	1.03496e+06	256	1.03471e+06	0	
377	0.0192542	4.72717e-06	0.0192494	0	798327	196	798131	0	
378	0.0176577	3.47302e-06	0.0176542	0	732132	144	731988	0	
379	0.016408	2.9183e-06	0.016405	0	680316	121	680195	0	
380	0.0399801	1.75821e-05	0.0399625	0	1.65767e+06	729	1.65694e+06	0	
381	0.0229372	6.17426e-06	0.0229311	0	951035	256	950779	0	
382	0.0456481	2.02834e-05	0.0456278	0	1.89268e+06	841	1.89184e+06	0	
383	0.0238716	6.97016e-06	0.0238646	0	989775	289	989486	0	
384	0.0735026	7.03287e-05	0.0734323	0	3.0476e+06	2916	3.04468e+06	0	
385	0.0186159	3.47302e-06	0.0186124	0	771862	144	771718	0	
386	0.0161649	2.9183e-06	0.016162	0	670237	121	670116	0	
387	0.0289125	8.70667e-06	0.0289038	0	1.19878e+06	361	1.19842e+06	0	
388	0.00718783	3.47302e-06	0.00718436	0	298025	144	297881	0	
389	0.0244738	6.97016e-06	0.0244669	0	1.01474e+06	289	1.01445e+06	0	
390	0.0177147	4.07597e-06	0.0177106	0	734496	169	734327	0	
391	0.0284818	1.06361e-05	0.0284712	0	1.18092e+06	441	1.18048e+06	0	
392	0.0796382	6.27314e-05	0.0795755	0	3.30199e+06	2601	3.29939e+06	0	
393	0.024824	6.17426e-06	0.0248179	0	1.02926e+06	256	1.02901e+06	0	
394	0.0186548	3.47302e-06	0.0186513	0	773473	144	773329	0	
395	0.27871	0.00121015	0.2775	0	1.1556e+07	50176	1.15058e+07	0	
396	0.179893	0.000318963	0.179574	0	7.45882e+06	13225	7.44559e+06	0	
397	0.0697712	5.10341e-05	0.0697202	0	2.89288e+06	2116	2.89077e+06	0	
398	0.121962	0.000139306	0.121823	0	5.05686e+06	5776	5.05108e+06	0	
399	0.0349799	2.4697e-05	0.0349553	0	1.45035e+06	1024	1.44933e+06	0	
400	0.274346	0.00068884	0.273657	0	1.1375e+07	28561	1.13465e+07	0	
401	0.0149433	3.47302e-06	0.0149398	0	619587	144	619443	0	
402	0.0122062	2.9183e-06	0.0122033	0	506099	121	505978	0	
403	0.0225459	5.42659e-06	0.0225405	0	934811	225	934586	0	
404	6.22203	0.361776	5.86025	0	2.5798e+08	1.50001e+07	2.4298e+08	0	
405	0.0297004	8.70667e-06	0.0296917	0	1.23145e+06	361	1.23109e+06	0	
406	0.0162503	5.42659e-06	0.0162449	0	673779	225	673554	0	
407	0.0125849	4.07597e-06	0.0125808	0	521800	169	521631	0	
408	0.0361881	2.95448e-05	0.0361586	0	1.50044e+06	1225	1.49922e+06	0	
409	0.0168769	6.97016e-06	0.0168699	0	699760	289	699471	0	
410	0.0409723	2.4697e-05	0.0409476	0	1.69881e+06	1024	1.69778e+06	0	
411	0.0219892	4.07597e-06	0.0219851	0	911726	169	911557	0	
412	0.0569751	7.56347e-05	0.0568995	0	2.36232e+06	3136	2.35919e+06	0	
413	0.0320669	8.70667e-06	0.0320582	0	1.32957e+06	361	1.32921e+06	0	
414	0.0527556	2.31776e-05	0.0527324	0	2.18737e+06	961	2.18641e+06	0	
415	0.42984	0.00163039	0.428209	0	1.78222e+07	67600	1.77546e+07	0	
416	0.0156078	2.9183e-06	0.0156049	0	647140	121	647019	0	
417	0.0223371	6.17426e-06	0.022331	0	926154	256	925898	0	
418	0.0261903	1.3892e-05	0.0261764	0	1.08591e+06	576	1.08534e+06	0	
419	0.0297068	1.06361e-05	0.0296961	0	1.23171e+06	441	1.23127e+06	0	
420	0.0313383	9.64728e-06	0.0313287	0	1.29936e+06	400	1.29896e+06	0	
421	0.0219783	4.72717e-06	0.0219736	0	911276	196	911080	0	
422	0.033118	1.06361e-05	0.0331073	0	1.37315e+06	441	1.37271e+06	0	
423	0.0218712	4.07597e-06	0.0218671	0	906834	169	906665	0	
424	0.0219928	4.07597e-06	0.0219887	0	911875	169	911706	0	
425	0.0321985	8.70667e-06	0.0321898	0	1.33502e+06	361	1.33466e+06	0	
426	0.0207554	4.07597e-06	0.0207513	0	860571	169	860402	0	
427	0.0806671	6.02955e-05	0.0806068	0	3.34465e+06	2500	3.34215e+06	0	
428	0.0203959	4.07597e-06	0.0203918	0	845666	169	845497	0	
429	0.0207413	4.07597e-06	0.0207372	0	859987	169	859818	0	
430	0.0256222	5.42659e-06	0.0256168	0	1.06236e+06	225	1.06213e+06	0	
431	0.0313108	7.8143e-06	0.031303	0	1.29822e+06	324	1.2979e+06	0	
432	0.0519435	2.17063e-05	0.0519218	0	2.1537e+06	900	2.1528e+06	0	
433	0.023044	4.72717e-06	0.0230393	0	955463	196	955267	0	
434	0.0347475	1.06361e-05	0.0347368	0	1.44071e+06	441	1.44027e+06	0	
435	0.022474	6.17426e-06	0.0224678	0	931828	256	931572	0	
436	0.0231945	4.72717e-06	0.0231898	0	961703	196	961507	0	
437	0.0180187	2.9183e-06	0.0180158	0	747101	121	746980	0	
438	0.152968	0.00019104	0.152777	0	6.34246e+06	7921	6.33453e+06	0	
439	0.0206191	3.47302e-06	0.0206156	0	854920	144	854776	0	
440	0.0359157	1.06361e-05	0.035905	0	1.48915e+06	441	1.48871e+06	0	
441	0.0450257	1.89086e-05	0.0450068	0	1.86687e+06	784	1.86609e+06	0	
442	0.0214038	4.07597e-06	0.0213997	0	887454	169	887285	0	
443	0.10666	9.27104e-05	0.106568	0	4.42241e+06	3844	4.41857e+06	0	
444	0.0929658	7.03287e-05	0.0928955	0	3.85459e+06	2916	3.85167e+06	0	
445	0.0117144	3.47302e-06	0.0117109	0	485709	144	485565	0	
446	0.0752121	4.45945e-05	0.0751675	0	3.11847e+06	1849	3.11662e+06	0	
447	0.269175	0.000632958	0.268542	0	1.11606e+07	26244	1.11344e+07	0	
448	0.226308	0.000433066	0.225875	0	9.38329e+06	17956	9.36534e+06	0	
449	0.0239037	4.72717e-06	0.023899	0	991108	196	990912	0	
450	0.391715	0.00125376	0.390461	0	1.62414e+07	51984	1.61894e+07	0	
451	0.0206581	3.47302e-06	0.0206546	0	856535	144	856391	0	
452	0.0323736	9.64728e-06	0.032364	0	1.34229e+06	400	1.34189e+06	0	
453	0.0203332	3.47302e-06	0.0203297	0	843065	144	842921	0	
454	0.0238847	4.72717e-06	0.0238799	0	990318	196	990122	0	
455	0.0347779	1.06361e-05	0.0347673	0	1.44197e+06	441	1.44153e+06	0	
456	0.105657	9.87882e-05	0.105558	0	4.38081e+06	4096	4.37672e+06	0	
457	0.027883	1.89086e-05	0.027864	0	1.15609e+06	784	1.15531e+06	0	
458	0.0323969	9.64728e-06	0.0323873	0	1.34325e+06	400	1.34285e+06	0	
459	0.0323878	8.70667e-06	0.0323791	0	1.34287e+06	361	1.34251e+06	0	
460	0.0391079	1.27585e-05	0.0390951	0	1.6215e+06	529	1.62098e+06	0	
461	0.0319753	9.64728e-06	0.0319657	0	1.32577e+06	400	1.32537e+06	0	
462	0.0412895	1.3892e-05	0.0412756	0	1.71196e+06	576	1.71138e+06	0	
463	0.0728974	4.45945e-05	0.0728528	0	3.0225e+06	1849	3.02065e+06	0	
464	0.0197234	8.70667e-06	0.0197147	0	817781	361	817420	0	
465	0.0302034	7.8143e-06	0.0301955	0	1.2523e+06	324	1.25198e+06	0	
466	0.0181907	3.47302e-06	0.0181872	0	754231	144	754087	0	
467	0.0172653	2.9183e-06	0.0172624	0	715865	121	715744	0	
468	0.0712115	0.000105058	0.0711064	0	2.9526e+06	4356	2.94824e+06	0	
469	0.118995	0.000118179	0.118877	0	4.93385e+06	4900	4.92895e+06	0	
470	0.0238223	4.72717e-06	0.0238176	0	987732	196	987536	0	
471	0.0241647	4.72717e-06	0.02416	0	1.00193e+06	196	1.00173e+06	0	
472	0.0582745	2.78806e-05	0.0582466	0	2.4162e+06	1156	2.41504e+06	0	
473	0.0409227	1.3892e-05	0.0409088	0	1.69675e+06	576	1.69617e+06	0	
474	0.018621	2.9183e-06	0.0186181	0	772074	121	771953	0	
475	0.0413255	1.3892e-05	0.0413116	0	1.71345e+06	576	1.71288e+06	0	
476	0.0313251	7.8143e-06	0.0313173	0	1.29881e+06	324	1.29849e+06	0	
477	0.0192389	2.9183e-06	0.019236	0	797695	121	797574	0	
478	0.025462	5.42659e-06	0.0254566	0	1.05571e+06	225	1.05549e+06	0	
479	0.167916	0.000236382	0.16768	0	6.96222e+06	9801	6.95242e+06	0	
480	0.0492094	1.89086e-05	0.0491905	0	2.04034e+06	784	2.03955e+06	0	
481	0.0236685	4.72717e-06	0.0236638	0	981356	196	981160	0	
482	0.0610164	3.12572e-05	0.0609852	0	2.52989e+06	1296	2.52859e+06	0	
483	0.0490855	1.89086e-05	0.0490666	0	2.0352e+06	784	2.03442e+06	0	
484	0.0403518	3.66838e-05	0.0403151	0	1.67308e+06	1521	1.67156e+06	0	
485	0.0590786	2.78806e-05	0.0590507	0	2.44954e+06	1156	2.44838e+06	0	
486	0.0311847	9.64728e-06	0.0311751	0	1.29299e+06	400	1.29259e+06	0	
487	0.0718043	5.10341e-05	0.0717532	0	2.97718e+06	2116	2.97506e+06	0	
488	0.0417966	1.75821e-05	0.041779	0	1.73299e+06	729	1.73226e+06	0	
489	0.0232485	5.42659e-06	0.023243	0	963939	225	963714	0	
490	0.0445113	4.66928e-05	0.0444646	0	1.84554e+06	1936	1.84361e+06	0	
491	0.0169457	2.9183e-06	0.0169428	0	702612	121	702491	0	
492	0.0479149	2.31776e-05	0.0478917	0	1.98666e+06	961	1.9857e+06	0	
493	5.12866	0.222304	4.90636	0	2.12646e+08	9.21729e+06	2.03429e+08	0	
494	0.0456463	2.02834e-05	0.045626	0	1.89261e+06	841	1.89176e+06	0	
495	0.00659184	2.4697e-05	0.00656714	0	273313	1024	272289	0	
496	0.0204554	9.64728e-06	0.0204457	0	848131	400	847731	0	
497	0.0714308	4.88393e-05	0.071382	0	2.96169e+06	2025	2.95967e+06	0	
498	0.00511906	1.27585e-05	0.0051063	0	212249	529	211720	0	
499	0.0452985	2.02834e-05	0.0452782	0	1.87818e+06	841	1.87734e+06	0	
500	0.0698001	4.66928e-05	0.0697534	0	2.89408e+06	1936	2.89214e+06	0	
501	0.0221359	4.72717e-06	0.0221312	0	917811	196	917615	0	
502	0.00333976	6.97016e-06	0.00333279	0	138474	289	138185	0	
503	0.13151	0.00525991	0.12625	0	5.45273e+06	218089	5.23465e+06	0	
504	0.0286224	7.8143e-06	0.0286146	0	1.18675e+06	324	1.18643e+06	0	
505	0.0212912	4.07597e-06	0.0212871	0	882786	169	882617	0	
506	0.112357	0.000125028	0.112232	0	4.6586e+06	5184	4.65341e+06	0	
507	0.0108279	7.836e-05	0.0107495	0	448953	3249	445704	0	
508	0.0507642	2.31776e-05	0.0507411	0	2.10481e+06	961	2.10385e+06	0	
509	0.035265	1.06361e-05	0.0352543	0	1.46217e+06	441	1.46173e+06	0	
510	0.0319473	8.70667e-06	0.0319386	0	1.32461e+06	361	1.32425e+06	0	
511	0.0449376	1.89086e-05	0.0449187	0	1.86322e+06	784	1.86243e+06	0	
512	0.0224528	4.72717e-06	0.0224481	0	930949	196	930753	0	
513	0.126798	0.000139306	0.126659	0	5.25737e+06	5776	5.25159e+06	0	
514	0.0184076	2.9183e-06	0.0184047	0	763227	121	763106	0	
515	0.0401013	1.50738e-05	0.0400862	0	1.66269e+06	625	1.66207e+06	0	
516	0.00313173	4.07597e-06	0.00312766	0	129849	169	129680	0	
517	0.0375736	0.000755599	0.036818	0	1.55789e+06	31329	1.52656e+06	0	
518	0.0234884	4.72717e-06	0.0234837	0	973887	196	973691	0	
519	0.020291	3.47302e-06	0.0202875	0	841317	144	841173	0	
520	0.0371919	1.27585e-05	0.0371792	0	1.54207e+06	529	1.54154e+06	0	
521	0.115201	0.000132071	0.115069	0	4.77652e+06	5476	4.77105e+06	0	
522	0.0574281	2.95448e-05	0.0573986	0	2.38111e+06	1225	2.37988e+06	0	
523	0.0254486	5.42659e-06	0.0254432	0	1.05516e+06	225	1.05493e+06	0	
524	0.0548415	3.12572e-05	0.0548103	0	2.27386e+06	1296	2.27257e+06	0	
525	0.00688625	1.89086e-05	0.00686734	0	285521	784	284737	0	
526	0.0289627	6.97016e-06	0.0289558	0	1.20086e+06	289	1.20057e+06	0	
527	0.019357	3.47302e-06	0.0193536	0	802592	144	802448	0	
528	0.0185019	2.9183e-06	0.018499	0	767135	121	767014	0	
529	0.0593365	2.95448e-05	0.0593069	0	2.46023e+06	1225	2.45901e+06	0	
530	0.0334331	1.16732e-05	0.0334215	0	1.38622e+06	484	1.38573e+06	0	
531	0.04457	1.75821e-05	0.0445524	0	1.84798e+06	729	1.84725e+06	0	
532	0.0232889	4.72717e-06	0.0232842	0	965617	196	965421	0	
533	0.0252114	6.17426e-06	0.0252052	0	1.04532e+06	256	1.04507e+06	0	
534	0.00353242	3.47302e-06	0.00352895	0	146462	144	146318	0	
535	0.0248621	5.42659e-06	0.0248566	0	1.03084e+06	225	1.03061e+06	0	
536	0.0180048	2.9183e-06	0.0180019	0	746526	121	746405	0	
537	0.100537	8.68255e-05	0.10045	0	4.16853e+06	3600	4.16493e+06	0	
538	0.0236929	4.72717e-06	0.0236882	0	982366	196	982170	0	
539	0.027006	6.17426e-06	0.0269999	0	1.11973e+06	256	1.11948e+06	0	
540	0.0411423	1.63039e-05	0.041126	0	1.70586e+06	676	1.70518e+06	0	
541	0.0411696	1.50738e-05	0.0411545	0	1.70699e+06	625	1.70636e+06	0	
542	0.0115799	2.9183e-06	0.011577	0	480132	121	480011	0	
543	0.0420348	1.75821e-05	0.0420172	0	1.74286e+06	729	1.74213e+06	0	
544	0.0196958	3.47302e-06	0.0196923	0	816637	144	816493	0	
545	0.0454916	1.75821e-05	0.045474	0	1.88619e+06	729	1.88546e+06	0	
546	0.014671	4.72717e-06	0.0146663	0	608296	196	608100	0	
547	0.0209492	8.70667e-06	0.0209405	0	868606	361	868245	0	
548	0.03526	1.16732e-05	0.0352483	0	1.46196e+06	484	1.46148e+06	0	
549	0.0202604	4.07597e-06	0.0202564	0	840048	169	839879	0	
550	0.0473188	2.17063e-05	0.0472971	0	1.96195e+06	900	1.96105e+06	0	
551	0.109806	0.000105058	0.109701	0	4.55282e+06	4356	4.54847e+06	0	
552	0.0177132	2.9183e-06	0.0177103	0	734436	121	734315	0	
553	0.0190629	3.47302e-06	0.0190594	0	790395	144	790251	0	
554	0.572948	0.00705894	0.565889	0	2.37558e+07	292681	2.34631e+07	0	
555	0.0116275	2.9183e-06	0.0116246	0	482107	121	481986	0	
556	0.0500892	2.4697e-05	0.0500645	0	2.07682e+06	1024	2.07579e+06	0	
557	0.0667691	3.85891e-05	0.0667305	0	2.76841e+06	1600	2.76681e+06	0	
558	0.0177729	2.9183e-06	0.01777	0	736911	121	736790	0	
559	0.109522	0.000114826	0.109407	0	4.54107e+06	4761	4.53631e+06	0	
560	0.0271323	0.000146735	0.0269856	0	1.12497e+06	6084	1.11889e+06	0	
561	0.0360935	1.27585e-05	0.0360808	0	1.49652e+06	529	1.49599e+06	0	
562	0.0230418	5.42659e-06	0.0230363	0	955370	225	955145	0	
563	0.0954835	0.00207052	0.0934129	0	3.95897e+06	85849	3.87313e+06	0	
564	0.0590956	3.30178e-05	0.0590626	0	2.45024e+06	1369	2.44888e+06	0	
565	0.030858	9.64728e-06	0.0308483	0	1.27944e+06	400	1.27904e+06	0	
566	0.0335089	1.06361e-05	0.0334982	0	1.38936e+06	441	1.38892e+06	0	
567	0.0177902	2.9183e-06	0.0177873	0	737626	121	737505	0	
568	0.0721796	5.10341e-05	0.0721285	0	2.99274e+06	2116	2.99062e+06	0	
569	7.28376	0.877832	6.40593	0	3.02002e+08	3.6397e+07	2.65605e+08	0	
570	0.014939	4.72717e-06	0.0149343	0	619411	196	619215	0	
571	0.0201145	3.47302e-06	0.0201111	0	834000	144	833856	0	
572	0.0325305	9.64728e-06	0.0325209	0	1.34879e+06	400	1.34839e+06	0	
573	0.0283146	6.97016e-06	0.0283077	0	1.17399e+06	289	1.1737e+06	0	
574	0.159358	0.000265903	0.159092	0	6.60738e+06	11025	6.59636e+06	0	
575	0.0427317	8.97438e-05	0.042642	0	1.77176e+06	3721	1.76804e+06	0	
576	0.0160111	6.97016e-06	0.0160041	0	663861	289	663572	0	
577	0.0298535	7.8143e-06	0.0298457	0	1.2378e+06	324	1.23747e+06	0	
578	0.0195508	3.47302e-06	0.0195473	0	810625	144	810481	0	
579	0.0291733	7.8143e-06	0.0291655	0	1.20959e+06	324	1.20927e+06	0	
580	0.0193233	3.47302e-06	0.0193198	0	801191	144	801047	0	
581	0.0367965	1.27585e-05	0.0367838	0	1.52567e+06	529	1.52514e+06	0	
582	0.193537	0.000335822	0.193201	0	8.02452e+06	13924	8.01059e+06	0	
583	0.0161146	0.000118179	0.0159964	0	668150	4900	663250	0	
584	0.0243503	5.42659e-06	0.0243449	0	1.00962e+06	225	1.0094e+06	0	
585	0.0643212	3.66838e-05	0.0642845	0	2.66691e+06	1521	2.66539e+06	0	
586	0.0380141	1.27585e-05	0.0380014	0	1.57616e+06	529	1.57563e+06	0	
587	0.0708478	4.66928e-05	0.0708011	0	2.93752e+06	1936	2.93558e+06	0	
588	0.0297313	7.8143e-06	0.0297235	0	1.23273e+06	324	1.23241e+06	0	
589	0.00728745	2.31776e-05	0.00726427	0	302155	961	301194	0	
590	0.0275113	6.97016e-06	0.0275044	0	1.14068e+06	289	1.1404e+06	0	
591	0.0197314	3.47302e-06	0.0197279	0	818112	144	817968	0	
592	0.0121849	3.48267e-05	0.0121501	0	505219	1444	503775	0	
593	0.0615616	3.48267e-05	0.0615268	0	2.55249e+06	1444	2.55105e+06	0	
594	0.275579	0.000680712	0.274898	0	1.14261e+07	28224	1.13979e+07	0	
595	0.0245038	5.42659e-06	0.0244984	0	1.01598e+06	225	1.01576e+06	0	
596	0.0196206	3.47302e-06	0.0196171	0	813520	144	813376	0	
597	0.0244302	5.42659e-06	0.0244248	0	1.01293e+06	225	1.01271e+06	0	
598	0.0287229	7.8143e-06	0.0287151	0	1.19092e+06	324	1.1906e+06	0	
599	0.0175984	2.9183e-06	0.0175955	0	729675	121	729554	0	
600	0.168363	0.000602087	0.167761	0	6.98074e+06	24964	6.95578e+06	0	
601	0.0179519	2.9183e-06	0.017949	0	744332	121	744211	0	
602	0.0210101	4.07597e-06	0.0210061	0	871133	169	870964	0	
603	0.105785	0.000108266	0.105676	0	4.3861e+06	4489	4.38161e+06	0	
604	0.0228895	4.72717e-06	0.0228848	0	949056	196	948860	0	
605	0.145826	0.000199722	0.145626	0	6.04631e+06	8281	6.03803e+06	0	
606	0.0236134	1.75821e-05	0.0235958	0	979070	729	978341	0	
607	0.02271	4.72717e-06	0.0227053	0	941615	196	941419	0	
608	1.76308	0.0281836	1.7349	0	7.31019e+07	1.16856e+06	7.19334e+07	0	
609	0.0390552	1.3892e-05	0.0390414	0	1.61932e+06	576	1.61875e+06	0	
610	0.080774	6.02955e-05	0.0807137	0	3.34908e+06	2500	3.34658e+06	0	
611	0.0211301	4.07597e-06	0.021126	0	876107	169	875938	0	
612	0.0309214	8.70667e-06	0.0309127	0	1.28207e+06	361	1.28171e+06	0	
613	0.0177714	2.9183e-06	0.0177685	0	736847	121	736726	0	
614	0.0274986	6.97016e-06	0.0274916	0	1.14016e+06	289	1.13987e+06	0	
615	0.0456358	3.48267e-05	0.0456009	0	1.89217e+06	1444	1.89072e+06	0	
616	0.00378637	7.8143e-06	0.00377855	0	156992	324	156668	0	
617	0.0142249	3.47302e-06	0.0142214	0	589801	144	589657	0	
618	0.108007	0.000208598	0.107798	0	4.47824e+06	8649	4.46959e+06	0	
619	0.0490326	4.25445e-05	0.04899	0	2.03301e+06	1764	2.03124e+06	0	
620	0.0173264	5.42659e-06	0.017321	0	718397	225	718172	0	
621	0.0577809	7.03287e-05	0.0577105	0	2.39573e+06	2916	2.39282e+06	0	
622	0.0182741	1.06361e-05	0.0182635	0	757690	441	757249	0	
623	0.0412307	4.45945e-05	0.0411861	0	1.70952e+06	1849	1.70768e+06	0	
624	0.0112767	3.47302e-06	0.0112732	0	467560	144	467416	0	
625	0.0117669	2.9183e-06	0.011764	0	487886	121	487765	0	
626	0.0132673	5.42659e-06	0.0132619	0	550095	225	549870	0	
627	0.0263013	1.3892e-05	0.0262874	0	1.09051e+06	576	1.08994e+06	0	
628	0.0105818	3.47302e-06	0.0105783	0	438749	144	438605	0	
629	0.010725	3.47302e-06	0.0107216	0	444688	144	444544	0	
630	0.0107705	3.47302e-06	0.010767	0	446573	144	446429	0	
631	0.0137595	4.07597e-06	0.0137554	0	570505	169	570336	0	
632	0.0910694	0.000236382	0.090833	0	3.77596e+06	9801	3.76616e+06	0	
633	0.11226	0.000246029	0.112014	0	4.6546e+06	10201	4.6444e+06	0	
634	0.0534758	6.27314e-05	0.0534131	0	2.21723e+06	2601	2.21463e+06	0	
635	0.0109347	3.47302e-06	0.0109312	0	453380	144	453236	0	
636	0.0451349	5.79078e-05	0.045077	0	1.8714e+06	2401	1.869e+06	0	
637	0.01501	4.72717e-06	0.0150053	0	622352	196	622156	0	
638	0.0119795	4.07597e-06	0.0119754	0	496700	169	496531	0	
639	0.0166114	7.8143e-06	0.0166036	0	688752	324	688428	0	
640	0.0164776	5.42659e-06	0.0164722	0	683205	225	682980	0	
641	0.0479324	6.52156e-05	0.0478672	0	1.98739e+06	2704	1.98469e+06	0	
642	0.0101048	2.9183e-06	0.0101019	0	418971	121	418850	0	
643	0.0234083	1.16732e-05	0.0233966	0	970565	484	970081	0	
644	0.0420999	4.88393e-05	0.042051	0	1.74556e+06	2025	1.74353e+06	0	
645	0.0276261	1.50738e-05	0.027611	0	1.14544e+06	625	1.14482e+06	0	
646	0.0101264	6.17426e-06	0.0101203	0	419868	256	419612	0	
647	0.0681693	0.000108266	0.0680611	0	2.82646e+06	4489	2.82197e+06	0	
648	0.0617356	7.29575e-05	0.0616626	0	2.5597e+06	3025	2.55668e+06	0	
649	0.0240525	1.50738e-05	0.0240374	0	997275	625	996650	0	
650	14.0291	2.50041	11.5287	0	5.81684e+08	1.03673e+08	4.78011e+08	0	
651	0.0175371	7.8143e-06	0.0175293	0	727135	324	726811	0	
652	0.190415	0.00070524	0.18971	0	7.89509e+06	29241	7.86585e+06	0	
653	0.0208819	1.16732e-05	0.0208702	0	865815	484	865331	0	
654	0.0332222	2.78806e-05	0.0331943	0	1.37747e+06	1156	1.37631e+06	0	
655	0.0466148	5.10341e-05	0.0465638	0	1.93276e+06	2116	1.93064e+06	0	
656	0.0451438	4.66928e-05	0.0450971	0	1.87177e+06	1936	1.86983e+06	0	
657	0.173122	0.000648683	0.172473	0	7.17806e+06	26896	7.15117e+06	0	
658	0.0339422	2.31776e-05	0.033919	0	1.40732e+06	961	1.40636e+06	0	
659	0.0455405	5.10341e-05	0.0454894	0	1.88822e+06	2116	1.8861e+06	0	
660	0.0223136	1.16732e-05	0.0223019	0	925176	484	924692	0	
661	0.0139043	4.07597e-06	0.0139002	0	576508	169	576339	0	
662	0.0831453	0.00018255	0.0829628	0	3.4474e+06	7569	3.43984e+06	0	
663	0.0115853	2.9183e-06	0.0115823	0	480355	121	480234	0	
664	0.261112	0.0014008	0.259711	0	1.08263e+07	58081	1.07682e+07	0	
665	0.0261536	1.89086e-05	0.0261347	0	1.08439e+06	784	1.0836e+06	0	
666	0.0110448	2.9183e-06	0.0110419	0	457946	121	457825	0	
667	0.0272257	1.75821e-05	0.0272082	0	1.12884e+06	729	1.12811e+06	0	
668	0.0580563	8.68255e-05	0.0579695	0	2.40715e+06	3600	2.40355e+06	0	
669	0.0103723	4.72717e-06	0.0103676	0	430064	196	429868	0	
670	0.0338109	3.48267e-05	0.0337761	0	1.40188e+06	1444	1.40044e+06	0	
671	0.0224608	1.06361e-05	0.0224501	0	931280	441	930839	0	
672	0.0765537	0.000111522	0.0764422	0	3.1741e+06	4624	3.16948e+06	0	
673	0.014193	4.07597e-06	0.0141889	0	588478	169	588309	0	
674	0.316039	0.00212744	0.313911	0	1.31037e+07	88209	1.30155e+07	0	
675	0.268592	0.00147142	0.267121	0	1.11365e+07	61009	1.10755e+07	0	
676	0.0129905	3.47302e-06	0.012987	0	538620	144	538476	0	
677	0.0127275	3.47302e-06	0.0127241	0	527717	144	527573	0	
678	0.0153538	5.42659e-06	0.0153484	0	636609	225	636384	0	
679	0.0114605	2.9183e-06	0.0114576	0	475182	121	475061	0	
680	0.0296104	1.75821e-05	0.0295928	0	1.22772e+06	729	1.22699e+06	0	
681	0.0191124	7.8143e-06	0.0191046	0	792449	324	792125	0	
682	0.0661492	8.97438e-05	0.0660595	0	2.7427e+06	3721	2.73898e+06	0	
683	0.163788	0.000507085	0.163281	0	6.79108e+06	21025	6.77005e+06	0	
684	0.0138606	4.72717e-06	0.0138558	0	574694	196	574498	0	
685	0.0219237	1.06361e-05	0.021913	0	909010	441	908569	0	
686	0.0203011	8.70667e-06	0.0202924	0	841734	361	841373	0	
687	0.0186913	7.8143e-06	0.0186835	0	774988	324	774664	0	
688	0.015358	4.72717e-06	0.0153532	0	636780	196	636584	0	
689	0.246225	0.00116732	0.245057	0	1.02091e+07	48400	1.01607e+07	0	
690	0.0386732	2.95448e-05	0.0386437	0	1.60348e+06	1225	1.60226e+06	0	
691	0.0331063	2.31776e-05	0.0330831	0	1.37266e+06	961	1.3717e+06	0	
692	0.233352	0.00109421	0.232258	0	9.67538e+06	45369	9.63001e+06	0	
693	0.105272	0.000226928	0.105045	0	4.36485e+06	9409	4.35544e+06	0	
694	0.021761	9.64728e-06	0.0217514	0	902266	400	901866	0	
695	0.018063	6.17426e-06	0.0180568	0	748939	256	748683	0	
696	0.036075	2.4697e-05	0.0360503	0	1.49576e+06	1024	1.49473e+06	0	
697	0.0195123	7.8143e-06	0.0195045	0	809028	324	808704	0	
698	0.0132195	3.47302e-06	0.013216	0	548115	144	547971	0	
699	0.0140616	4.07597e-06	0.0140575	0	583030	169	582861	0	
700	0.0198705	7.8143e-06	0.0198627	0	823882	324	823558	0	
701	0.024366	1.16732e-05	0.0243543	0	1.01027e+06	484	1.00979e+06	0	
702	0.0345906	2.31776e-05	0.0345675	0	1.43421e+06	961	1.43325e+06	0	
703	0.0180557	1.50738e-05	0.0180406	0	748634	625	748009	0	
704	0.0126328	3.47302e-06	0.0126293	0	523789	144	523645	0	
705	0.0407723	4.25445e-05	0.0407298	0	1.69052e+06	1764	1.68875e+06	0	
706	0.0646296	8.68255e-05	0.0645428	0	2.6797e+06	3600	2.6761e+06	0	
707	0.0142693	4.07597e-06	0.0142652	0	591640	169	591471	0	
708	0.0523121	8.11336e-05	0.052231	0	2.16899e+06	3364	2.16562e+06	0	
709	0.0686141	9.57251e-05	0.0685184	0	2.84491e+06	3969	2.84094e+06	0	
710	0.0268213	1.3892e-05	0.0268074	0	1.11207e+06	576	1.1115e+06	0	
711	0.0865109	0.000146735	0.0863642	0	3.58695e+06	6084	3.58087e+06	0	
712	0.174202	0.00058694	0.173615	0	7.22284e+06	24336	7.19851e+06	0	
713	0.359092	0.00251622	0.356576	0	1.48888e+07	104329	1.47845e+07	0	
714	0.0271986	4.05427e-05	0.027158	0	1.12772e+06	1681	1.12604e+06	0	
715	0.0106945	3.47302e-06	0.0106911	0	443423	144	443279	0	
716	0.0544248	8.11336e-05	0.0543436	0	2.25658e+06	3364	2.25322e+06	0	
717	0.0107348	3.47302e-06	0.0107314	0	445094	144	444950	0	
718	0.0157779	4.72717e-06	0.0157732	0	654191	196	653995	0	
719	0.01244	2.9183e-06	0.0124371	0	515795	121	515674	0	
720	0.161459	0.000486319	0.160972	0	6.69449e+06	20164	6.67433e+06	0	
721	0.0299552	2.17063e-05	0.0299335	0	1.24201e+06	900	1.24111e+06	0	
722	0.116126	0.000364884	0.115761	0	4.81487e+06	15129	4.79974e+06	0	
723	0.180248	0.000625168	0.179622	0	7.47352e+06	25921	7.4476e+06	0	
724	0.138235	0.000358975	0.137876	0	5.73157e+06	14884	5.71669e+06	0	
725	0.0189757	6.97016e-06	0.0189687	0	786779	289	786490	0	
726	0.0148231	6.17426e-06	0.0148169	0	614603	256	614347	0	
727	0.0159032	4.72717e-06	0.0158985	0	659388	196	659192	0	
728	0.0306134	1.75821e-05	0.0305959	0	1.26931e+06	729	1.26858e+06	0	
729	0.0204558	7.8143e-06	0.020448	0	848149	324	847825	0	
730	0.0170417	5.42659e-06	0.0170362	0	706590	225	706365	0	
731	0.0155969	6.97016e-06	0.0155899	0	646686	289	646397	0	
732	0.0158954	4.72717e-06	0.0158907	0	659065	196	658869	0	
733	0.0237839	1.06361e-05	0.0237733	0	986142	441	985701	0	
734	0.032829	2.78806e-05	0.0328011	0	1.36117e+06	1156	1.36001e+06	0	
735	0.0379946	4.25445e-05	0.0379521	0	1.57535e+06	1764	1.57358e+06	0	
736	0.0407348	7.56347e-05	0.0406592	0	1.68896e+06	3136	1.68582e+06	0	
737	0.340562	0.00326618	0.337296	0	1.41205e+07	135424	1.39851e+07	0	
738	0.022663	9.64728e-06	0.0226533	0	939663	400	939263	0	
739	0.0156491	6.97016e-06	0.0156421	0	648852	289	648563	0	
740	0.0386858	2.78806e-05	0.038658	0	1.60401e+06	1156	1.60285e+06	0	
741	0.0136182	3.47302e-06	0.0136147	0	564646	144	564502	0	
742	0.0124782	8.70667e-06	0.0124695	0	517378	361	517017	0	
743	0.0203751	7.8143e-06	0.0203673	0	844803	324	844479	0	
744	0.0219515	1.06361e-05	0.0219408	0	910163	441	909722	0	
745	0.0135207	3.47302e-06	0.0135172	0	560603	144	560459	0	
746	0.0147762	4.07597e-06	0.0147722	0	612661	169	612492	0	
747	0.0417688	3.66838e-05	0.0417321	0	1.73183e+06	1521	1.73031e+06	0	
748	0.0145197	6.17426e-06	0.0145135	0	602023	256	601767	0	
749	0.0226653	9.64728e-06	0.0226557	0	939760	400	939360	0	
750	0.0148056	4.07597e-06	0.0148016	0	613879	169	613710	0	
751	0.016238	6.17426e-06	0.0162318	0	673267	256	673011	0	
752	0.170004	0.000535448	0.169468	0	7.04878e+06	22201	7.02658e+06	0	
753	0.0101309	2.9183e-06	0.010128	0	420055	121	419934	0	
754	0.188694	0.000664601	0.188029	0	7.82372e+06	27556	7.79617e+06	0	
755	0.0524316	5.10341e-05	0.0523806	0	2.17394e+06	2116	2.17182e+06	0	
756	0.0121195	2.9183e-06	0.0121166	0	502504	121	502383	0	
757	5.05338	0.447191	4.60619	0	2.09525e+08	1.85416e+07	1.90983e+08	0	
758	0.0150338	5.42659e-06	0.0150284	0	623339	225	623114	0	
759	0.259869	0.00125376	0.258615	0	1.07748e+07	51984	1.07228e+07	0	
760	0.122757	0.000426627	0.12233	0	5.08981e+06	17689	5.07212e+06	0	
761	0.0294243	1.63039e-05	0.029408	0	1.22e+06	676	1.21932e+06	0	
762	0.00872165	3.47302e-06	0.00871817	0	361620	144	361476	0	
763	0.0101951	2.9183e-06	0.0101922	0	422717	121	422596	0	
764	0.0241724	1.63039e-05	0.0241561	0	1.00224e+06	676	1.00157e+06	0	
765	0.158007	0.000465988	0.157541	0	6.55139e+06	19321	6.53206e+06	0	
766	0.0124032	2.9183e-06	0.0124002	0	514267	121	514146	0	
767	0.0375728	2.62647e-05	0.0375466	0	1.55786e+06	1089	1.55677e+06	0	
768	0.0240388	1.06361e-05	0.0240282	0	996710	441	996269	0	
769	0.0645518	7.836e-05	0.0644734	0	2.67647e+06	3249	2.67322e+06	0	
770	0.0734133	0.000158239	0.073255	0	3.04389e+06	6561	3.03733e+06	0	
771	0.0124274	2.9183e-06	0.0124245	0	515273	121	515152	0	
772	0.014666	4.07597e-06	0.014662	0	608091	169	607922	0	
773	0.0215106	8.70667e-06	0.0215019	0	891884	361	891523	0	
774	0.0384774	2.78806e-05	0.0384495	0	1.59537e+06	1156	1.59421e+06	0	
775	0.0078868	3.47302e-06	0.00788333	0	327006	144	326862	0	
776	0.025984	1.27585e-05	0.0259713	0	1.07736e+06	529	1.07683e+06	0	
777	0.0415809	4.25445e-05	0.0415384	0	1.72404e+06	1764	1.72228e+06	0	
778	0.0122793	2.9183e-06	0.0122764	0	509133	121	509012	0	
779	0.0127471	4.72717e-06	0.0127423	0	528526	196	528330	0	
780	0.0578764	6.27314e-05	0.0578137	0	2.39969e+06	2601	2.39709e+06	0	
781	0.40468	0.00307384	0.401606	0	1.6779e+07	127449	1.66515e+07	0	
782	0.0167524	1.50738e-05	0.0167374	0	694599	625	693974	0	
783	0.771389	0.0107621	0.760626	0	3.19836e+07	446224	3.15374e+07	0	
784	0.0226238	9.64728e-06	0.0226142	0	938041	400	937641	0	
785	0.00726803	2.9183e-06	0.00726512	0	301350	121	301229	0	
786	0.0148837	4.72717e-06	0.014879	0	617118	196	616922	0	
787	0.0149944	4.07597e-06	0.0149904	0	621708	169	621539	0	
788	0.0115781	3.47302e-06	0.0115746	0	480058	144	479914	0	
789	1.98086	0.070937	1.90992	0	8.21313e+07	2.94122e+06	7.91901e+07	0	
790	0.0109755	2.9183e-06	0.0109726	0	455072	121	454951	0	
791	0.320017	0.00185056	0.318166	0	1.32687e+07	76729	1.31919e+07	0	
792	0.018135	7.8143e-06	0.0181272	0	751923	324	751599	0	
793	0.0342224	2.17063e-05	0.0342007	0	1.41894e+06	900	1.41804e+06	0	
794	0.056699	6.52156e-05	0.0566338	0	2.35088e+06	2704	2.34817e+06	0	
795	0.0230835	9.64728e-06	0.0230738	0	957100	400	956700	0	
796	0.0137272	3.47302e-06	0.0137238	0	569166	144	569022	0	
797	0.135347	0.000413892	0.134933	0	5.61182e+06	17161	5.59466e+06	0	
798	0.0143987	4.07597e-06	0.0143946	0	597008	169	596839	0	
799	0.0222726	1.27585e-05	0.0222598	0	923477	529	922948	0	
800	0.0473329	7.29575e-05	0.04726	0	1.96254e+06	3025	1.95951e+06	0	
801	0.0209865	8.70667e-06	0.0209778	0	870153	361	869792	0	
802	0.0308202	1.89086e-05	0.0308012	0	1.27788e+06	784	1.27709e+06	0	
803	0.0353757	4.45945e-05	0.0353312	0	1.46676e+06	1849	1.46491e+06	0	
804	0.0513283	4.88393e-05	0.0512795	0	2.12819e+06	2025	2.12617e+06	0	
805	0.022892	1.16732e-05	0.0228803	0	949160	484	948676	0	
806	0.0312115	2.17063e-05	0.0311898	0	1.2941e+06	900	1.2932e+06	0	
807	0.0273146	1.63039e-05	0.0272983	0	1.13253e+06	676	1.13185e+06	0	
808	0.02168	9.64728e-06	0.0216704	0	898909	400	898509	0	
809	0.079849	0.000204136	0.0796448	0	3.31073e+06	8464	3.30227e+06	0	
810	0.0328962	3.12572e-05	0.0328649	0	1.36395e+06	1296	1.36266e+06	0	
811	0.0175234	6.17426e-06	0.0175172	0	726564	256	726308	0	
812	0.0171943	5.42659e-06	0.0171889	0	712920	225	712695	0	
813	0.013726	4.07597e-06	0.0137219	0	569114	169	568945	0	
814	0.00972681	2.9183e-06	0.00972389	0	403297	121	403176	0	
815	0.0545801	9.27104e-05	0.0544873	0	2.26302e+06	3844	2.25918e+06	0	
816	0.018809	9.64728e-06	0.0187994	0	779869	400	779469	0	
817	0.0198507	1.16732e-05	0.0198391	0	823062	484	822578	0	
818	0.0326337	3.12572e-05	0.0326025	0	1.35307e+06	1296	1.35178e+06	0	
819	0.0884341	0.000142996	0.0882911	0	3.66669e+06	5929	3.66076e+06	0	
820	0.0581476	9.57251e-05	0.0580519	0	2.41094e+06	3969	2.40697e+06	0	
821	0.015829	7.8143e-06	0.0158212	0	656311	324	655987	0	
822	0.0716775	0.000150521	0.0715269	0	2.97192e+06	6241	2.96568e+06	0	
823	0.0407826	4.66928e-05	0.0407359	0	1.69094e+06	1936	1.68901e+06	0	
824	0.0723711	0.000111522	0.0722596	0	3.00068e+06	4624	2.99606e+06	0	
825	0.138344	0.000413892	0.13793	0	5.7361e+06	17161	5.71894e+06	0	
826	0.0276489	1.50738e-05	0.0276338	0	1.14639e+06	625	1.14576e+06	0	
827	0.0108601	3.47302e-06	0.0108566	0	450287	144	450143	0	
828	0.0492911	4.66928e-05	0.0492444	0	2.04373e+06	1936	2.04179e+06	0	
829	0.22186	0.00129813	0.220562	0	9.19888e+06	53824	9.14506e+06	0	
830	1.33958	0.0496646	1.28992	0	5.55425e+07	2.05921e+06	5.34832e+07	0	
831	0.0155359	6.97016e-06	0.0155289	0	644156	289	643867	0	
832	0.012239	2.9183e-06	0.012236	0	507459	121	507338	0	
833	0.0858534	0.000199722	0.0856536	0	3.55969e+06	8281	3.55141e+06	0	
834	0.0877802	0.000395152	0.0873851	0	3.63958e+06	16384	3.62319e+06	0	
835	0.0137995	3.47302e-06	0.0137961	0	572164	144	572020	0	
836	0.0127488	3.47302e-06	0.0127454	0	528599	144	528455	0	
837	0.0102134	2.9183e-06	0.0102105	0	423475	121	423354	0	
838	0.0304336	1.75821e-05	0.030416	0	1.26185e+06	729	1.26112e+06	0	
839	0.0151027	4.72717e-06	0.015098	0	626197	196	626001	0	
840	0.0147192	4.07597e-06	0.0147151	0	610295	169	610127	0	
841	0.0171762	7.8143e-06	0.0171683	0	712167	324	711843	0	
842	0.00996756	2.9183e-06	0.00996464	0	413279	121	413158	0	
843	0.0136187	3.47302e-06	0.0136152	0	564665	144	564521	0	
844	0.111053	0.000341538	0.110711	0	4.60453e+06	14161	4.59037e+06	0	
845	0.0137128	4.72717e-06	0.013708	0	568566	196	568370	0	
846	0.0140409	4.72717e-06	0.0140362	0	582172	196	581976	0	
847	0.0124283	4.07597e-06	0.0124242	0	515309	169	515140	0	
848	0.012535	2.9183e-06	0.0125321	0	519733	121	519612	0	
849	0.0168842	5.42659e-06	0.0168787	0	700060	225	699835	0	
850	0.0672741	0.000105058	0.0671691	0	2.78935e+06	4356	2.78499e+06	0	
851	0.0135342	4.07597e-06	0.0135301	0	561163	169	560994	0	
852	0.019333	6.97016e-06	0.019326	0	801594	289	801305	0	
853	0.0148614	4.07597e-06	0.0148573	0	616190	169	616021	0	
854	0.0119934	2.9183e-06	0.0119904	0	497276	121	497155	0	
855	0.0269253	1.63039e-05	0.026909	0	1.11639e+06	676	1.11571e+06	0	
856	0.0479816	6.02955e-05	0.0479213	0	1.98943e+06	2500	1.98693e+06	0	
857	0.0123581	2.9183e-06	0.0123552	0	512399	121	512278	0	
858	0.0892485	0.000195357	0.0890531	0	3.70046e+06	8100	3.69236e+06	0	
859	0.0137167	3.47302e-06	0.0137132	0	568730	144	568586	0	
860	0.019341	6.97016e-06	0.019334	0	801925	289	801636	0	
861	0.0182684	6.17426e-06	0.0182622	0	757455	256	757199	0	
862	0.0242345	1.16732e-05	0.0242229	0	1.00482e+06	484	1.00434e+06	0	
863	0.0284357	1.50738e-05	0.0284206	0	1.17901e+06	625	1.17839e+06	0	
864	0.0139567	4.72717e-06	0.0139519	0	578679	196	578483	0	
865	0.023917	1.06361e-05	0.0239063	0	991657	441	991216	0	
866	0.00761296	2.9183e-06	0.00761004	0	315651	121	315530	0	
867	0.0198483	7.8143e-06	0.0198405	0	822963	324	822639	0	
868	0.0161313	6.17426e-06	0.0161252	0	668846	256	668590	0	
869	0.015951	5.42659e-06	0.0159456	0	661370	225	661145	0	
870	0.0116564	4.07597e-06	0.0116523	0	483305	169	483136	0	
871	0.0122453	3.47302e-06	0.0122418	0	507721	144	507577	0	
872	0.0474779	5.10341e-05	0.0474268	0	1.96854e+06	2116	1.96643e+06	0	
873	0.0147701	4.07597e-06	0.014766	0	612405	169	612236	0	
874	0.0278782	1.50738e-05	0.0278631	0	1.15589e+06	625	1.15527e+06	0	
875	0.0155924	4.72717e-06	0.0155876	0	646499	196	646303	0	
876	0.0208061	9.64728e-06	0.0207965	0	862675	400	862275	0	
877	0.435874	0.00368721	0.432187	0	1.80724e+07	152881	1.79195e+07	0	
878	0.0221955	1.50738e-05	0.0221805	0	920283	625	919658	0	
879	0.0243762	1.27585e-05	0.0243634	0	1.01069e+06	529	1.01016e+06	0	
880	0.0203433	1.27585e-05	0.0203306	0	843486	529	842957	0	
881	0.0385555	2.78806e-05	0.0385276	0	1.5986e+06	1156	1.59744e+06	0	
882	0.0124476	3.47302e-06	0.0124442	0	516111	144	515967	0	
883	0.01456	4.72717e-06	0.0145553	0	603697	196	603501	0	
884	0.0117218	2.9183e-06	0.0117189	0	486017	121	485896	0	
885	0.0105644	2.9183e-06	0.0105615	0	438029	121	437908	0	
886	0.0348435	2.31776e-05	0.0348204	0	1.4447e+06	961	1.44373e+06	0	
887	3.48257	0.214323	3.26825	0	1.44396e+08	8.88636e+06	1.35509e+08	0	
888	0.0140592	4.07597e-06	0.0140551	0	582929	169	582760	0	
889	0.0740565	0.000105058	0.0739514	0	3.07056e+06	4356	3.0662e+06	0	
890	0.0206434	1.3892e-05	0.0206295	0	855927	576	855351	0	
891	0.0124219	4.72717e-06	0.0124172	0	515045	196	514849	0	
892	0.0180596	6.97016e-06	0.0180526	0	748797	289	748508	0	
893	0.0268285	1.50738e-05	0.0268134	0	1.11237e+06	625	1.11175e+06	0	
894	0.0300618	1.75821e-05	0.0300442	0	1.24643e+06	729	1.2457e+06	0	
895	0.0123522	4.07597e-06	0.0123481	0	512154	169	511985	0	
896	0.0108179	2.9183e-06	0.010815	0	448537	121	448416	0	
897	0.0162837	7.8143e-06	0.0162759	0	675163	324	674839	0	
898	0.0320841	3.12572e-05	0.0320528	0	1.33028e+06	1296	1.32899e+06	0	
899	0.0239841	1.27585e-05	0.0239713	0	994441	529	993912	0	
900	0.0264901	2.17063e-05	0.0264683	0	1.09834e+06	900	1.09744e+06	0	
901	0.00913467	2.9183e-06	0.00913175	0	378745	121	378624	0	
902	0.0127952	3.47302e-06	0.0127917	0	530520	144	530376	0	
903	0.0115431	4.07597e-06	0.011539	0	478607	169	478438	0	
904	0.0122996	2.9183e-06	0.0122967	0	509972	121	509851	0	
905	0.0103496	3.47302e-06	0.0103461	0	429122	144	428978	0	
906	0.0246832	1.16732e-05	0.0246716	0	1.02342e+06	484	1.02294e+06	0	
907	0.0202491	8.70667e-06	0.0202404	0	839577	361	839216	0	
908	0.0490487	5.79078e-05	0.0489908	0	2.03367e+06	2401	2.03127e+06	0	
909	0.0273809	1.63039e-05	0.0273646	0	1.13528e+06	676	1.1346e+06	0	
910	0.0559004	6.02955e-05	0.0558401	0	2.31776e+06	2500	2.31526e+06	0	
911	0.0118047	3.47302e-06	0.0118012	0	489452	144	489308	0	
912	0.0610352	8.68255e-05	0.0609484	0	2.53067e+06	3600	2.52707e+06	0	
913	0.0138526	4.07597e-06	0.0138485	0	574365	169	574196	0	
914	0.0164694	9.64728e-06	0.0164598	0	682865	400	682465	0	
915	0.0386524	3.30178e-05	0.0386194	0	1.60262e+06	1369	1.60125e+06	0	
916	0.00835728	3.47302e-06	0.00835381	0	346513	144	346369	0	
917	0.0244606	1.27585e-05	0.0244479	0	1.01419e+06	529	1.01366e+06	0	
918	0.0172146	1.27585e-05	0.0172019	0	713762	529	713233	0	
919	0.011833	2.9183e-06	0.0118301	0	490626	121	490505	0	
920	0.0810104	0.000146735	0.0808636	0	3.35888e+06	6084	3.3528e+06	0	
921	0.0120233	2.9183e-06	0.0120204	0	498517	121	498396	0	
922	0.0205953	9.64728e-06	0.0205857	0	853934	400	853534	0	
923	0.145201	0.000420235	0.144781	0	6.02041e+06	17424	6.00299e+06	0	
924	0.0127617	3.47302e-06	0.0127583	0	529134	144	528990	0	
925	0.00829286	4.07597e-06	0.00828878	0	343842	169	343673	0	
926	0.0115596	2.9183e-06	0.0115566	0	479289	121	479168	0	
927	0.0211297	9.64728e-06	0.0211201	0	876091	400	875691	0	
928	0.015887	5.42659e-06	0.0158815	0	658714	225	658489	0	
929	0.0267295	1.50738e-05	0.0267144	0	1.10827e+06	625	1.10764e+06	0	
930	0.1097	0.000260862	0.109439	0	4.54845e+06	10816	4.53764e+06	0	
931	0.0182981	6.97016e-06	0.0182911	0	758686	289	758397	0	
932	0.0116313	2.9183e-06	0.0116284	0	482265	121	482144	0	
933	0.0302099	2.02834e-05	0.0301896	0	1.25257e+06	841	1.25173e+06	0	
934	0.0116992	2.9183e-06	0.0116963	0	485078	121	484957	0	
935	0.0845641	0.000142996	0.0844211	0	3.50623e+06	5929	3.5003e+06	0	
936	0.0546497	6.27314e-05	0.054587	0	2.26591e+06	2601	2.26331e+06	0	
937	0.0175704	6.17426e-06	0.0175642	0	728514	256	728258	0	
938	0.0392212	3.12572e-05	0.0391899	0	1.6262e+06	1296	1.62491e+06	0	
939	0.0127841	3.47302e-06	0.0127807	0	530064	144	529920	0	
940	0.0230188	1.06361e-05	0.0230082	0	954419	441	953978	0	
941	0.012131	2.9183e-06	0.0121281	0	502984	121	502863	0	
942	0.0140075	9.64728e-06	0.0139978	0	580786	400	580386	0	
943	0.023887	1.27585e-05	0.0238742	0	990415	529	989886	0	
944	0.0192028	7.8143e-06	0.019195	0	796198	324	795874	0	
945	0.0736596	0.000121579	0.0735381	0	3.05411e+06	5041	3.04906e+06	0	
946	0.0120712	2.9183e-06	0.0120683	0	500504	121	500383	0	
947	0.0117427	2.9183e-06	0.0117398	0	486882	121	486761	0	
948	0.0300276	2.02834e-05	0.0300073	0	1.24501e+06	841	1.24417e+06	0	
949	0.20477	0.00094553	0.203824	0	8.49026e+06	39204	8.45106e+06	0	
950	0.0181605	6.97016e-06	0.0181535	0	752981	289	752692	0	
951	0.0118753	2.9183e-06	0.0118724	0	492382	121	492261	0	
952	0.0200633	8.70667e-06	0.0200546	0	831876	361	831515	0	
953	0.00960465	4.72717e-06	0.00959992	0	398232	196	398036	0	
954	0.076168	0.000213108	0.0759549	0	3.15811e+06	8836	3.14927e+06	0	
955	0.0196412	1.3892e-05	0.0196273	0	814374	576	813798	0	
956	0.0137365	6.97016e-06	0.0137295	0	569551	289	569262	0	
957	0.0143892	7.8143e-06	0.0143814	0	596614	324	596290	0	
958	0.0163978	9.64728e-06	0.0163882	0	679896	400	679496	0	
959	0.0106452	4.07597e-06	0.0106411	0	441378	169	441209	0	
960	0.00884575	2.9183e-06	0.00884283	0	366766	121	366645	0	
961	0.0110646	3.47302e-06	0.0110612	0	458769	144	458625	0	
962	0.0130304	6.17426e-06	0.0130243	0	540275	256	540019	0	
963	0.127572	0.000602087	0.12697	0	5.28945e+06	24964	5.26449e+06	0	
964	0.0122026	5.42659e-06	0.0121972	0	505950	225	505725	0	
965	0.0239152	2.17063e-05	0.0238935	0	991583	900	990683	0	
966	0.0403169	6.02955e-05	0.0402566	0	1.67163e+06	2500	1.66913e+06	0	
967	0.0915045	0.000324534	0.0911799	0	3.794e+06	13456	3.78054e+06	0	
968	0.0200739	1.50738e-05	0.0200589	0	832316	625	831691	0	
969	0.0656325	0.00016615	0.0654664	0	2.72128e+06	6889	2.71439e+06	0	
970	0.0207328	1.63039e-05	0.0207165	0	859634	676	858958	0	
971	0.0152182	8.70667e-06	0.0152095	0	630984	361	630623	0	
972	0.0149249	8.70667e-06	0.0149162	0	618826	361	618465	0	
973	0.0261493	2.62647e-05	0.026123	0	1.08421e+06	1089	1.08312e+06	0	
974	0.00870761	2.9183e-06	0.00870469	0	361038	121	360917	0	
975	0.0125897	6.17426e-06	0.0125835	0	522001	256	521745	0	
976	0.0151858	1.16732e-05	0.0151741	0	629643	484	629159	0	
977	0.0281454	4.07597e-06	0.0280611	7.99696e-05	1.16697e+06	169	1.16348e+06	3315.73	
978	0.0261443	5.42659e-06	0.0260943	4.42748e-05	1.084e+06	225	1.08193e+06	1835.74	
979	0.0822471	3.48267e-05	0.0822116	3.08672e-07	3.41016e+06	1444	3.40869e+06	12.7983	
980	0.0786729	3.12572e-05	0.0786349	6.51115e-06	3.26197e+06	1296	3.26039e+06	269.968	
981	0.145538	0.000105058	0.145433	0	6.03436e+06	4356	6.03001e+06	0	
982	0.0975856	5.79078e-05	0.0975277	0	4.04613e+06	2401	4.04373e+06	0	
983	0.0237715	3.47302e-06	0.0237678	1.31887e-08	985627	144	985472	0.546838	
984	3.20788	0.0480174	3.15986	0	1.33006e+08	1.99092e+06	1.31015e+08	0	
985	0.0094616	4.07597e-06	0.00945752	0	392301	169	392132	0	
986	0.0246095	2.9183e-06	0.0246065	0	1.02036e+06	121	1.02024e+06	0	
987	0.0492032	1.16732e-05	0.0491914	0	2.04008e+06	484	2.03959e+06	0	
988	0.0317459	4.72717e-06	0.0317412	0	1.31626e+06	196	1.31606e+06	0	
989	0.0251857	2.9183e-06	0.0251827	0	1.04426e+06	121	1.04413e+06	0	
990	0.41895	0.000764161	0.418185	0	1.73707e+07	31684	1.7339e+07	0	
991	0.0368966	6.97016e-06	0.0368896	0	1.52982e+06	289	1.52953e+06	0	
992	0.464884	0.00094553	0.463939	0	1.92752e+07	39204	1.9236e+07	0	
993	0.116279	5.79078e-05	0.11622	5.78078e-07	4.82122e+06	2401	4.81879e+06	23.9685	
994	0.994675	0.00435635	0.990316	2.50332e-06	4.12416e+07	180625	4.10609e+07	103.794	
995	0.0155714	8.70667e-06	0.0155627	0	645630	361	645269	0	
996	0.0256847	2.9183e-06	0.0256812	3.07159e-07	1.06495e+06	121	1.0648e+06	12.7355	
997	0.0147948	6.17426e-06	0.0147886	0	613430	256	613174	0	
998	0.131221	7.29575e-05	0.131148	0	5.44075e+06	3025	5.43773e+06	0	
999	0.14406	8.68255e-05	0.143973	0	5.97308e+06	3600	5.96948e+06	0	
1000	0.0275984	3.47302e-06	0.0275943	4.08016e-07	1.1443e+06	144	1.14412e+06	16.9173	
1001	0.0405422	6.97016e-06	0.0405352	0	1.68098e+06	289	1.68069e+06	0	
1002	0.040166	6.97016e-06	0.040159	0	1.66538e+06	289	1.66509e+06	0	
1003	0.0343585	5.42659e-06	0.0342932	5.95728e-05	1.42458e+06	225	1.42188e+06	2470.03	
1004	0.229677	0.000246029	0.229431	0	9.523e+06	10201	9.51279e+06	0	
1005	0.0551425	1.3892e-05	0.0551286	0	2.28634e+06	576	2.28576e+06	0	
1006	0.076879	2.4697e-05	0.0768543	0	3.18759e+06	1024	3.18656e+06	0	
1007	0.0774558	2.4697e-05	0.0774306	2.20568e-07	3.2115e+06	1024	3.21046e+06	9.14532	
1008	0.0318757	4.72717e-06	0.031871	0	1.32164e+06	196	1.32145e+06	0	
1009	0.143414	9.27104e-05	0.143321	0	5.94631e+06	3844	5.94246e+06	0	
1010	0.0690657	2.17063e-05	0.0690427	1.04768e-06	2.86363e+06	900	2.86267e+06	43.4394	
1011	0.407152	0.000713513	0.406436	2.14114e-06	1.68815e+07	29584	1.68518e+07	88.7772	
1012	0.02904	3.47302e-06	0.0290365	0	1.20407e+06	144	1.20392e+06	0	
1013	0.0480732	9.64728e-06	0.0480635	0	1.99323e+06	400	1.99283e+06	0	
1014	0.254524	0.000265903	0.254259	0	1.05532e+07	11025	1.05422e+07	0	
1015	0.032651	4.72717e-06	0.0326462	0	1.35379e+06	196	1.35359e+06	0	
1016	0.130081	6.7748e-05	0.130013	0	5.39349e+06	2809	5.39068e+06	0	
1017	0.0253039	2.9183e-06	0.0253009	0	1.04916e+06	121	1.04904e+06	0	
1018	0.493418	0.00101356	0.492403	7.46608e-07	2.04583e+07	42025	2.04162e+07	30.9562	
1019	0.134643	8.11336e-05	0.134562	0	5.58265e+06	3364	5.57928e+06	0	
1020	0.102814	4.66928e-05	0.102767	3.57473e-07	4.26295e+06	1936	4.26098e+06	14.8217	
1021	0.0837233	2.78806e-05	0.0836953	0	3.47137e+06	1156	3.47021e+06	0	
1022	0.0280267	3.47302e-06	0.0280232	0	1.16205e+06	144	1.16191e+06	0	
1023	0.032206	3.66838e-05	0.0321694	0	1.33534e+06	1521	1.33382e+06	0	
1024	0.0269095	2.9183e-06	0.0269061	1.81751e-07	1.11573e+06	121	1.11559e+06	7.53584	
1025	0.0467155	9.64728e-06	0.0466671	3.85002e-05	1.93694e+06	400	1.93493e+06	1596.31	
1026	0.0328328	4.72717e-06	0.032828	0	1.36132e+06	196	1.36113e+06	0	
1027	0.0839148	2.95448e-05	0.0838851	0	3.47931e+06	1225	3.47808e+06	0	
1028	0.114729	5.32771e-05	0.114676	0	4.75697e+06	2209	4.75476e+06	0	
1029	0.386667	0.000648683	0.386004	1.35202e-05	1.60321e+07	26896	1.60047e+07	560.583	
1030	0.0105158	2.9183e-06	0.0105129	0	436012	121	435891	0	
1031	0.038307	6.17426e-06	0.0383008	0	1.5883e+06	256	1.58804e+06	0	
1032	0.0132581	4.72717e-06	0.0132533	0	549714	196	549518	0	
1033	0.070306	2.02834e-05	0.0702804	5.06333e-06	2.91506e+06	841	2.91399e+06	209.938	
1034	0.040094	6.97016e-06	0.0400871	0	1.66239e+06	289	1.6621e+06	0	
1035	0.0365152	4.25445e-05	0.0364727	0	1.51401e+06	1764	1.51224e+06	0	
1036	0.598502	0.0014359	0.597065	0	2.48153e+07	59536	2.47558e+07	0	
1037	0.0338927	4.72717e-06	0.0338876	1.11972e-07	1.40527e+06	196	1.40506e+06	4.64266	
1038	0.0380743	5.42659e-06	0.0380688	0	1.57865e+06	225	1.57842e+06	0	
1039	0.0448166	8.70667e-06	0.0448033	4.40072e-06	1.8582e+06	361	1.85765e+06	182.464	
1040	0.0352122	5.42659e-06	0.0352068	0	1.45998e+06	225	1.45976e+06	0	
1041	0.313466	0.000426627	0.313039	0	1.2997e+07	17689	1.29793e+07	0	
1042	0.0512947	1.06361e-05	0.0512841	0	2.1268e+06	441	2.12636e+06	0	
1043	0.0906393	3.30178e-05	0.0906062	0	3.75812e+06	1369	3.75675e+06	0	
1044	0.0269827	2.9183e-06	0.0269777	1.77521e-06	1.11877e+06	121	1.11856e+06	73.6046	
1045	0.0269813	2.9183e-06	0.0269784	0	1.11871e+06	121	1.11859e+06	0	
1046	0.891433	0.00317803	0.888255	3.32055e-07	3.6961e+07	131769	3.68292e+07	13.7678	
1047	0.195417	0.000154356	0.195261	1.16571e-06	8.10246e+06	6400	8.096e+06	48.3333	
1048	0.0288344	3.47302e-06	0.0288309	0	1.19554e+06	144	1.1954e+06	0	
1049	0.0670675	0.000125028	0.0669425	0	2.78078e+06	5184	2.77559e+06	0	
1050	0.0283337	3.47302e-06	0.0283301	0	1.17478e+06	144	1.17463e+06	0	
1051	0.0356998	5.42659e-06	0.0356939	2.5583e-07	1.4802e+06	225	1.47995e+06	10.6073	
1052	0.0411453	6.17426e-06	0.0411391	0	1.70598e+06	256	1.70573e+06	0	
1053	0.0367673	5.42659e-06	0.0367619	0	1.52446e+06	225	1.52423e+06	0	
1054	0.0415784	6.17426e-06	0.0415308	4.11168e-05	1.72394e+06	256	1.72197e+06	1704.8	
1055	0.0409503	7.8143e-06	0.0409409	1.3768e-06	1.6979e+06	324	1.69751e+06	57.0855	
1056	0.0260336	2.9183e-06	0.0260306	0	1.07941e+06	121	1.07929e+06	0	
1057	0.0312965	3.47302e-06	0.031293	0	1.29763e+06	144	1.29748e+06	0	
1058	0.0286211	3.47302e-06	0.0286154	1.88919e-06	1.1867e+06	144	1.18646e+06	78.3305	
1059	0.0642796	1.75821e-05	0.064262	0	2.66518e+06	729	2.66446e+06	0	
1060	0.0498035	9.64728e-06	0.0497857	7.81967e-06	2.06497e+06	400	2.06423e+06	324.222	
1061	0.138146	7.56347e-05	0.13807	2.36719e-07	5.72787e+06	3136	5.72472e+06	9.81498	
1062	0.0158627	8.70667e-06	0.015854	0	657708	361	657347	0	
1063	0.0624021	1.50738e-05	0.062387	0	2.58734e+06	625	2.58671e+06	0	
1064	0.305758	0.000358975	0.305399	0	1.26774e+07	14884	1.26626e+07	0	
1065	0.055389	1.27585e-05	0.0553732	2.77382e-06	2.29656e+06	529	2.2959e+06	115.009	
1066	0.0393684	6.17426e-06	0.0393622	0	1.63231e+06	256	1.63205e+06	0	
1067	0.0290022	2.9183e-06	0.0289993	0	1.2025e+06	121	1.20238e+06	0	
1068	0.0311008	3.47302e-06	0.0310973	0	1.28951e+06	144	1.28937e+06	0	
1069	0.0496626	9.64728e-06	0.0496529	0	2.05913e+06	400	2.05873e+06	0	
1070	0.0992659	4.25445e-05	0.0992234	0	4.1158e+06	1764	4.11404e+06	0	
1071	0.0356967	4.72717e-06	0.035692	0	1.48007e+06	196	1.47988e+06	0	
1072	0.0554001	1.16732e-05	0.0553884	0	2.29702e+06	484	2.29654e+06	0	
1073	0.0427977	6.17426e-06	0.0425089	0.000282364	1.7745e+06	256	1.76252e+06	11707.5	
1074	0.0159383	8.70667e-06	0.0159296	0	660844	361	660483	0	
1075	0.0708006	1.89086e-05	0.0707576	2.38054e-05	2.93556e+06	784	2.93378e+06	987.032	
1076	0.0785351	2.31776e-05	0.0785119	0	3.25625e+06	961	3.25529e+06	0	
1077	1.25384	0.0455321	1.20831	0	5.19875e+07	1.88787e+06	5.00996e+07	0	
1078	19.6399	1.32786	18.3109	0.00114939	8.1432e+08	5.50564e+07	7.59216e+08	47656.9	
1079	0.112422	4.66928e-05	0.112375	0	4.66129e+06	1936	4.65935e+06	0	
1080	0.0326197	4.07597e-06	0.0326156	0	1.35249e+06	169	1.35232e+06	0	
1081	0.0295833	2.9183e-06	0.0295238	5.62812e-05	1.22659e+06	121	1.22413e+06	2333.55	
1082	0.453948	0.00068884	0.453259	0	1.88217e+07	28561	1.87932e+07	0	
1083	0.0349813	4.07597e-06	0.0349705	6.48283e-06	1.45041e+06	169	1.44996e+06	268.794	
1084	0.177488	0.000105058	0.177383	0	7.35908e+06	4356	7.35473e+06	0	
1085	0.134292	6.52156e-05	0.134225	1.86909e-06	5.5681e+06	2704	5.56531e+06	77.4971	
1086	0.0375135	4.72717e-06	0.0375087	0	1.5554e+06	196	1.5552e+06	0	
1087	0.0324997	3.47302e-06	0.0324758	2.01387e-05	1.34751e+06	144	1.34652e+06	835.001	
1088	0.0456807	6.97016e-06	0.0456737	0	1.89403e+06	289	1.89374e+06	0	
1089	0.0334427	4.07597e-06	0.0334386	0	1.38661e+06	169	1.38644e+06	0	
1090	0.059979	1.16732e-05	0.0598843	8.26792e-05	2.48687e+06	484	2.48295e+06	3428.08	
1091	0.0786587	2.02834e-05	0.078616	2.21591e-05	3.26138e+06	841	3.25961e+06	918.771	
1092	0.0133839	4.72717e-06	0.0133792	0	554931	196	554735	0	
1093	0.0764055	1.89086e-05	0.0761222	0.000264066	3.16795e+06	784	3.15621e+06	10948.8	
1094	0.0425636	6.17426e-06	0.0425547	2.46464e-06	1.76479e+06	256	1.76442e+06	102.19	
1095	0.228711	0.000178378	0.228533	0	9.48294e+06	7396	9.47555e+06	0	
1096	0.107239	3.85891e-05	0.107179	2.04997e-05	4.4464e+06	1600	4.44394e+06	849.967	
1097	0.0461307	6.97016e-06	0.0461235	0	1.91269e+06	289	1.91239e+06	0	
1098	0.0535285	9.64728e-06	0.0535175	1.02336e-06	2.21942e+06	400	2.21896e+06	42.4313	
1099	0.0366446	4.07597e-06	0.0365608	7.94434e-05	1.51937e+06	169	1.5159e+06	3293.91	
1100	0.0305491	4.07597e-06	0.0305424	2.34318e-06	1.26664e+06	169	1.26636e+06	97.1539	
1101	0.0255911	2.9183e-06	0.0255882	0	1.06107e+06	121	1.06095e+06	0	
1102	0.0182919	8.70667e-06	0.0182832	0	758428	361	758067	0	
1103	0.0407768	7.8143e-06	0.040769	0	1.6907e+06	324	1.69038e+06	0	
1104	0.0572905	1.06361e-05	0.0572796	5.11673e-09	2.3754e+06	441	2.37495e+06	0.212152	
1105	0.127682	7.56347e-05	0.127607	0	5.29404e+06	3136	5.29091e+06	0	
1106	0.193068	0.00018255	0.192885	0	8.00507e+06	7569	7.9975e+06	0	
1107	0.125427	7.29575e-05	0.125354	0	5.20053e+06	3025	5.1975e+06	0	
1108	0.318933	0.000479494	0.318453	0	1.32237e+07	19881	1.32038e+07	0	
1109	0.0898066	3.66838e-05	0.0897699	0	3.7236e+06	1521	3.72207e+06	0	
1110	0.0391181	5.42659e-06	0.0391053	7.06503e-06	1.62193e+06	225	1.6214e+06	292.933	
1111	0.495506	0.00078143	0.494691	3.31292e-05	2.05449e+07	32400	2.05111e+07	1373.61	
1112	0.0855707	3.30178e-05	0.0855377	0	3.54797e+06	1369	3.5466e+06	0	
1113	0.0255711	2.9183e-06	0.0255678	1.27393e-07	1.06024e+06	121	1.0601e+06	5.28202	
1114	0.055169	9.64728e-06	0.055142	1.70524e-05	2.28744e+06	400	2.28632e+06	707.036	
1115	0.212017	0.000142996	0.211874	0	8.79078e+06	5929	8.78485e+06	0	
1116	0.0907484	3.66838e-05	0.0907102	1.24101e-06	3.76265e+06	1521	3.76106e+06	51.4556	
1117	0.0812444	2.17063e-05	0.0812227	0	3.36859e+06	900	3.36769e+06	0	
1118	0.0541235	8.70667e-06	0.0540645	5.00587e-05	2.24409e+06	361	2.24164e+06	2075.55	
1119	0.033047	3.47302e-06	0.0330435	0	1.37021e+06	144	1.37006e+06	0	
1120	0.0274797	3.47302e-06	0.0274759	5.70347e-08	1.13937e+06	144	1.13922e+06	2.3648	
1121	0.0565141	1.3892e-05	0.0564997	2.52922e-07	2.34321e+06	576	2.34261e+06	10.4867	
1122	0.0304775	4.07597e-06	0.0304711	2.0924e-06	1.26367e+06	169	1.2634e+06	86.756	
1123	0.0386594	4.72717e-06	0.0386547	0	1.60291e+06	196	1.60271e+06	0	
1124	0.0361074	4.07597e-06	0.0359284	0.000174622	1.4971e+06	169	1.48968e+06	7240.29	
1125	0.189228	0.000114826	0.189112	6.70545e-07	7.84585e+06	4761	7.84105e+06	27.8024	
1126	0.0357254	4.72717e-06	0.0357152	5.1822e-06	1.48126e+06	196	1.48084e+06	214.866	
1127	0.0752418	2.02834e-05	0.0751588	6.24654e-05	3.11971e+06	841	3.11626e+06	2589.97	
1128	0.0363693	4.07597e-06	0.036237	0.00012797	1.50796e+06	169	1.50247e+06	5305.97	
1129	0.0751015	1.75821e-05	0.0750818	1.89942e-06	3.11389e+06	729	3.11307e+06	78.7546	
1130	0.0532396	8.70667e-06	0.053227	3.62552e-06	2.20744e+06	361	2.20692e+06	150.323	
1131	0.0139788	6.17426e-06	0.0139727	0	579599	256	579343	0	
1132	0.280722	0.000241182	0.280472	7.7538e-06	1.16394e+07	10000	1.1629e+07	321.491	
1133	0.205982	0.000135664	0.20584	6.13512e-06	8.54052e+06	5625	8.53463e+06	254.377	
1134	0.216098	0.000135664	0.215004	0.000957299	8.95995e+06	5625	8.91462e+06	39691.9	
1135	0.105244	3.30178e-05	0.105187	2.33266e-05	4.36367e+06	1369	4.36133e+06	967.178	
1136	0.0444303	6.17426e-06	0.0444241	0	1.84219e+06	256	1.84193e+06	0	
1137	0.0725628	1.63039e-05	0.0725465	0	3.00863e+06	676	3.00795e+06	0	
1138	0.0300089	2.9183e-06	0.0299982	7.52945e-06	1.24424e+06	121	1.2438e+06	312.189	
1139	0.752479	0.00171936	0.750728	3.1084e-05	3.11996e+07	71289	3.1127e+07	1288.82	
1140	0.0330875	3.47302e-06	0.0330829	8.45204e-07	1.37189e+06	144	1.3717e+06	35.0442	
1141	0.0457034	6.17426e-06	0.0456972	0	1.89497e+06	256	1.89472e+06	0	
1142	0.0310686	2.9183e-06	0.0310656	0	1.28818e+06	121	1.28805e+06	0	
1143	0.0903843	2.62647e-05	0.0903247	3.30609e-05	3.74755e+06	1089	3.74508e+06	1370.78	
1144	0.102532	3.30178e-05	0.102495	3.24058e-06	4.25124e+06	1369	4.24972e+06	134.362	
1145	0.0429891	5.42659e-06	0.0429737	9.68708e-06	1.78243e+06	225	1.78179e+06	401.65	
1146	0.0569494	9.64728e-06	0.0569269	1.25743e-05	2.36126e+06	400	2.36032e+06	521.364	
1147	0.0166783	7.8143e-06	0.0166705	0	691526	324	691202	0	
1148	0.0306806	2.9183e-06	0.0306777	0	1.27209e+06	121	1.27197e+06	0	
1149	0.0419945	5.42659e-06	0.0419656	2.31063e-05	1.74119e+06	225	1.74e+06	958.047	
1150	0.232859	0.000158239	0.2327	0	9.6549e+06	6561	9.64833e+06	0	
1151	0.0441896	6.17426e-06	0.0441832	0	1.8322e+06	256	1.83194e+06	0	
1152	1.28057	0.00499307	1.27544	0.000137997	5.30956e+07	207025	5.28829e+07	5721.69	
1153	0.501872	0.00073862	0.501132	1.93903e-06	2.08088e+07	30625	2.07781e+07	80.397	
1154	0.165037	8.11336e-05	0.164956	5.72717e-07	6.84287e+06	3364	6.83947e+06	23.7462	
1155	0.101018	3.12572e-05	0.100987	0	4.18849e+06	1296	4.18719e+06	0	
1156	0.0305645	2.9183e-06	0.0305616	0	1.26728e+06	121	1.26716e+06	0	
1157	0.0446126	6.17426e-06	0.0445626	4.35525e-05	1.84975e+06	256	1.84767e+06	1805.79	
1158	0.0537881	8.70667e-06	0.0537744	4.76447e-06	2.23018e+06	361	2.22961e+06	197.546	
1159	0.0546129	8.70667e-06	0.0546042	0	2.26438e+06	361	2.26402e+06	0	
1160	0.0345564	3.47302e-06	0.0345524	2.24551e-07	1.43279e+06	144	1.43262e+06	9.31045	
1161	0.0303864	2.9183e-06	0.0303833	0	1.25989e+06	121	1.25976e+06	0	
1162	0.0168649	8.70667e-06	0.0168562	0	699262	361	698901	0	
1163	0.917719	0.00243893	0.915159	0.0001206	3.80508e+07	101124	3.79447e+07	5000.37	
1164	0.0709046	1.50738e-05	0.0708085	8.06813e-05	2.93987e+06	625	2.93589e+06	3345.24	
1165	0.0338945	3.47302e-06	0.0338907	0	1.40534e+06	144	1.40519e+06	0	
1166	0.0751626	1.63039e-05	0.0751388	7.19957e-06	3.11642e+06	676	3.11543e+06	298.512	
1167	0.0806166	1.89086e-05	0.0805909	6.52504e-06	3.34256e+06	784	3.34149e+06	270.544	
1168	0.0423955	5.42659e-06	0.0423901	0	1.75782e+06	225	1.75759e+06	0	
1169	0.0780486	1.75821e-05	0.0780103	2.04576e-05	3.23608e+06	729	3.2345e+06	848.225	
1170	0.0453922	6.17426e-06	0.0452656	0.000120125	1.88207e+06	256	1.87682e+06	4980.67	
