Node	dPC	dPCintra	dPCflux	dPCconnector	varPC	varPCintra	varPCflux	varPCconnector	
1	0.10656	5.00311e-05	0.105891	0.000618112	4.12344e+06	1936	4.09757e+06	23918.4	
2	0.0480223	6.61569e-06	0.0479658	4.96707e-05	1.85826e+06	256	1.85608e+06	1922.05	
4	0.0868201	2.17335e-05	0.0867978	2.2083e-07	3.35958e+06	841	3.35872e+06	8.54521	
5	0.0847801	0.000186712	0.0845934	0	3.28064e+06	7225	3.27341e+06	0	
7	0.140134	5.70861e-05	0.140077	0	5.42264e+06	2209	5.42043e+06	0	
8	0.278709	0.000223512	0.278484	1.91208e-06	1.07849e+07	8649	1.07761e+07	73.9899	
9	1.56906	0.00720448	1.56182	3.90036e-05	6.07165e+07	278784	6.04362e+07	1509.28	
10	0.40143	0.00047098	0.400891	6.74301e-05	1.55336e+07	18225	1.55128e+07	2609.27	
11	2.78971	0.0226405	2.76687	0.000206629	1.0795e+08	876096	1.07066e+08	7995.69	
13	0.0537075	8.37298e-06	0.0536988	6.07019e-09	2.07825e+06	324	2.07792e+06	0.234891	
14	0.0776598	1.74695e-05	0.0776388	3.27323e-06	3.00511e+06	676	3.0043e+06	126.66	
15	0.147834	6.46063e-05	0.147759	1.01998e-05	5.72059e+06	2500	5.71769e+06	394.69	
16	0.0731523	1.61515e-05	0.0731313	4.62775e-06	2.83069e+06	625	2.82988e+06	179.075	
17	0.18413	9.93387e-05	0.184031	0	7.1251e+06	3844	7.12126e+06	0	
18	0.0742819	1.61515e-05	0.074265	5.02074e-07	2.8744e+06	625	2.87375e+06	19.4282	
19	0.276267	0.000223512	0.276043	1.15959e-07	1.06904e+07	8649	1.06817e+07	4.48717	
20	0.0436299	5.81457e-06	0.0435422	8.16604e-05	1.6883e+06	225	1.6849e+06	3159.92	
21	0.0534799	8.37298e-06	0.0534386	3.26405e-05	2.06945e+06	324	2.06785e+06	1263.05	
22	0.0590511	1.0337e-05	0.0590407	0	2.28503e+06	400	2.28463e+06	0	
23	0.0696524	1.48853e-05	0.0696373	0	2.69526e+06	576	2.69468e+06	0	
25	0.0755755	1.74695e-05	0.0755561	1.72239e-06	2.92446e+06	676	2.92371e+06	66.6497	
28	0.0819188	2.02605e-05	0.0818985	0	3.16992e+06	784	3.16913e+06	0	
29	0.111693	3.73166e-05	0.111655	1.07504e-06	4.32209e+06	1444	4.32059e+06	41.5997	
30	0.0961388	2.64627e-05	0.0961111	1.02997e-06	3.72017e+06	1024	3.7191e+06	39.8558	
31	18.1594	1.06148	17.0979	2.98097e-06	7.02695e+08	4.10752e+07	6.6162e+08	115.351	
32	0.128514	4.77828e-05	0.128466	0	4.97299e+06	1849	4.97113e+06	0	
33	0.0678276	1.36707e-05	0.0678121	1.64697e-06	2.62465e+06	529	2.62404e+06	63.7311	
34	0.0629404	1.13965e-05	0.062929	0	2.43553e+06	441	2.43509e+06	0	
35	0.227761	0.000161283	0.227594	5.39797e-06	8.81342e+06	6241	8.80696e+06	208.879	
36	0.112797	3.73166e-05	0.11276	2.48838e-08	4.36481e+06	1444	4.36335e+06	0.962903	
37	0.0759716	1.74695e-05	0.0759528	1.04189e-06	2.93978e+06	676	2.93906e+06	40.3168	
39	0.151087	0.000678211	0.150409	0	5.84647e+06	26244	5.82022e+06	0	
42	0.0478313	6.61569e-06	0.0477912	3.32199e-05	1.85087e+06	256	1.84932e+06	1285.47	
43	0.0504314	7.46849e-06	0.0503476	7.59834e-05	1.95148e+06	289	1.94824e+06	2940.24	
44	0.101229	3.16571e-05	0.101192	4.76517e-06	3.91717e+06	1225	3.91575e+06	184.392	
46	0.0484651	7.46849e-06	0.04835	0.000107301	1.8754e+06	289	1.87094e+06	4152.13	
47	0.0404456	5.81457e-06	0.0403926	4.69163e-05	1.56507e+06	225	1.56302e+06	1815.47	
49	0.0508967	7.46849e-06	0.0508892	0	1.96949e+06	289	1.9692e+06	0	
52	0.0223022	1.74695e-05	0.0222847	0	863004	676	862328	0	
53	0.0245168	1.74695e-05	0.0244994	0	948702	676	948026	0	
54	0.148335	6.72164e-05	0.148264	3.98743e-06	5.73998e+06	2601	5.73721e+06	154.297	
55	0.0630594	1.36707e-05	0.0630456	0	2.44014e+06	529	2.4396e+06	0	
56	0.142842	6.98782e-05	0.14277	1.93666e-06	5.52742e+06	2704	5.52464e+06	74.9409	
57	0.0683754	1.61515e-05	0.068359	0	2.64584e+06	625	2.64521e+06	0	
58	0.0835674	2.17335e-05	0.0835421	3.31843e-06	3.23371e+06	841	3.23273e+06	128.409	
59	0.0520694	9.32915e-06	0.0520473	1.25415e-05	2.01487e+06	361	2.01401e+06	485.307	
60	0.216132	0.000157226	0.215961	1.4073e-05	8.36345e+06	6084	8.35681e+06	544.57	
64	6.026	0.11538	5.91041	0.000206635	2.33181e+08	4.46476e+06	2.28708e+08	7995.94	
65	0.119703	4.34413e-05	0.11957	8.93027e-05	4.63203e+06	1681	4.62689e+06	3455.64	
66	0.0568431	1.0337e-05	0.0568166	1.5921e-05	2.19959e+06	400	2.19857e+06	616.08	
67	0.0877323	2.32582e-05	0.0877091	0	3.39488e+06	900	3.39398e+06	0	
69	0.122356	4.55862e-05	0.12231	0	4.73467e+06	1764	4.73291e+06	0	
70	0.381033	0.00068661	0.380322	2.3788e-05	1.47444e+07	26569	1.47169e+07	920.501	
72	0.0491645	7.46849e-06	0.0491446	1.21518e-05	1.90246e+06	289	1.90169e+06	470.227	
73	0.121864	5.00311e-05	0.121814	0	4.71564e+06	1936	4.7137e+06	0	
74	0.201282	0.000133967	0.201105	4.27357e-05	7.78881e+06	5184	7.78196e+06	1653.69	
75	0.0452128	7.46849e-06	0.0452053	0	1.74955e+06	289	1.74926e+06	0	
76	0.147603	7.25917e-05	0.147523	7.35801e-06	5.71164e+06	2809	5.70853e+06	284.724	
78	0.308883	0.000301427	0.308549	3.26336e-05	1.19525e+07	11664	1.19395e+07	1262.78	
79	0.0571186	1.13965e-05	0.057106	9.58852e-07	2.21025e+06	441	2.20976e+06	37.1036	
81	0.0856062	2.17335e-05	0.0855845	0	3.31261e+06	841	3.31176e+06	0	
84	0.166081	9.30331e-05	0.165973	1.47512e-05	6.42667e+06	3600	6.42249e+06	570.81	
85	0.327519	0.000397354	0.327121	0	1.26736e+07	15376	1.26582e+07	0	
86	0.0847704	2.64627e-05	0.0847391	4.56631e-06	3.28026e+06	1024	3.27905e+06	176.697	
87	0.0920079	2.81425e-05	0.0919791	2.9899e-07	3.56032e+06	1089	3.55921e+06	11.5697	
88	9.95507	0.35016	9.60491	0	3.8522e+08	1.35497e+07	3.7167e+08	0	
89	0.0695868	2.32582e-05	0.0695635	0	2.69272e+06	900	2.69182e+06	0	
91	0.0850319	2.48346e-05	0.0850068	0	3.29038e+06	961	3.28941e+06	0	
94	0.586788	0.0132113	0.573577	0	2.27063e+07	511225	2.2195e+07	0	
95	0.0953107	2.98739e-05	0.0952718	8.72336e-06	3.68813e+06	1156	3.68662e+06	337.558	
97	0.073637	1.61515e-05	0.0735977	2.28739e-05	2.84945e+06	625	2.84793e+06	885.129	
98	1.75732	0.011087	1.74622	1.51055e-05	6.80012e+07	429025	6.75716e+07	584.523	
99	0.0463553	7.46849e-06	0.0463381	9.4575e-06	1.79376e+06	289	1.79309e+06	365.966	
101	0.0468207	1.0337e-05	0.0468089	1.23442e-06	1.81177e+06	400	1.81131e+06	47.767	
102	0.0595891	1.13965e-05	0.0595775	0	2.30585e+06	441	2.3054e+06	0	
103	0.212224	0.000137714	0.211741	0.000345582	8.21223e+06	5329	8.19351e+06	13372.6	
104	0.278618	0.000233228	0.278383	1.66163e-06	1.07813e+07	9025	1.07722e+07	64.2983	
105	0.0636112	1.48853e-05	0.0635883	7.76166e-06	2.46149e+06	576	2.4606e+06	300.344	
106	0.146942	7.25917e-05	0.146869	0	5.68605e+06	2809	5.68324e+06	0	
108	0.100656	3.16571e-05	0.100625	0	3.89499e+06	1225	3.89377e+06	0	
109	0.0775845	1.88392e-05	0.077545	2.04119e-05	3.0022e+06	729	3.00067e+06	789.856	
110	0.174841	9.61601e-05	0.174744	0	6.76562e+06	3721	6.7619e+06	0	
112	0.013399	7.46849e-06	0.0133915	0	518486	289	518197	0	
114	0.533163	0.00142715	0.531735	0	2.06312e+07	55225	2.05759e+07	0	
116	0.161667	0.000126628	0.161516	2.38876e-05	6.25587e+06	4900	6.25003e+06	924.352	
117	0.0667593	1.74695e-05	0.0667034	3.81289e-05	2.58331e+06	676	2.58115e+06	1475.43	
118	0.061027	1.25077e-05	0.0609991	1.50994e-05	2.36149e+06	484	2.36041e+06	584.287	
119	0.117532	4.55862e-05	0.117484	1.59599e-06	4.54801e+06	1764	4.54617e+06	61.7586	
120	0.0602563	1.13965e-05	0.0602437	9.2841e-07	2.33167e+06	441	2.33118e+06	35.9256	
121	0.0690578	2.64627e-05	0.0690313	0	2.67225e+06	1024	2.67122e+06	0	
124	0.218039	0.000145364	0.217574	0.000319779	8.43723e+06	5625	8.41922e+06	12374.1	
126	0.060682	1.74695e-05	0.0606633	9.92825e-07	2.34814e+06	676	2.34742e+06	38.4182	
127	2.99589	0.0330567	2.96282	8.86394e-06	1.15928e+08	1.27916e+06	1.14649e+08	342.998	
128	0.15966	8.10422e-05	0.159575	3.83007e-06	6.17821e+06	3136	6.17491e+06	148.208	
129	0.0711169	2.48346e-05	0.0710921	0	2.75193e+06	961	2.75097e+06	0	
130	0.135299	5.70861e-05	0.135179	6.25765e-05	5.23554e+06	2209	5.2309e+06	2421.45	
132	0.106027	3.93065e-05	0.105976	1.08602e-05	4.1028e+06	1521	4.10085e+06	420.246	
135	1.04231	0.00549199	1.03682	0	4.03334e+07	212517	4.01209e+07	0	
136	0.0503096	8.37298e-06	0.0502996	1.36129e-06	1.94677e+06	324	1.94638e+06	52.6766	
137	0.0528441	1.36707e-05	0.0528299	3.00127e-07	2.04485e+06	529	2.0443e+06	11.6137	
138	0.0656698	2.02605e-05	0.0656495	0	2.54115e+06	784	2.54036e+06	0	
139	0.543211	0.00146382	0.541748	0	2.102e+07	56644	2.09634e+07	0	
140	0.149854	7.53568e-05	0.149778	4.05097e-07	5.79874e+06	2916	5.7958e+06	15.6756	
141	0.0502452	8.37298e-06	0.0502367	0	1.94428e+06	324	1.94395e+06	0	
143	0.016612	8.37298e-06	0.0166036	0	642816	324	642492	0	
145	0.0535288	9.32915e-06	0.0533139	0.000205265	2.07134e+06	361	2.06303e+06	7942.94	
146	0.0491246	1.25077e-05	0.0491119	0	1.90092e+06	484	1.90042e+06	0	
148	0.0601308	9.30331e-05	0.0600378	0	2.32681e+06	3600	2.32321e+06	0	
152	0.112065	3.93065e-05	0.111943	8.24423e-05	4.33647e+06	1521	4.33175e+06	3190.17	
153	0.0709751	1.74695e-05	0.0709562	1.18475e-06	2.74644e+06	676	2.74571e+06	45.8452	
155	0.0403692	8.37298e-06	0.0403608	0	1.56212e+06	324	1.56179e+06	0	
156	0.290329	0.000284914	0.290044	0	1.12345e+07	11025	1.12235e+07	0	
157	0.0559649	1.0337e-05	0.0559543	4.26851e-08	2.16561e+06	400	2.1652e+06	1.65173	
158	0.21583	0.000161283	0.215605	6.30987e-05	8.35174e+06	6241	8.34304e+06	2441.66	
159	0.0454787	6.61569e-06	0.0454666	5.15518e-06	1.75984e+06	256	1.75937e+06	199.484	
160	0.0501915	9.32915e-06	0.0501622	1.96459e-05	1.9422e+06	361	1.94107e+06	760.217	
162	1.10102	0.00389043	1.09701	0.000117382	4.26052e+07	150544	4.24501e+07	4542.2	
164	0.0995879	3.16571e-05	0.0995537	2.26786e-06	3.85364e+06	1225	3.85232e+06	87.7569	
165	0.0885628	2.48346e-05	0.0884697	6.80071e-05	3.42701e+06	961	3.42341e+06	2631.59	
166	0.0695619	1.61515e-05	0.0695422	3.26087e-06	2.69176e+06	625	2.691e+06	126.182	
168	0.0623284	1.36707e-05	0.0623145	0	2.41185e+06	529	2.41131e+06	0	
171	0.182236	0.000119495	0.182116	0	7.05178e+06	4624	7.04716e+06	0	
172	2.07286	0.0141131	2.05869	5.19082e-05	8.02112e+07	546121	7.9663e+07	2008.63	
173	0.0807926	2.32582e-05	0.0807659	3.07997e-06	3.12634e+06	900	3.12531e+06	119.182	
174	0.179648	0.000109184	0.179538	2.62509e-07	6.95166e+06	4225	6.94741e+06	10.158	
175	0.0526498	9.32915e-06	0.0526351	5.10939e-06	2.03733e+06	361	2.03676e+06	197.712	
176	0.106865	3.93065e-05	0.106825	2.60786e-07	4.13525e+06	1521	4.13371e+06	10.0913	
177	0.0158506	7.46849e-06	0.0158432	0	613356	289	613067	0	
178	0.137316	6.20479e-05	0.137248	4.92155e-06	5.31356e+06	2401	5.31096e+06	190.444	
179	0.0523998	9.32915e-06	0.0523904	0	2.02765e+06	361	2.02729e+06	0	
181	0.0245433	1.74695e-05	0.0245258	0	949726	676	949050	0	
183	0.0673492	1.48853e-05	0.067334	0	2.60613e+06	576	2.60555e+06	0	
184	0.0421266	5.81457e-06	0.0419129	0.000207556	1.63012e+06	225	1.62185e+06	8031.57	
185	0.0504789	8.37298e-06	0.0504698	4.20456e-07	1.95332e+06	324	1.95297e+06	16.2699	
186	0.041015	5.81457e-06	0.0410079	9.95473e-07	1.58711e+06	225	1.58683e+06	38.5207	
190	0.164885	8.99578e-05	0.164436	0.000358748	6.3804e+06	3481	6.36302e+06	13882	
191	0.0671575	1.48853e-05	0.0671392	3.10056e-06	2.59871e+06	576	2.59801e+06	119.979	
192	0.0352669	7.46849e-06	0.0352595	0	1.36468e+06	289	1.36439e+06	0	
194	0.160964	0.000149266	0.160814	8.40529e-07	6.22866e+06	5776	6.22284e+06	32.525	
195	0.297269	0.00053587	0.296733	0	1.1503e+07	20736	1.14823e+07	0	
196	0.0567319	1.88392e-05	0.056713	0	2.19529e+06	729	2.19456e+06	0	
197	0.0463336	1.25077e-05	0.0463209	0	1.79292e+06	484	1.79242e+06	0	
198	0.104766	6.46063e-05	0.104701	0	4.05402e+06	2500	4.05152e+06	0	
199	0.24681	0.000359831	0.246447	2.89221e-06	9.55054e+06	13924	9.5365e+06	111.916	
200	0.186555	0.000214002	0.186341	0	7.21892e+06	8281	7.21064e+06	0	
203	0.0372398	8.37298e-06	0.0372307	4.5045e-07	1.44102e+06	324	1.44067e+06	17.4305	
204	0.0574915	2.02605e-05	0.0574713	0	2.22468e+06	784	2.2239e+06	0	
205	0.0565335	2.02605e-05	0.0565132	0	2.18761e+06	784	2.18683e+06	0	
206	0.0536791	1.74695e-05	0.0536584	2.91479e-06	2.07716e+06	676	2.07636e+06	112.79	
207	0.0650996	2.64627e-05	0.0650731	0	2.51909e+06	1024	2.51806e+06	0	
208	0.037303	8.37298e-06	0.0372946	0	1.44347e+06	324	1.44314e+06	0	
209	0.0432967	1.13965e-05	0.0432833	1.74043e-06	1.6754e+06	441	1.67488e+06	67.3476	
210	0.166867	0.000173765	0.166693	5.34081e-08	6.45707e+06	6724	6.45034e+06	2.06667	
211	0.0461935	1.36707e-05	0.0461798	0	1.78749e+06	529	1.78697e+06	0	
213	0.04284	1.13965e-05	0.0428282	1.96633e-07	1.65773e+06	441	1.65727e+06	7.60889	
214	0.624527	0.00245152	0.622069	5.95768e-06	2.41666e+07	94864	2.40715e+07	230.537	
216	0.00574314	1.36707e-05	0.00572947	0	222236	529	221707	0	
217	0.0580307	0.00015322	0.0578775	0	2.24555e+06	5929	2.23962e+06	0	
218	0.0129839	7.46849e-06	0.0129765	0	502427	289	502138	0	
219	0.0220154	2.48346e-05	0.0219905	0	851906	961	850945	0	
220	0.00928821	6.61569e-06	0.00928159	0	359415	256	359159	0	
221	0.102616	0.000274163	0.102342	0	3.97083e+06	10609	3.96022e+06	0	
222	0.0520277	6.98782e-05	0.0519579	0	2.01326e+06	2704	2.01055e+06	0	
223	0.0198549	2.81425e-05	0.0198268	0	768305	1089	767216	0	
224	0.0163386	1.88392e-05	0.0163198	0	632239	729	631510	0	
226	0.059638	9.93387e-05	0.0595386	0	2.30774e+06	3844	2.3039e+06	0	
227	0.0087404	5.81457e-06	0.00873459	0	338217	225	337992	0	
228	0.0175845	1.61515e-05	0.0175683	0	680448	625	679823	0	
231	0.00928686	6.61569e-06	0.00928024	0	359363	256	359107	0	
232	0.00364329	8.37298e-06	0.00363492	0	140980	324	140656	0	
233	0.0272107	6.20479e-05	0.0271487	0	1.05294e+06	2401	1.05054e+06	0	
234	0.00340414	9.32915e-06	0.00339481	0	131726	361	131365	0	
235	0.0111701	8.37298e-06	0.0111617	0	432237	324	431913	0	
236	0.0107464	6.61569e-06	0.0107398	0	415843	256	415587	0	
237	0.038462	4.34413e-05	0.0384186	0	1.48832e+06	1681	1.48664e+06	0	
238	0.0164193	6.61569e-06	0.0164127	0	635360	256	635104	0	
243	0.00735007	5.81457e-06	0.00734425	0	284417	225	284192	0	
244	0.0424618	0.000130272	0.0423315	0	1.64309e+06	5041	1.63805e+06	0	
246	0.0193945	1.25077e-05	0.019382	0	750491	484	750007	0	
247	0.0207789	4.1348e-05	0.0207375	0	804059	1600	802459	0	
248	0.00845131	5.81457e-06	0.00844549	0	327030	225	326805	0	
251	0.0691448	0.000312694	0.0688321	0	2.67562e+06	12100	2.66352e+06	0	
252	0.00484646	9.32915e-06	0.00483713	0	187538	361	187177	0	
254	0.0164709	6.61569e-06	0.0164643	0	637357	256	637101	0	
257	0.0073225	6.61569e-06	0.00731588	0	283350	256	283094	0	
260	0.00743177	5.81457e-06	0.00742595	0	287578	225	287353	0	
262	0.00730962	2.17335e-05	0.00728789	0	282852	841	282011	0	
264	0.0340534	2.81425e-05	0.0340252	0	1.31772e+06	1089	1.31663e+06	0	
265	0.0167426	2.64627e-05	0.0167162	0	647873	1024	646849	0	
266	0.087713	0.000169552	0.0875434	0	3.39413e+06	6561	3.38757e+06	0	
268	0.0206903	8.37298e-06	0.0206819	0	800631	324	800307	0	
269	0.0225978	9.32915e-06	0.0225885	0	874443	361	874082	0	
270	0.0158103	5.81457e-06	0.0158045	0	611796	225	611571	0	
271	0.0118503	1.25077e-05	0.0118378	0	458559	484	458075	0	
272	0.955972	0.0131744	0.942798	0	3.69922e+07	509796	3.64824e+07	0	
273	0.0593775	5.23311e-05	0.0593251	0	2.29766e+06	2025	2.29564e+06	0	
275	0.0400315	2.81425e-05	0.0400034	0	1.54905e+06	1089	1.54796e+06	0	
276	0.0208173	7.46849e-06	0.0208098	0	805544	289	805255	0	
279	0.00706725	1.0337e-05	0.00705691	0	273473	400	273073	0	
280	0.0226113	8.37298e-06	0.0226029	0	874966	324	874642	0	
281	0.00864649	1.48853e-05	0.00863161	0	334583	576	334007	0	
282	0.027058	1.0337e-05	0.0270476	0	1.04703e+06	400	1.04663e+06	0	
283	0.0110804	2.48346e-05	0.0110555	0	428766	961	427805	0	
284	0.114883	0.000182344	0.114701	0	4.44552e+06	7056	4.43846e+06	0	
285	0.018771	5.81457e-06	0.0187651	0	726360	225	726135	0	
288	0.0205511	6.61569e-06	0.0205445	0	795245	256	794989	0	
289	0.00974879	1.88392e-05	0.00972995	0	377238	729	376509	0	
291	0.0473878	3.34919e-05	0.0473543	0	1.83371e+06	1296	1.83241e+06	0	
292	0.0293149	2.17335e-05	0.0292931	0	1.13436e+06	841	1.13352e+06	0	
293	0.0582819	5.00311e-05	0.0582318	0	2.25527e+06	1936	2.25333e+06	0	
294	0.066247	6.20479e-05	0.0661849	0	2.56348e+06	2401	2.56108e+06	0	
295	0.0214273	6.61569e-06	0.0214207	0	829151	256	828895	0	
296	0.00859588	1.48853e-05	0.008581	0	332625	576	332049	0	
298	0.0866645	0.00011257	0.0865519	0	3.35356e+06	4356	3.3492e+06	0	
299	0.0350804	1.61515e-05	0.0350643	0	1.35747e+06	625	1.35684e+06	0	
304	0.0290434	1.0337e-05	0.0290331	0	1.12386e+06	400	1.12346e+06	0	
305	0.0611638	4.55862e-05	0.0611183	0	2.36679e+06	1764	2.36502e+06	0	
306	0.0216648	5.81457e-06	0.021659	0	838341	225	838116	0	
307	0.0411229	2.02605e-05	0.0411027	0	1.59128e+06	784	1.5905e+06	0	
309	0.323632	0.00133164	0.3223	0	1.25232e+07	51529	1.24717e+07	0	
310	0.00691089	8.37298e-06	0.00690251	0	267423	324	267099	0	
313	0.0246224	7.46849e-06	0.0246149	0	952787	289	952498	0	
314	0.0298056	4.34413e-05	0.0297621	0	1.15335e+06	1681	1.15167e+06	0	
316	0.0843717	8.69343e-05	0.0842848	0	3.26483e+06	3364	3.26147e+06	0	
317	0.00697694	8.37298e-06	0.00696857	0	269979	324	269655	0	
318	0.0138218	5.81457e-06	0.0138159	0	534847	225	534622	0	
319	0.0384078	1.74695e-05	0.0383904	0	1.48622e+06	676	1.48555e+06	0	
320	0.0821748	0.000145364	0.0820294	0	3.17982e+06	5625	3.1742e+06	0	
321	0.174826	0.000390971	0.174435	0	6.76508e+06	15129	6.74995e+06	0	
322	0.0260367	8.37298e-06	0.0260283	0	1.00751e+06	324	1.00719e+06	0	
323	0.397706	0.00323848	0.394468	0	1.53896e+07	125316	1.52642e+07	0	
324	0.0874013	9.30331e-05	0.0873083	0	3.38207e+06	3600	3.37847e+06	0	
325	0.0665587	5.23311e-05	0.0665063	0	2.57554e+06	2025	2.57352e+06	0	
327	0.0281894	9.32915e-06	0.02818	0	1.09081e+06	361	1.09045e+06	0	
331	0.0343729	1.36707e-05	0.0343593	0	1.33009e+06	529	1.32956e+06	0	
333	0.0568589	4.1348e-05	0.0568175	0	2.2002e+06	1600	2.1986e+06	0	
337	0.0271611	8.37298e-06	0.0271527	0	1.05102e+06	324	1.0507e+06	0	
338	0.0277253	9.32915e-06	0.027716	0	1.07285e+06	361	1.07249e+06	0	
340	0.0213063	5.81457e-06	0.0213005	0	824469	225	824244	0	
341	0.042898	2.32582e-05	0.0428747	0	1.65997e+06	900	1.65907e+06	0	
343	0.0304772	1.0337e-05	0.0304669	0	1.17934e+06	400	1.17894e+06	0	
346	0.0301793	2.17335e-05	0.0301575	0	1.16781e+06	841	1.16697e+06	0	
347	0.741358	0.0123393	0.729019	0	2.86875e+07	477481	2.821e+07	0	
350	0.0224153	1.25077e-05	0.0224028	0	867383	484	866899	0	
351	0.0184376	7.46849e-06	0.0184301	0	713459	289	713170	0	
352	0.0764815	6.20479e-05	0.0764194	0	2.95951e+06	2401	2.95711e+06	0	
353	0.0144245	1.88392e-05	0.0144057	0	558171	729	557442	0	
355	0.0109286	1.0337e-05	0.0109183	0	422894	400	422494	0	
357	0.023638	6.61569e-06	0.0236314	0	914695	256	914439	0	
358	0.0287861	9.32915e-06	0.0287768	0	1.1139e+06	361	1.11354e+06	0	
359	0.0250235	7.46849e-06	0.025016	0	968307	289	968018	0	
366	0.0305096	1.0337e-05	0.0304993	0	1.18059e+06	400	1.18019e+06	0	
367	0.130662	0.000390971	0.130271	0	5.05608e+06	15129	5.04095e+06	0	
368	2.01483	0.0416814	1.97315	0	7.79658e+07	1.6129e+06	7.63529e+07	0	
370	0.0529591	2.81425e-05	0.052931	0	2.0493e+06	1089	2.04821e+06	0	
371	0.0219829	5.81457e-06	0.0219771	0	850650	225	850425	0	
372	0.0293093	9.32915e-06	0.0293	0	1.13415e+06	361	1.13378e+06	0	
373	0.0326061	1.25077e-05	0.0325936	0	1.26172e+06	484	1.26124e+06	0	
374	0.023576	2.02605e-05	0.0235557	0	912296	784	911512	0	
375	0.0117722	5.81457e-06	0.0117664	0	455537	225	455312	0	
376	0.0258999	6.61569e-06	0.0258933	0	1.00222e+06	256	1.00196e+06	0	
380	0.0414591	1.88392e-05	0.0414402	0	1.60429e+06	729	1.60356e+06	0	
381	0.0237841	6.61569e-06	0.0237775	0	920348	256	920092	0	
382	0.047368	2.17335e-05	0.0473463	0	1.83294e+06	841	1.8321e+06	0	
383	0.0247518	7.46849e-06	0.0247443	0	957793	289	957504	0	
384	0.0762546	7.53568e-05	0.0761792	0	2.95074e+06	2916	2.94782e+06	0	
387	0.0299984	9.32915e-06	0.0299891	0	1.16081e+06	361	1.16045e+06	0	
389	0.0253896	7.46849e-06	0.0253821	0	982473	289	982184	0	
391	0.0295513	1.13965e-05	0.0295399	0	1.14351e+06	441	1.14307e+06	0	
392	0.0826299	6.72164e-05	0.0825627	0	3.19743e+06	2601	3.19483e+06	0	
393	0.025756	6.61569e-06	0.0257494	0	996652	256	996396	0	
395	0.289213	0.00129667	0.287916	0	1.11913e+07	50176	1.11412e+07	0	
396	0.186706	0.000341767	0.186364	0	7.22477e+06	13225	7.21155e+06	0	
397	0.0723923	5.46828e-05	0.0723376	0	2.80128e+06	2116	2.79916e+06	0	
398	0.126546	0.000149266	0.126397	0	4.89682e+06	5776	4.89104e+06	0	
399	0.0359612	2.64627e-05	0.0359347	0	1.39155e+06	1024	1.39052e+06	0	
400	0.284768	0.000738088	0.28403	0	1.10193e+07	28561	1.09908e+07	0	
403	0.0234012	5.81457e-06	0.0233954	0	905531	225	905306	0	
404	6.47223	0.387641	6.08459	0	2.50448e+08	1.50001e+07	2.35448e+08	0	
405	0.0308276	9.32915e-06	0.0308183	0	1.1929e+06	361	1.19254e+06	0	
406	0.0168605	5.81457e-06	0.0168547	0	652433	225	652208	0	
408	0.0371876	3.16571e-05	0.0371559	0	1.439e+06	1225	1.43778e+06	0	
409	0.0175192	7.46849e-06	0.0175117	0	677921	289	677632	0	
410	0.0425317	2.64627e-05	0.0425053	0	1.6458e+06	1024	1.64478e+06	0	
412	0.0585469	8.10422e-05	0.0584658	0	2.26552e+06	3136	2.26238e+06	0	
413	0.0333029	9.32915e-06	0.0332936	0	1.28868e+06	361	1.28832e+06	0	
414	0.0547462	2.48346e-05	0.0547214	0	2.11845e+06	961	2.11749e+06	0	
415	0.446457	0.00174695	0.44471	0	1.7276e+07	67600	1.72084e+07	0	
417	0.0231607	6.61569e-06	0.0231541	0	896227	256	895971	0	
418	0.0269298	1.48853e-05	0.0269149	0	1.04207e+06	576	1.04149e+06	0	
419	0.0308028	1.13965e-05	0.0307914	0	1.19194e+06	441	1.1915e+06	0	
420	0.0325007	1.0337e-05	0.0324904	0	1.25764e+06	400	1.25724e+06	0	
422	0.0343495	1.13965e-05	0.0343381	0	1.32918e+06	441	1.32874e+06	0	
425	0.0334268	9.32915e-06	0.0334175	0	1.29348e+06	361	1.29312e+06	0	
427	0.0836805	6.46063e-05	0.0836159	0	3.23809e+06	2500	3.23559e+06	0	
430	0.0265879	5.81457e-06	0.0265821	0	1.02884e+06	225	1.02861e+06	0	
431	0.0325225	8.37298e-06	0.0325141	0	1.25848e+06	324	1.25816e+06	0	
432	0.0539525	2.32582e-05	0.0539292	0	2.08774e+06	900	2.08684e+06	0	
434	0.0360526	1.13965e-05	0.0360412	0	1.39508e+06	441	1.39464e+06	0	
435	0.0233111	6.61569e-06	0.0233045	0	902046	256	901790	0	
438	0.158776	0.000204698	0.158572	0	6.14401e+06	7921	6.13609e+06	0	
440	0.037273	1.13965e-05	0.0372616	0	1.44231e+06	441	1.44187e+06	0	
441	0.0467145	2.02605e-05	0.0466943	0	1.80766e+06	784	1.80687e+06	0	
443	0.110734	9.93387e-05	0.110634	0	4.28495e+06	3844	4.28111e+06	0	
444	0.0965287	7.53568e-05	0.0964533	0	3.73526e+06	2916	3.73234e+06	0	
446	0.0781213	4.77828e-05	0.0780735	0	3.02297e+06	1849	3.02112e+06	0	
447	0.279341	0.000678211	0.278662	0	1.08093e+07	26244	1.07831e+07	0	
448	0.234864	0.000464028	0.2344	0	9.08827e+06	17956	9.07032e+06	0	
450	0.406562	0.00134339	0.405219	0	1.57323e+07	51984	1.56803e+07	0	
452	0.0335899	1.0337e-05	0.0335796	0	1.29979e+06	400	1.29939e+06	0	
455	0.0360874	1.13965e-05	0.036076	0	1.39643e+06	441	1.39599e+06	0	
456	0.109636	0.000105851	0.10953	0	4.24247e+06	4096	4.23837e+06	0	
457	0.0286588	2.02605e-05	0.0286386	0	1.10898e+06	784	1.10819e+06	0	
458	0.0336135	1.0337e-05	0.0336032	0	1.3007e+06	400	1.3003e+06	0	
459	0.0336114	9.32915e-06	0.033602	0	1.30062e+06	361	1.30026e+06	0	
460	0.0405852	1.36707e-05	0.0405715	0	1.57048e+06	529	1.56995e+06	0	
461	0.0331755	1.0337e-05	0.0331652	0	1.28375e+06	400	1.28335e+06	0	
462	0.0428516	1.48853e-05	0.0428368	0	1.65818e+06	576	1.6576e+06	0	
463	0.0756371	4.77828e-05	0.0755893	0	2.92684e+06	1849	2.92499e+06	0	
464	0.020268	9.32915e-06	0.0202587	0	784291	361	783930	0	
465	0.0313388	8.37298e-06	0.0313304	0	1.21268e+06	324	1.21236e+06	0	
468	0.0732522	0.00011257	0.0731396	0	2.83456e+06	4356	2.8302e+06	0	
469	0.123479	0.000126628	0.123352	0	4.77813e+06	4900	4.77323e+06	0	
472	0.0604831	2.98739e-05	0.0604532	0	2.34044e+06	1156	2.33929e+06	0	
473	0.0424707	1.48853e-05	0.0424558	0	1.64344e+06	576	1.64286e+06	0	
475	0.0428936	1.48853e-05	0.0428787	0	1.6598e+06	576	1.65923e+06	0	
476	0.032511	8.37298e-06	0.0325026	0	1.25804e+06	324	1.25771e+06	0	
478	0.0264242	5.81457e-06	0.0264184	0	1.0225e+06	225	1.02228e+06	0	
479	0.174257	0.000253282	0.174004	0	6.74304e+06	9801	6.73324e+06	0	
480	0.0510758	2.02605e-05	0.0510556	0	1.97642e+06	784	1.97564e+06	0	
482	0.0633188	3.34919e-05	0.0632853	0	2.45017e+06	1296	2.44888e+06	0	
483	0.0509487	2.02605e-05	0.0509284	0	1.9715e+06	784	1.97072e+06	0	
484	0.0414718	3.93065e-05	0.0414325	0	1.60479e+06	1521	1.60327e+06	0	
485	0.0613047	2.98739e-05	0.0612748	0	2.37224e+06	1156	2.37108e+06	0	
486	0.0323235	1.0337e-05	0.0323132	0	1.25078e+06	400	1.25038e+06	0	
487	0.0744236	5.46828e-05	0.0743689	0	2.87988e+06	2116	2.87777e+06	0	
488	0.0433204	1.88392e-05	0.0433015	0	1.67632e+06	729	1.67559e+06	0	
489	0.0240967	5.81457e-06	0.0240909	0	932446	225	932221	0	
490	0.0457506	5.00311e-05	0.0457005	0	1.77036e+06	1936	1.76842e+06	0	
492	0.0496626	2.48346e-05	0.0496377	0	1.92173e+06	961	1.92077e+06	0	
493	5.32448	0.238198	5.08628	0	2.06035e+08	9.21729e+06	1.96818e+08	0	
494	0.0473102	2.17335e-05	0.0472885	0	1.83071e+06	841	1.82987e+06	0	
495	0.00684093	2.64627e-05	0.00681447	0	264715	1024	263691	0	
496	0.0210227	1.0337e-05	0.0210124	0	813493	400	813093	0	
497	0.0740377	5.23311e-05	0.0739854	0	2.86495e+06	2025	2.86293e+06	0	
498	0.00531228	1.36707e-05	0.00529861	0	205563	529	205034	0	
499	0.0469475	2.17335e-05	0.0469258	0	1.81667e+06	841	1.81583e+06	0	
500	0.0723563	5.00311e-05	0.0723063	0	2.79989e+06	1936	2.79795e+06	0	
502	0.00342192	7.46849e-06	0.00341445	0	132414	289	132125	0	
503	0.136641	0.00563597	0.131005	0	5.28744e+06	218089	5.06935e+06	0	
504	0.0296711	8.37298e-06	0.0296628	0	1.14815e+06	324	1.14782e+06	0	
506	0.116442	0.000133967	0.116308	0	4.50586e+06	5184	4.50067e+06	0	
507	0.0112383	8.39624e-05	0.0111544	0	434879	3249	431630	0	
508	0.0526297	2.48346e-05	0.0526049	0	2.03655e+06	961	2.03559e+06	0	
509	0.0365771	1.13965e-05	0.0365658	0	1.41538e+06	441	1.41494e+06	0	
510	0.0331357	9.32915e-06	0.0331264	0	1.28221e+06	361	1.28185e+06	0	
511	0.0465868	2.02605e-05	0.0465665	0	1.80271e+06	784	1.80193e+06	0	
513	0.131486	0.000149266	0.131337	0	5.08798e+06	5776	5.08221e+06	0	
515	0.0415708	1.61515e-05	0.0415547	0	1.60862e+06	625	1.60799e+06	0	
517	0.0390144	0.000809621	0.0382048	0	1.50969e+06	31329	1.47836e+06	0	
520	0.0385542	1.36707e-05	0.0385405	0	1.49189e+06	529	1.49136e+06	0	
521	0.119392	0.000141513	0.11925	0	4.61998e+06	5476	4.61451e+06	0	
522	0.0595392	3.16571e-05	0.0595075	0	2.30392e+06	1225	2.30269e+06	0	
523	0.0263909	5.81457e-06	0.0263851	0	1.02122e+06	225	1.02099e+06	0	
524	0.0568307	3.34919e-05	0.0567972	0	2.19911e+06	1296	2.19781e+06	0	
525	0.00714623	2.02605e-05	0.00712597	0	276530	784	275746	0	
526	0.0300321	7.46849e-06	0.0300246	0	1.16212e+06	289	1.16183e+06	0	
529	0.0615324	3.16571e-05	0.0615007	0	2.38105e+06	1225	2.37982e+06	0	
530	0.0346482	1.25077e-05	0.0346357	0	1.34074e+06	484	1.34026e+06	0	
531	0.046208	1.88392e-05	0.0461891	0	1.78806e+06	729	1.78733e+06	0	
533	0.026129	6.61569e-06	0.0261223	0	1.01108e+06	256	1.01082e+06	0	
535	0.0257758	5.81457e-06	0.02577	0	997418	225	997193	0	
537	0.104276	9.30331e-05	0.104183	0	4.03505e+06	3600	4.03145e+06	0	
539	0.0280048	6.61569e-06	0.0279982	0	1.08367e+06	256	1.08341e+06	0	
540	0.042639	1.74695e-05	0.0426215	0	1.64995e+06	676	1.64927e+06	0	
541	0.0426899	1.61515e-05	0.0426738	0	1.65192e+06	625	1.6513e+06	0	
543	0.0435622	1.88392e-05	0.0435433	0	1.68567e+06	729	1.68495e+06	0	
545	0.0471752	1.88392e-05	0.0471563	0	1.82548e+06	729	1.82475e+06	0	
547	0.0215456	9.32915e-06	0.0215363	0	833727	361	833366	0	
548	0.0365913	1.25077e-05	0.0365788	0	1.41593e+06	484	1.41545e+06	0	
550	0.0490435	2.32582e-05	0.0490202	0	1.89778e+06	900	1.89688e+06	0	
551	0.113877	0.00011257	0.113765	0	4.4066e+06	4356	4.40225e+06	0	
554	0.589196	0.00756362	0.581633	0	2.27994e+07	292681	2.25068e+07	0	
556	0.0519133	2.64627e-05	0.0518868	0	2.00883e+06	1024	2.0078e+06	0	
557	0.0692367	4.1348e-05	0.0691954	0	2.67917e+06	1600	2.67757e+06	0	
559	0.11352	0.000123036	0.113397	0	4.39276e+06	4761	4.388e+06	0	
560	0.0281593	0.000157226	0.0280021	0	1.08965e+06	6084	1.08356e+06	0	
561	0.037408	1.36707e-05	0.0373944	0	1.44753e+06	529	1.44701e+06	0	
562	0.0238784	5.81457e-06	0.0238726	0	923996	225	923771	0	
563	0.0991503	0.00221855	0.0969317	0	3.83671e+06	85849	3.75086e+06	0	
564	0.0613283	3.53784e-05	0.0612929	0	2.37315e+06	1369	2.37178e+06	0	
565	0.0319792	1.0337e-05	0.0319689	0	1.23746e+06	400	1.23706e+06	0	
566	0.0347336	1.13965e-05	0.0347222	0	1.34404e+06	441	1.3436e+06	0	
568	0.0748091	5.46828e-05	0.0747544	0	2.8948e+06	2116	2.89268e+06	0	
569	7.52924	0.940593	6.58865	0	2.9135e+08	3.6397e+07	2.54953e+08	0	
572	0.0337604	1.0337e-05	0.0337501	0	1.30639e+06	400	1.30599e+06	0	
573	0.0293841	7.46849e-06	0.0293766	0	1.13704e+06	289	1.13675e+06	0	
574	0.165157	0.000284914	0.164872	0	6.39091e+06	11025	6.37988e+06	0	
575	0.0438354	9.61601e-05	0.0437393	0	1.69625e+06	3721	1.69253e+06	0	
576	0.0164528	7.46849e-06	0.0164454	0	636658	289	636369	0	
577	0.0309571	8.37298e-06	0.0309487	0	1.19791e+06	324	1.19759e+06	0	
579	0.0302754	8.37298e-06	0.0302671	0	1.17153e+06	324	1.17121e+06	0	
581	0.0381442	1.36707e-05	0.0381305	0	1.47602e+06	529	1.47549e+06	0	
582	0.200652	0.000359831	0.200292	0	7.76443e+06	13924	7.7505e+06	0	
583	0.0167256	0.000126628	0.0165989	0	647212	4900	642312	0	
584	0.0252423	5.81457e-06	0.0252365	0	976776	225	976551	0	
585	0.0666914	3.93065e-05	0.0666521	0	2.58068e+06	1521	2.57916e+06	0	
586	0.039421	1.36707e-05	0.0394073	0	1.52543e+06	529	1.5249e+06	0	
587	0.0735246	5.00311e-05	0.0734746	0	2.8451e+06	1936	2.84316e+06	0	
588	0.030833	8.37298e-06	0.0308246	0	1.19311e+06	324	1.19278e+06	0	
589	0.00756276	2.48346e-05	0.00753792	0	292647	961	291686	0	
590	0.0285507	7.46849e-06	0.0285433	0	1.10479e+06	289	1.1045e+06	0	
592	0.0126452	3.73166e-05	0.0126079	0	489318	1444	487874	0	
593	0.0638166	3.73166e-05	0.0637793	0	2.46944e+06	1444	2.46799e+06	0	
594	0.285759	0.000729379	0.28503	0	1.10577e+07	28224	1.10294e+07	0	
595	0.0254295	5.81457e-06	0.0254237	0	984018	225	983793	0	
597	0.0253529	5.81457e-06	0.0253471	0	981056	225	980831	0	
598	0.0297753	8.37298e-06	0.029767	0	1.15218e+06	324	1.15186e+06	0	
600	0.173131	0.000645133	0.172486	0	6.69948e+06	24964	6.67452e+06	0	
603	0.109651	0.000116007	0.109535	0	4.24307e+06	4489	4.23858e+06	0	
605	0.151248	0.000214002	0.151034	0	5.85268e+06	8281	5.8444e+06	0	
606	0.0242519	1.88392e-05	0.024233	0	938449	729	937720	0	
608	1.83014	0.0301985	1.79994	0	7.0819e+07	1.16856e+06	6.96504e+07	0	
609	0.040527	1.48853e-05	0.0405121	0	1.56823e+06	576	1.56765e+06	0	
610	0.0837989	6.46063e-05	0.0837343	0	3.24267e+06	2500	3.24017e+06	0	
612	0.0320828	9.32915e-06	0.0320735	0	1.24147e+06	361	1.24111e+06	0	
614	0.0285334	7.46849e-06	0.0285259	0	1.10412e+06	289	1.10383e+06	0	
615	0.0472865	3.73166e-05	0.0472492	0	1.82979e+06	1444	1.82835e+06	0	
616	0.00387951	8.37298e-06	0.00387113	0	150121	324	149797	0	
618	0.111917	0.000223512	0.111694	0	4.33075e+06	8649	4.3221e+06	0	
619	0.0508061	4.55862e-05	0.0507605	0	1.96598e+06	1764	1.96422e+06	0	
620	0.0179527	5.81457e-06	0.0179469	0	694697	225	694472	0	
621	0.0594298	7.53568e-05	0.0593544	0	2.29968e+06	2916	2.29677e+06	0	
622	0.0187711	1.13965e-05	0.0187598	0	726368	441	725927	0	
623	0.0423694	4.77828e-05	0.0423216	0	1.63952e+06	1849	1.63767e+06	0	
626	0.0136256	5.81457e-06	0.0136198	0	527257	225	527032	0	
627	0.0270576	1.48853e-05	0.0270427	0	1.04701e+06	576	1.04644e+06	0	
632	0.0935533	0.000253282	0.0933	0	3.62012e+06	9801	3.61032e+06	0	
633	0.115527	0.000263619	0.115264	0	4.47045e+06	10201	4.46025e+06	0	
634	0.0549621	6.72164e-05	0.0548948	0	2.1268e+06	2601	2.1242e+06	0	
636	0.0463588	6.20479e-05	0.0462968	0	1.79389e+06	2401	1.79149e+06	0	
639	0.0170604	8.37298e-06	0.017052	0	660167	324	659843	0	
640	0.0169464	5.81457e-06	0.0169406	0	655758	225	655533	0	
641	0.0492393	6.98782e-05	0.0491695	0	1.90536e+06	2704	1.90265e+06	0	
643	0.0240686	1.25077e-05	0.0240561	0	931356	484	930872	0	
644	0.0432454	5.23311e-05	0.0431931	0	1.67342e+06	2025	1.67139e+06	0	
645	0.0284317	1.61515e-05	0.0284155	0	1.10019e+06	625	1.09956e+06	0	
646	0.0103856	6.61569e-06	0.010379	0	401882	256	401626	0	
647	0.0700708	0.000116007	0.0699548	0	2.71145e+06	4489	2.70696e+06	0	
648	0.0635309	7.81736e-05	0.0634528	0	2.45838e+06	3025	2.45536e+06	0	
649	0.024713	1.61515e-05	0.0246968	0	956292	625	955667	0	
650	14.5442	2.67917	11.8651	0	5.62804e+08	1.03673e+08	4.59131e+08	0	
651	0.0180178	8.37298e-06	0.0180095	0	697218	324	696894	0	
652	0.195992	0.000755661	0.195236	0	7.58409e+06	29241	7.55485e+06	0	
653	0.0214528	1.25077e-05	0.0214403	0	830135	484	829651	0	
654	0.0341336	2.98739e-05	0.0341037	0	1.32083e+06	1156	1.31967e+06	0	
655	0.047909	5.46828e-05	0.0478543	0	1.85388e+06	2116	1.85176e+06	0	
656	0.046405	5.00311e-05	0.046355	0	1.79568e+06	1936	1.79375e+06	0	
657	0.177991	0.000695061	0.177296	0	6.88753e+06	26896	6.86064e+06	0	
658	0.0349147	2.48346e-05	0.0348898	0	1.35105e+06	961	1.35009e+06	0	
659	0.046793	5.46828e-05	0.0467383	0	1.81069e+06	2116	1.80858e+06	0	
660	0.022935	1.25077e-05	0.0229225	0	887491	484	887007	0	
662	0.0854251	0.000195602	0.0852295	0	3.3056e+06	7569	3.29803e+06	0	
664	0.268498	0.00150096	0.266997	0	1.03897e+07	58081	1.03317e+07	0	
665	0.0268669	2.02605e-05	0.0268466	0	1.03963e+06	784	1.03885e+06	0	
667	0.0279751	1.88392e-05	0.0279562	0	1.08252e+06	729	1.08179e+06	0	
668	0.0596451	9.30331e-05	0.0595521	0	2.30802e+06	3600	2.30442e+06	0	
670	0.0347373	3.73166e-05	0.0347	0	1.34419e+06	1444	1.34274e+06	0	
671	0.0230865	1.13965e-05	0.0230751	0	893355	441	892914	0	
672	0.0787874	0.000119495	0.0786679	0	3.04874e+06	4624	3.04412e+06	0	
674	0.324873	0.00227954	0.322593	0	1.25712e+07	88209	1.2483e+07	0	
675	0.276142	0.00157662	0.274566	0	1.06855e+07	61009	1.06245e+07	0	
678	0.0157762	5.81457e-06	0.0157703	0	610474	225	610249	0	
680	0.0304436	1.88392e-05	0.0304247	0	1.17804e+06	729	1.17731e+06	0	
681	0.0196421	8.37298e-06	0.0196338	0	760072	324	759748	0	
682	0.0680003	9.61601e-05	0.0679041	0	2.63133e+06	3721	2.62761e+06	0	
683	0.168575	0.000543339	0.168032	0	6.52318e+06	21025	6.50215e+06	0	
685	0.022529	1.13965e-05	0.0225176	0	871780	441	871339	0	
686	0.0208655	9.32915e-06	0.0208562	0	807411	361	807050	0	
687	0.0192069	8.37298e-06	0.0191986	0	743231	324	742907	0	
689	0.253411	0.00125077	0.25216	0	9.80597e+06	48400	9.75757e+06	0	
690	0.0397606	3.16571e-05	0.0397289	0	1.53857e+06	1225	1.53734e+06	0	
691	0.0340261	2.48346e-05	0.0340013	0	1.31667e+06	961	1.31571e+06	0	
692	0.240056	0.00117245	0.238883	0	9.28918e+06	45369	9.24381e+06	0	
693	0.108211	0.000243152	0.107968	0	4.18733e+06	9409	4.17792e+06	0	
694	0.0223715	1.0337e-05	0.0223612	0	865687	400	865287	0	
695	0.0185887	6.61569e-06	0.0185821	0	719309	256	719053	0	
696	0.0371252	2.64627e-05	0.0370987	0	1.43659e+06	1024	1.43556e+06	0	
697	0.0200572	8.37298e-06	0.0200489	0	776134	324	775810	0	
700	0.0204328	8.37298e-06	0.0204244	0	790667	324	790343	0	
701	0.0250684	1.25077e-05	0.0250559	0	970044	484	969560	0	
702	0.0355897	2.48346e-05	0.0355648	0	1.37717e+06	961	1.37621e+06	0	
703	0.0185214	1.61515e-05	0.0185053	0	716704	625	716079	0	
705	0.0419612	4.55862e-05	0.0419157	0	1.62372e+06	1764	1.62196e+06	0	
706	0.0664364	9.30331e-05	0.0663434	0	2.57081e+06	3600	2.56721e+06	0	
708	0.0537613	8.69343e-05	0.0536744	0	2.08034e+06	3364	2.07697e+06	0	
709	0.0705392	0.000102569	0.0704367	0	2.72958e+06	3969	2.72561e+06	0	
710	0.0275954	1.48853e-05	0.0275805	0	1.06783e+06	576	1.06725e+06	0	
711	0.0889589	0.000157226	0.0888016	0	3.44234e+06	6084	3.43625e+06	0	
712	0.17916	0.000628904	0.178531	0	6.93277e+06	24336	6.90843e+06	0	
713	0.369421	0.00269612	0.366725	0	1.4295e+07	104329	1.41907e+07	0	
714	0.0278958	4.34413e-05	0.0278524	0	1.07945e+06	1681	1.07777e+06	0	
716	0.055936	8.69343e-05	0.0558491	0	2.16449e+06	3364	2.16113e+06	0	
720	0.166177	0.000521089	0.165656	0	6.43038e+06	20164	6.41022e+06	0	
721	0.0308312	2.32582e-05	0.0308079	0	1.19304e+06	900	1.19214e+06	0	
722	0.119361	0.000390971	0.11897	0	4.61879e+06	15129	4.60366e+06	0	
723	0.185388	0.000669864	0.184718	0	7.17378e+06	25921	7.14786e+06	0	
724	0.142266	0.00038464	0.141881	0	5.50512e+06	14884	5.49023e+06	0	
725	0.019518	7.46849e-06	0.0195105	0	755266	289	754977	0	
726	0.0152337	6.61569e-06	0.0152271	0	589482	256	589226	0	
728	0.0315068	1.88392e-05	0.031488	0	1.21918e+06	729	1.21845e+06	0	
729	0.0210518	8.37298e-06	0.0210434	0	814618	324	814294	0	
730	0.0175377	5.81457e-06	0.0175319	0	678639	225	678414	0	
731	0.0160304	7.46849e-06	0.016023	0	620313	289	620024	0	
733	0.0244761	1.13965e-05	0.0244647	0	947124	441	946683	0	
734	0.0337889	2.98739e-05	0.033759	0	1.30749e+06	1156	1.30633e+06	0	
735	0.0390446	4.55862e-05	0.038999	0	1.51086e+06	1764	1.5091e+06	0	
736	0.0417866	8.10422e-05	0.0417055	0	1.61697e+06	3136	1.61383e+06	0	
737	0.350167	0.0034997	0.346667	0	1.355e+07	135424	1.34146e+07	0	
738	0.0233228	1.0337e-05	0.0233125	0	902499	400	902099	0	
739	0.0160847	7.46849e-06	0.0160773	0	622415	289	622126	0	
740	0.039817	2.98739e-05	0.0397871	0	1.54075e+06	1156	1.53959e+06	0	
742	0.0127976	9.32915e-06	0.0127883	0	495217	361	494856	0	
743	0.0209649	8.37298e-06	0.0209565	0	811258	324	810934	0	
744	0.022594	1.13965e-05	0.0225826	0	874296	441	873855	0	
747	0.0429921	3.93065e-05	0.0429528	0	1.66361e+06	1521	1.66209e+06	0	
748	0.0149221	6.61569e-06	0.0149155	0	577426	256	577170	0	
749	0.0233223	1.0337e-05	0.0233119	0	902477	400	902077	0	
751	0.0167132	6.61569e-06	0.0167066	0	646733	256	646477	0	
752	0.174938	0.00057373	0.174364	0	6.7694e+06	22201	6.74719e+06	0	
754	0.194191	0.000712117	0.193478	0	7.51439e+06	27556	7.48683e+06	0	
755	0.0539582	5.46828e-05	0.0539035	0	2.08796e+06	2116	2.08584e+06	0	
757	5.22102	0.479163	4.74186	0	2.02032e+08	1.85416e+07	1.8349e+08	0	
758	0.0154738	5.81457e-06	0.0154679	0	598772	225	598547	0	
759	0.267406	0.00134339	0.266063	0	1.03475e+07	51984	1.02955e+07	0	
760	0.126204	0.000457128	0.125747	0	4.8836e+06	17689	4.86591e+06	0	
761	0.0302878	1.74695e-05	0.0302703	0	1.17201e+06	676	1.17133e+06	0	
764	0.024851	1.74695e-05	0.0248336	0	961634	676	960958	0	
765	0.162581	0.000499303	0.162081	0	6.29121e+06	19321	6.27189e+06	0	
767	0.0386604	2.81425e-05	0.0386322	0	1.49599e+06	1089	1.49491e+06	0	
768	0.024738	1.13965e-05	0.0247266	0	957261	441	956820	0	
769	0.0664476	8.39624e-05	0.0663637	0	2.57125e+06	3249	2.568e+06	0	
770	0.0755738	0.000169552	0.0754042	0	2.92439e+06	6561	2.91783e+06	0	
773	0.0221317	9.32915e-06	0.0221223	0	856406	361	856045	0	
774	0.0395904	2.98739e-05	0.0395606	0	1.53198e+06	1156	1.53083e+06	0	
776	0.0267486	1.36707e-05	0.0267349	0	1.03506e+06	529	1.03453e+06	0	
777	0.0428052	4.55862e-05	0.0427596	0	1.65638e+06	1764	1.65462e+06	0	
780	0.0595719	6.72164e-05	0.0595047	0	2.30518e+06	2601	2.30258e+06	0	
781	0.416544	0.0032936	0.41325	0	1.61185e+07	127449	1.5991e+07	0	
782	0.0171815	1.61515e-05	0.0171653	0	664853	625	664228	0	
783	0.794458	0.0115315	0.782927	0	3.07422e+07	446224	3.0296e+07	0	
784	0.0232841	1.0337e-05	0.0232737	0	900999	400	900599	0	
789	2.04165	0.0760087	1.96565	0	7.90038e+07	2.94122e+06	7.60625e+07	0	
791	0.329464	0.00198287	0.327481	0	1.27489e+07	76729	1.26721e+07	0	
792	0.0186586	8.37298e-06	0.0186502	0	722013	324	721689	0	
793	0.0352251	2.32582e-05	0.0352018	0	1.36306e+06	900	1.36216e+06	0	
794	0.0583535	6.98782e-05	0.0582836	0	2.25804e+06	2704	2.25533e+06	0	
795	0.0237596	1.0337e-05	0.0237493	0	919401	400	919001	0	
797	0.13927	0.000443483	0.138827	0	5.38921e+06	17161	5.37205e+06	0	
799	0.0229279	1.36707e-05	0.0229142	0	887216	529	886687	0	
800	0.0487434	7.81736e-05	0.0486652	0	1.88617e+06	3025	1.88314e+06	0	
801	0.0216029	9.32915e-06	0.0215936	0	835944	361	835583	0	
802	0.0317256	2.02605e-05	0.0317054	0	1.22765e+06	784	1.22686e+06	0	
803	0.0364323	4.77828e-05	0.0363845	0	1.40978e+06	1849	1.40793e+06	0	
804	0.052828	5.23311e-05	0.0527757	0	2.04422e+06	2025	2.0422e+06	0	
805	0.0235519	1.25077e-05	0.0235394	0	911365	484	910881	0	
806	0.0321133	2.32582e-05	0.0320901	0	1.24265e+06	900	1.24175e+06	0	
807	0.0281037	1.74695e-05	0.0280862	0	1.08749e+06	676	1.08682e+06	0	
808	0.0223091	1.0337e-05	0.0222987	0	863271	400	862871	0	
809	0.0822308	0.000218731	0.082012	0	3.18199e+06	8464	3.17352e+06	0	
810	0.0338728	3.34919e-05	0.0338393	0	1.31074e+06	1296	1.30944e+06	0	
811	0.0180319	6.61569e-06	0.0180253	0	697763	256	697507	0	
812	0.0176963	5.81457e-06	0.0176905	0	684776	225	684551	0	
815	0.0562061	9.93387e-05	0.0561068	0	2.17494e+06	3844	2.1711e+06	0	
816	0.0193527	1.0337e-05	0.0193424	0	748872	400	748472	0	
817	0.020441	1.25077e-05	0.0204285	0	790984	484	790500	0	
818	0.0336041	3.34919e-05	0.0335706	0	1.30034e+06	1296	1.29904e+06	0	
819	0.0910196	0.00015322	0.0908664	0	3.52208e+06	5929	3.51615e+06	0	
820	0.0598757	0.000102569	0.0597731	0	2.31694e+06	3969	2.31297e+06	0	
821	0.0162992	8.37298e-06	0.0162908	0	630713	324	630389	0	
822	0.0738142	0.000161283	0.0736529	0	2.8563e+06	6241	2.85006e+06	0	
823	0.0419938	5.00311e-05	0.0419438	0	1.62498e+06	1936	1.62305e+06	0	
824	0.0745003	0.000119495	0.0743808	0	2.88285e+06	4624	2.87823e+06	0	
825	0.142434	0.000443483	0.141991	0	5.51164e+06	17161	5.49448e+06	0	
826	0.0284513	1.61515e-05	0.0284351	0	1.10095e+06	625	1.10032e+06	0	
828	0.0507269	5.00311e-05	0.0506769	0	1.96292e+06	1936	1.96098e+06	0	
829	0.228483	0.00139094	0.227092	0	8.84136e+06	53824	8.78754e+06	0	
830	1.3815	0.0532154	1.32828	0	5.34584e+07	2.05921e+06	5.13992e+07	0	
831	0.0159977	7.46849e-06	0.0159903	0	619048	289	618759	0	
833	0.0884071	0.000214002	0.0881931	0	3.42099e+06	8281	3.41271e+06	0	
834	0.0900426	0.000423404	0.0896192	0	3.48428e+06	16384	3.46789e+06	0	
838	0.0313208	1.88392e-05	0.0313019	0	1.21198e+06	729	1.21125e+06	0	
841	0.0176851	8.37298e-06	0.0176767	0	684342	324	684018	0	
844	0.114363	0.000365956	0.113997	0	4.42537e+06	14161	4.41121e+06	0	
849	0.0173761	5.81457e-06	0.0173703	0	672386	225	672161	0	
850	0.0692643	0.00011257	0.0691517	0	2.68024e+06	4356	2.67588e+06	0	
852	0.0198976	7.46849e-06	0.0198901	0	769956	289	769667	0	
855	0.0277205	1.74695e-05	0.027703	0	1.07266e+06	676	1.07199e+06	0	
856	0.0494052	6.46063e-05	0.0493406	0	1.91177e+06	2500	1.90927e+06	0	
858	0.0918944	0.000209324	0.0916851	0	3.55593e+06	8100	3.54783e+06	0	
860	0.0199062	7.46849e-06	0.0198987	0	770290	289	770001	0	
861	0.0188032	6.61569e-06	0.0187966	0	727609	256	727353	0	
862	0.0249317	1.25077e-05	0.0249192	0	964755	484	964271	0	
863	0.0292677	1.61515e-05	0.0292516	0	1.13254e+06	625	1.13191e+06	0	
865	0.0246177	1.13965e-05	0.0246063	0	952605	441	952164	0	
867	0.0204164	8.37298e-06	0.020408	0	790032	324	789708	0	
868	0.0166084	6.61569e-06	0.0166018	0	642678	256	642422	0	
869	0.0164122	5.81457e-06	0.0164064	0	635085	225	634860	0	
872	0.0488514	5.46828e-05	0.0487967	0	1.89035e+06	2116	1.88823e+06	0	
874	0.0286937	1.61515e-05	0.0286775	0	1.11032e+06	625	1.1097e+06	0	
876	0.0214072	1.0337e-05	0.0213969	0	828372	400	827972	0	
877	0.448818	0.00395083	0.444868	0	1.73674e+07	152881	1.72145e+07	0	
878	0.0228553	1.61515e-05	0.0228392	0	884408	625	883783	0	
879	0.0250804	1.36707e-05	0.0250667	0	970508	529	969979	0	
880	0.020948	1.36707e-05	0.0209343	0	810601	529	810072	0	
881	0.0396875	2.98739e-05	0.0396576	0	1.53574e+06	1156	1.53458e+06	0	
886	0.0358593	2.48346e-05	0.0358344	0	1.3876e+06	961	1.38664e+06	0	
887	3.59388	0.229646	3.36424	0	1.39068e+08	8.88636e+06	1.30182e+08	0	
889	0.0762187	0.00011257	0.0761061	0	2.94935e+06	4356	2.94499e+06	0	
890	0.0212564	1.48853e-05	0.0212415	0	822537	576	821961	0	
892	0.0185814	7.46849e-06	0.018574	0	719026	289	718737	0	
893	0.0276035	1.61515e-05	0.0275873	0	1.06814e+06	625	1.06751e+06	0	
894	0.030937	1.88392e-05	0.0309182	0	1.19713e+06	729	1.1964e+06	0	
897	0.0167656	8.37298e-06	0.0167572	0	648761	324	648437	0	
898	0.0330398	3.34919e-05	0.0330063	0	1.2785e+06	1296	1.2772e+06	0	
899	0.0246772	1.36707e-05	0.0246635	0	954908	529	954379	0	
900	0.0272795	2.32582e-05	0.0272562	0	1.0556e+06	900	1.0547e+06	0	
906	0.0254035	1.25077e-05	0.025391	0	983014	484	982530	0	
907	0.0208337	9.32915e-06	0.0208243	0	806178	361	805817	0	
908	0.05047	6.20479e-05	0.0504079	0	1.95298e+06	2401	1.95058e+06	0	
909	0.0281734	1.74695e-05	0.028156	0	1.09019e+06	676	1.08952e+06	0	
910	0.0575323	6.46063e-05	0.0574677	0	2.22626e+06	2500	2.22376e+06	0	
912	0.0628045	9.30331e-05	0.0627114	0	2.43027e+06	3600	2.42667e+06	0	
914	0.0168945	1.0337e-05	0.0168842	0	653750	400	653350	0	
915	0.0397712	3.53784e-05	0.0397358	0	1.53898e+06	1369	1.53761e+06	0	
917	0.0251694	1.36707e-05	0.0251557	0	973954	529	973425	0	
918	0.0176587	1.36707e-05	0.017645	0	683319	529	682790	0	
920	0.0833597	0.000157226	0.0832025	0	3.22568e+06	6084	3.21959e+06	0	
922	0.0211916	1.0337e-05	0.0211812	0	820028	400	819628	0	
923	0.149494	0.00045028	0.149044	0	5.78481e+06	17424	5.76738e+06	0	
927	0.0217422	1.0337e-05	0.0217319	0	841337	400	840937	0	
928	0.0163544	5.81457e-06	0.0163486	0	632849	225	632624	0	
929	0.0275172	1.61515e-05	0.0275011	0	1.0648e+06	625	1.06417e+06	0	
930	0.11289	0.000279512	0.112611	0	4.3684e+06	10816	4.35758e+06	0	
931	0.0188371	7.46849e-06	0.0188296	0	728919	289	728630	0	
933	0.0310852	2.17335e-05	0.0310634	0	1.20287e+06	841	1.20202e+06	0	
935	0.0870599	0.00015322	0.0869067	0	3.36886e+06	5929	3.36293e+06	0	
936	0.0562598	6.72164e-05	0.0561926	0	2.17702e+06	2601	2.17442e+06	0	
937	0.0180852	6.61569e-06	0.0180786	0	699823	256	699567	0	
938	0.0403765	3.34919e-05	0.0403431	0	1.5624e+06	1296	1.56111e+06	0	
940	0.0236962	1.13965e-05	0.0236848	0	916948	441	916507	0	
942	0.0143661	1.0337e-05	0.0143558	0	555911	400	555511	0	
943	0.0245789	1.36707e-05	0.0245652	0	951104	529	950575	0	
944	0.0197613	8.37298e-06	0.0197529	0	764682	324	764358	0	
945	0.0758049	0.000130272	0.0756746	0	2.93333e+06	5041	2.92829e+06	0	
948	0.030898	2.17335e-05	0.0308762	0	1.19562e+06	841	1.19478e+06	0	
949	0.210732	0.00101313	0.209719	0	8.15448e+06	39204	8.11527e+06	0	
950	0.018689	7.46849e-06	0.0186816	0	723190	289	722901	0	
952	0.020647	9.32915e-06	0.0206377	0	798955	361	798594	0	
954	0.0783646	0.000228344	0.0781363	0	3.03239e+06	8836	3.02355e+06	0	
955	0.0202062	1.48853e-05	0.0201913	0	781899	576	781323	0	
956	0.0141313	7.46849e-06	0.0141238	0	546825	289	546536	0	
957	0.0148027	8.37298e-06	0.0147944	0	572806	324	572482	0	
958	0.0168694	1.0337e-05	0.0168591	0	652780	400	652380	0	
962	0.0134051	6.61569e-06	0.0133985	0	518725	256	518469	0	
963	0.131262	0.000645133	0.130617	0	5.07932e+06	24964	5.05436e+06	0	
964	0.0125535	5.81457e-06	0.0125476	0	485769	225	485544	0	
965	0.0246028	2.32582e-05	0.0245795	0	952028	900	951128	0	
966	0.0414776	6.46063e-05	0.041413	0	1.60501e+06	2500	1.60251e+06	0	
967	0.0941454	0.000347737	0.0937977	0	3.64304e+06	13456	3.62958e+06	0	
968	0.0206512	1.61515e-05	0.020635	0	799116	625	798491	0	
969	0.067524	0.000178029	0.0673459	0	2.6129e+06	6889	2.60601e+06	0	
970	0.021329	1.74695e-05	0.0213116	0	825347	676	824671	0	
971	0.0156558	9.32915e-06	0.0156465	0	605816	361	605455	0	
972	0.015354	9.32915e-06	0.0153446	0	594137	361	593776	0	
973	0.0269016	2.81425e-05	0.0268734	0	1.04098e+06	1089	1.03989e+06	0	
975	0.0129516	6.61569e-06	0.0129449	0	501174	256	500918	0	
976	0.0155746	1.25077e-05	0.0155621	0	602675	484	602191	0	
978	0.0270004	5.81457e-06	0.0269272	6.71464e-05	1.0448e+06	225	1.04197e+06	2598.29	
979	0.0849016	3.73166e-05	0.0848466	1.73321e-05	3.28534e+06	1444	3.28321e+06	670.682	
980	0.0812005	3.34919e-05	0.0811562	1.06057e-05	3.14212e+06	1296	3.14041e+06	410.397	
981	0.150208	0.00011257	0.150095	0	5.81243e+06	4356	5.80807e+06	0	
982	0.100715	6.20479e-05	0.10065	3.01614e-06	3.89729e+06	2401	3.89476e+06	116.712	
984	3.30941	0.0514504	3.25796	5.97261e-06	1.2806e+08	1.99092e+06	1.26069e+08	231.115	
987	0.0507874	1.25077e-05	0.0507747	0	1.96526e+06	484	1.96477e+06	0	
990	0.432523	0.000818795	0.431704	0	1.67368e+07	31684	1.67051e+07	0	
991	0.0380827	7.46849e-06	0.0380751	0	1.47364e+06	289	1.47335e+06	0	
992	0.480026	0.00101313	0.479013	0	1.8575e+07	39204	1.85358e+07	0	
993	0.120061	6.20479e-05	0.119999	0	4.6459e+06	2401	4.64348e+06	0	
994	1.02668	0.0046678	1.02201	9.02887e-07	3.97283e+07	180625	3.95476e+07	34.938	
995	0.0159809	9.32915e-06	0.0159715	0	618395	361	618034	0	
997	0.0151802	6.61569e-06	0.0151736	0	587412	256	587156	0	
998	0.135503	7.81736e-05	0.135424	0	5.24341e+06	3025	5.24038e+06	0	
999	0.14876	9.30331e-05	0.148667	0	5.75642e+06	3600	5.75282e+06	0	
1001	0.0418686	7.46849e-06	0.0418611	0	1.62014e+06	289	1.61985e+06	0	
1002	0.0414812	7.46849e-06	0.0414737	0	1.60515e+06	289	1.60486e+06	0	
1003	0.0354726	5.81457e-06	0.0353948	7.17444e-05	1.37264e+06	225	1.36963e+06	2776.21	
1004	0.237045	0.000263619	0.236781	0	9.17269e+06	10201	9.16248e+06	0	
1005	0.0569207	1.48853e-05	0.0569058	0	2.20259e+06	576	2.20202e+06	0	
1006	0.0793966	2.64627e-05	0.0793702	0	3.07232e+06	1024	3.0713e+06	0	
1007	0.0799882	2.64627e-05	0.0799614	3.89524e-08	3.09521e+06	1024	3.09417e+06	1.5073	
1009	0.148043	9.93387e-05	0.147944	0	5.72867e+06	3844	5.72483e+06	0	
1010	0.0712924	2.32582e-05	0.0712681	7.47586e-07	2.75872e+06	900	2.75778e+06	28.9285	
1011	0.420319	0.000764525	0.419552	1.72261e-06	1.62646e+07	29584	1.62349e+07	66.6579	
1013	0.0496396	1.0337e-05	0.0496293	0	1.92085e+06	400	1.92045e+06	0	
1014	0.26284	0.000284914	0.262555	0	1.01708e+07	11025	1.01598e+07	0	
1016	0.134354	7.25917e-05	0.134281	0	5.19895e+06	2809	5.19614e+06	0	
1018	0.50945	0.00108603	0.508364	3.36997e-07	1.97136e+07	42025	1.96716e+07	13.0404	
1019	0.138998	8.69343e-05	0.138911	0	5.37867e+06	3364	5.3753e+06	0	
1020	0.106135	5.00311e-05	0.106084	0	4.10698e+06	1936	4.10504e+06	0	
1021	0.0864772	2.98739e-05	0.0864473	0	3.34631e+06	1156	3.34515e+06	0	
1023	0.0330538	3.93065e-05	0.0330144	0	1.27904e+06	1521	1.27752e+06	0	
1025	0.0482064	1.0337e-05	0.0481815	1.42598e-05	1.86539e+06	400	1.86442e+06	551.796	
1027	0.0866398	3.16571e-05	0.0866082	0	3.3526e+06	1225	3.35138e+06	0	
1028	0.118491	5.70861e-05	0.118434	0	4.58513e+06	2209	4.58292e+06	0	
1029	0.399231	0.000695061	0.398528	7.42305e-06	1.54485e+07	26896	1.54214e+07	287.241	
1031	0.0395517	6.61569e-06	0.0395451	0	1.53049e+06	256	1.53023e+06	0	
1033	0.0725953	2.17335e-05	0.0725693	3.96954e-06	2.80914e+06	841	2.80813e+06	153.605	
1034	0.0413971	7.46849e-06	0.0413897	0	1.6019e+06	289	1.60161e+06	0	
1035	0.0374764	4.55862e-05	0.0374308	0	1.45018e+06	1764	1.44842e+06	0	
1036	0.61808	0.00153856	0.616542	0	2.39171e+07	59536	2.38576e+07	0	
1038	0.0393429	5.81457e-06	0.0393371	0	1.5224e+06	225	1.52218e+06	0	
1039	0.046277	9.32915e-06	0.0462633	4.13409e-06	1.79073e+06	361	1.7902e+06	159.972	
1040	0.0363594	5.81457e-06	0.0363536	0	1.40696e+06	225	1.40673e+06	0	
1041	0.323677	0.000457128	0.32322	3.77461e-09	1.25249e+07	17689	1.25072e+07	0.146061	
1042	0.0529779	1.13965e-05	0.0529665	0	2.05002e+06	441	2.04958e+06	0	
1043	0.0936177	3.53784e-05	0.0935823	0	3.62261e+06	1369	3.62125e+06	0	
1046	0.920627	0.00340524	0.917222	0	3.56244e+07	131769	3.54927e+07	0	
1047	0.201801	0.000165392	0.201634	8.58486e-07	7.80888e+06	6400	7.80244e+06	33.2199	
1049	0.0688255	0.000133967	0.0686916	0	2.66326e+06	5184	2.65808e+06	0	
1051	0.0368672	5.81457e-06	0.0368608	3.33072e-07	1.42661e+06	225	1.42636e+06	12.8885	
1052	0.0425259	6.61569e-06	0.0425193	0	1.64557e+06	256	1.64532e+06	0	
1053	0.0379754	5.81457e-06	0.0379696	0	1.46949e+06	225	1.46927e+06	0	
1054	0.0429679	6.61569e-06	0.0429265	3.4511e-05	1.66268e+06	256	1.66108e+06	1335.43	
1055	0.0422855	8.37298e-06	0.0422762	6.24814e-07	1.63627e+06	324	1.63591e+06	24.1777	
1059	0.0663812	1.88392e-05	0.0663624	0	2.56868e+06	729	2.56795e+06	0	
1060	0.0514415	1.0337e-05	0.0514235	7.31695e-06	1.99057e+06	400	1.98988e+06	283.136	
1061	0.142678	8.10422e-05	0.142597	0	5.52108e+06	3136	5.51793e+06	0	
1062	0.0162798	9.32915e-06	0.0162705	0	629963	361	629602	0	
1063	0.0644574	1.61515e-05	0.0644412	0	2.49423e+06	625	2.49361e+06	0	
1064	0.315834	0.00038464	0.315449	0	1.22214e+07	14884	1.22066e+07	0	
1065	0.0572098	1.36707e-05	0.0571929	2.92629e-06	2.21378e+06	529	2.21313e+06	113.235	
1066	0.040662	6.61569e-06	0.0406554	0	1.57345e+06	256	1.57319e+06	0	
1069	0.0512972	1.0337e-05	0.0512869	0	1.98499e+06	400	1.98459e+06	0	
1070	0.10253	4.55862e-05	0.102484	0	3.96749e+06	1764	3.96573e+06	0	
1072	0.0572311	1.25077e-05	0.0572186	0	2.2146e+06	484	2.21412e+06	0	
1073	0.0444295	6.61569e-06	0.0439501	0.000472505	1.71923e+06	256	1.70068e+06	18284	
1074	0.0163574	9.32915e-06	0.0163481	0	632967	361	632606	0	
1075	0.0731456	2.02605e-05	0.0730992	2.58742e-05	2.83043e+06	784	2.82864e+06	1001.22	
1076	0.0811379	2.48346e-05	0.081113	0	3.1397e+06	961	3.13874e+06	0	
1077	1.28884	0.0487875	1.24005	0	4.98729e+07	1.88787e+06	4.7985e+07	0	
1078	20.2873	1.42279	18.8512	0.0132785	7.85036e+08	5.50564e+07	7.29466e+08	513824	
1079	0.116189	5.00311e-05	0.116139	0	4.49603e+06	1936	4.4941e+06	0	
1082	0.469367	0.000738088	0.468629	0	1.81625e+07	28561	1.8134e+07	0	
1084	0.183532	0.00011257	0.183419	0	7.10195e+06	4356	7.09759e+06	0	
1085	0.13878	6.98782e-05	0.138706	3.74427e-06	5.37022e+06	2704	5.36736e+06	144.888	
1088	0.0472353	7.46849e-06	0.0472278	0	1.82781e+06	289	1.82752e+06	0	
1090	0.062097	1.25077e-05	0.0619277	0.00015651	2.4029e+06	484	2.39635e+06	6056.3	
1091	0.0813409	2.17335e-05	0.0812966	2.23829e-05	3.14756e+06	841	3.14584e+06	866.126	
1093	0.0790467	2.02605e-05	0.0787309	0.000295308	3.05878e+06	784	3.04656e+06	11427.2	
1094	0.0440081	6.61569e-06	0.0439986	2.65197e-06	1.70293e+06	256	1.70256e+06	102.62	
1095	0.236427	0.000191131	0.236236	0	9.14876e+06	7396	9.14136e+06	0	
1096	0.110862	4.1348e-05	0.110799	2.07876e-05	4.2899e+06	1600	4.28749e+06	804.395	
1097	0.047701	7.46849e-06	0.0476935	0	1.84583e+06	289	1.84554e+06	0	
1098	0.055346	1.0337e-05	0.0553271	8.26835e-06	2.14166e+06	400	2.14093e+06	319.951	
1102	0.0187716	9.32915e-06	0.0187623	0	726386	361	726025	0	
1103	0.0421295	8.37298e-06	0.0421211	0	1.63024e+06	324	1.62991e+06	0	
1104	0.0592419	1.13965e-05	0.0592303	0	2.29242e+06	441	2.29197e+06	0	
1105	0.131916	8.10422e-05	0.131835	0	5.10463e+06	3136	5.10149e+06	0	
1106	0.199468	0.000195602	0.199272	0	7.7186e+06	7569	7.71103e+06	0	
1107	0.129583	7.81736e-05	0.129505	0	5.01433e+06	3025	5.01131e+06	0	
1108	0.329497	0.000513775	0.328983	0	1.27502e+07	19881	1.27303e+07	0	
1109	0.0927824	3.93065e-05	0.0927431	0	3.59029e+06	1521	3.58877e+06	0	
1110	0.0404366	5.81457e-06	0.0404231	7.41036e-06	1.56473e+06	225	1.5642e+06	286.75	
1111	0.512403	0.000837298	0.511531	3.39574e-05	1.98279e+07	32400	1.97941e+07	1314.01	
1112	0.0884087	3.53784e-05	0.0883734	0	3.42105e+06	1369	3.41968e+06	0	
1114	0.0570962	1.0337e-05	0.057031	5.46e-05	2.20939e+06	400	2.20686e+06	2112.79	
1115	0.219228	0.00015322	0.219075	0	8.48323e+06	5929	8.4773e+06	0	
1116	0.0937621	3.93065e-05	0.0937171	5.46368e-06	3.6282e+06	1521	3.62646e+06	211.421	
1117	0.0839984	2.32582e-05	0.0839752	0	3.25039e+06	900	3.24949e+06	0	
1118	0.0560139	9.32915e-06	0.0559504	5.39134e-05	2.1675e+06	361	2.16505e+06	2086.22	
1121	0.0584149	1.48853e-05	0.0583749	2.48613e-05	2.26041e+06	576	2.25886e+06	962.03	
1125	0.195718	0.000123036	0.195511	8.36738e-05	7.57348e+06	4761	7.56547e+06	3237.83	
1127	0.0778503	2.17335e-05	0.0776735	0.000154794	3.01248e+06	841	3.00564e+06	5989.9	
1129	0.0776745	1.88392e-05	0.0776416	1.37543e-05	3.00568e+06	729	3.00441e+06	532.236	
1130	0.055099	9.32915e-06	0.0550855	3.89758e-06	2.1321e+06	361	2.13158e+06	150.82	
1131	0.0143464	6.61569e-06	0.0143397	0	555146	256	554890	0	
1132	0.290391	0.000258425	0.29004	9.2663e-05	1.12369e+07	10000	1.12233e+07	3585.67	
1133	0.212951	0.000145364	0.212783	2.25049e-05	8.24035e+06	5625	8.23384e+06	870.848	
1134	0.223779	0.000145364	0.222504	0.00113002	8.65935e+06	5625	8.60999e+06	43727.1	
1135	0.10891	3.53784e-05	0.108849	2.49157e-05	4.21438e+06	1369	4.21204e+06	964.137	
1136	0.0459419	6.61569e-06	0.0459352	0	1.77776e+06	256	1.7775e+06	0	
1137	0.0750888	1.74695e-05	0.0750713	0	2.90562e+06	676	2.90495e+06	0	
1139	0.778146	0.00184228	0.776271	3.19901e-05	3.0111e+07	71289	3.00385e+07	1237.88	
1141	0.0472976	6.61569e-06	0.047291	0	1.83022e+06	256	1.82996e+06	0	
1143	0.0935169	2.81425e-05	0.0933741	0.000114367	3.61872e+06	1089	3.61319e+06	4425.55	
1144	0.10601	3.53784e-05	0.105969	5.58316e-06	4.10218e+06	1369	4.10059e+06	216.045	
1145	0.044494	5.81457e-06	0.0444725	1.53601e-05	1.72173e+06	225	1.7209e+06	594.374	
1146	0.0589326	1.0337e-05	0.0589069	1.5078e-05	2.28045e+06	400	2.27945e+06	583.459	
1147	0.0171153	8.37298e-06	0.017107	0	662294	324	661970	0	
1149	0.0434244	5.81457e-06	0.0433929	2.53494e-05	1.68034e+06	225	1.67912e+06	980.919	
1150	0.240984	0.000169552	0.240814	0	9.3251e+06	6561	9.31854e+06	0	
1151	0.0456853	6.61569e-06	0.0456787	0	1.76783e+06	256	1.76758e+06	0	
1152	1.32404	0.00535005	1.31854	0.000151769	5.12351e+07	207025	5.10221e+07	5872.86	
1153	0.519407	0.000791427	0.518613	1.96721e-06	2.00989e+07	30625	2.00682e+07	76.1231	
1154	0.170773	8.69343e-05	0.170685	4.12076e-07	6.60822e+06	3364	6.60483e+06	15.9456	
1155	0.104455	3.34919e-05	0.104422	0	4.042e+06	1296	4.04071e+06	0	
1157	0.0461302	6.61569e-06	0.0460759	4.74024e-05	1.78504e+06	256	1.78294e+06	1834.27	
1158	0.0556525	9.32915e-06	0.0556401	2.76663e-06	2.15352e+06	361	2.15304e+06	107.057	
1159	0.0565187	9.32915e-06	0.0565091	5.76254e-09	2.18704e+06	361	2.18666e+06	0.222986	
1162	0.0173083	9.32915e-06	0.017299	0	669763	361	669402	0	
1163	0.949721	0.0026133	0.946984	0.000123291	3.67503e+07	101124	3.66444e+07	4770.85	
1164	0.073335	1.61515e-05	0.0732266	9.20606e-05	2.83776e+06	625	2.83356e+06	3562.36	
1166	0.07779	1.74695e-05	0.0777658	6.3999e-06	3.01015e+06	676	3.00921e+06	247.649	
1167	0.0834459	2.02605e-05	0.0834183	7.03133e-06	3.22901e+06	784	3.22794e+06	272.083	
1168	0.0438439	5.81457e-06	0.0438354	2.38134e-06	1.69658e+06	225	1.69625e+06	92.1481	
1169	0.0807878	1.88392e-05	0.0807468	2.19314e-05	3.12615e+06	729	3.12457e+06	848.655	
1170	0.0469335	6.61569e-06	0.0468104	0.000116263	1.81613e+06	256	1.81137e+06	4498.93	
