Node	dPC	dPCintra	dPCflux	dPCconnector	varPC	varPCintra	varPCflux	varPCconnector	
1	0.162837	0.000452622	0.162384	1.00494e-07	1.55648e+07	43264	1.55215e+07	9.6058	
2	0.0207966	1.00538e-05	0.0207866	1.00071e-07	1.98785e+06	961	1.98689e+06	9.56538	
3	0.0332004	2.21373e-05	0.0331783	1.00286e-07	3.17346e+06	2116	3.17135e+06	9.58591	
4	31.1465	8.91411	22.2324	0	2.97714e+09	8.52056e+08	2.12509e+09	0	
5	0.0202065	7.62671e-06	0.0201989	1.00491e-07	1.93144e+06	729	1.93071e+06	9.60545	
6	0.0273792	1.35586e-05	0.0273656	1.00604e-07	2.61704e+06	1296	2.61575e+06	9.61626	
7	0.0215888	6.53867e-06	0.0215822	9.99135e-08	2.06356e+06	625	2.06294e+06	9.55024	
8	0.0833179	0.000122027	0.0831959	9.84811e-08	7.96395e+06	11664	7.95228e+06	9.41332	
9	0.0413999	3.28084e-05	0.0413671	1.00022e-07	3.95722e+06	3136	3.95408e+06	9.56066	
10	0.0929937	0.00014815	0.0928456	1.02593e-07	8.88881e+06	14161	8.87465e+06	9.80638	
11	0.0161275	6.02604e-06	0.0161215	1.00532e-07	1.54155e+06	576	1.54097e+06	9.60936	
12	0.0310926	1.9344e-05	0.0310732	1.00113e-07	2.97198e+06	1849	2.97014e+06	9.56933	
13	0.0299739	1.51069e-05	0.0299588	1.00567e-07	2.86506e+06	1444	2.86362e+06	9.61273	
14	0.0735602	9.04848e-05	0.0734697	9.90055e-08	7.03125e+06	8649	7.02261e+06	9.46345	
15	0.019339	8.20211e-06	0.0193308	1.00378e-07	1.84852e+06	784	1.84773e+06	9.59464	
16	0.0252319	1.35586e-05	0.0252184	1.0006e-07	2.41179e+06	1296	2.4105e+06	9.56424	
17	0.0262049	1.20939e-05	0.0261928	1.0012e-07	2.5048e+06	1156	2.50364e+06	9.57	
18	0.650613	0.00715518	0.643458	1.02141e-07	6.21889e+07	683929	6.1505e+07	9.76317	
19	0.0203539	8.20211e-06	0.0203457	9.9983e-08	1.94553e+06	784	1.94475e+06	9.55688	
20	0.0171729	6.53867e-06	0.0171663	1.00155e-07	1.64147e+06	625	1.64085e+06	9.57332	
21	0.040657	2.72113e-05	0.0406298	1.00013e-07	3.8862e+06	2601	3.8836e+06	9.5598	
22	0.0178648	5.53433e-06	0.0178592	1.00008e-07	1.70761e+06	529	1.70708e+06	9.55933	
23	0.0214507	1.00538e-05	0.0214407	1.00219e-07	2.05037e+06	961	2.04941e+06	9.57947	
24	0.0232052	1.07129e-05	0.0231945	1.00476e-07	2.21807e+06	1024	2.21705e+06	9.60401	
25	0.0293339	1.75864e-05	0.0293163	1.00655e-07	2.80388e+06	1681	2.8022e+06	9.62114	
26	0.0176538	6.53867e-06	0.0176472	9.99831e-08	1.68744e+06	625	1.68681e+06	9.55689	
27	0.0272299	1.20939e-05	0.0272178	1.00329e-07	2.60277e+06	1156	2.60161e+06	9.59003	
28	0.0215428	7.62671e-06	0.0215352	9.97497e-08	2.05917e+06	729	2.05844e+06	9.53458	
29	0.0396353	2.82889e-05	0.0396071	1.00821e-07	3.78855e+06	2704	3.78584e+06	9.63706	
30	0.116056	0.000232264	0.115824	9.82682e-08	1.10932e+07	22201	1.1071e+07	9.39298	
31	0.0525771	6.20285e-05	0.0525151	1.01168e-07	5.02559e+06	5929	5.01966e+06	9.67022	
32	0.0588023	7.03456e-05	0.058732	1.00314e-07	5.62063e+06	6724	5.6139e+06	9.58853	
33	0.0183335	6.02604e-06	0.0183274	1.00249e-07	1.75241e+06	576	1.75183e+06	9.58231	
34	0.0218885	1.07129e-05	0.0218778	1.00529e-07	2.09221e+06	1024	2.09119e+06	9.60912	
35	0.0808235	0.000115342	0.0807082	9.9682e-08	7.72552e+06	11025	7.7145e+06	9.52811	
36	0.0460012	4.69633e-05	0.0459542	1.00282e-07	4.39703e+06	4489	4.39254e+06	9.58552	
37	0.0912379	0.00014815	0.0910898	9.83307e-08	8.72098e+06	14161	8.70682e+06	9.39895	
38	0.0204128	7.07223e-06	0.0204057	1.00344e-07	1.95116e+06	676	1.95048e+06	9.59145	
39	0.111629	0.000213935	0.111415	1.00772e-07	1.067e+07	20449	1.06496e+07	9.63238	
40	0.0290949	1.43223e-05	0.0290806	9.9818e-08	2.78104e+06	1369	2.77967e+06	9.54111	
41	0.0339996	2.11853e-05	0.0339784	1.00237e-07	3.24986e+06	2025	3.24783e+06	9.58124	
42	0.0528928	4.69633e-05	0.0528458	1.00543e-07	5.05576e+06	4489	5.05127e+06	9.61043	
43	0.0282282	1.43223e-05	0.0282139	1.00089e-07	2.6982e+06	1369	2.69683e+06	9.56707	
44	0.0710651	8.85493e-05	0.0709766	9.97589e-08	6.79277e+06	8464	6.7843e+06	9.53546	
45	0.0196266	6.53867e-06	0.0196201	1.00411e-07	1.87601e+06	625	1.87539e+06	9.59783	
46	0.0301278	1.51069e-05	0.0301127	1.0042e-07	2.87977e+06	1444	2.87833e+06	9.59874	
47	0.0954648	0.000166092	0.0952987	1.00517e-07	9.12501e+06	15876	9.10913e+06	9.60795	
48	0.0213763	7.62671e-06	0.0213687	1.00139e-07	2.04325e+06	729	2.04253e+06	9.57181	
49	0.0314462	1.6739e-05	0.0314294	9.95722e-08	3.00579e+06	1600	3.00419e+06	9.51762	
50	0.0855501	0.000133587	0.0854165	1.01178e-07	8.17732e+06	12769	8.16455e+06	9.67113	
51	0.133549	0.0002546	0.133295	9.86995e-08	1.27653e+07	24336	1.2741e+07	9.4342	
52	0.0235514	9.41569e-06	0.023542	1.00185e-07	2.25116e+06	900	2.25026e+06	9.57624	
53	0.0458513	3.51937e-05	0.0458161	1.00439e-07	4.38271e+06	3364	4.37934e+06	9.60054	
54	0.0232231	9.41569e-06	0.0232136	1.00692e-07	2.21978e+06	900	2.21888e+06	9.62468	
55	0.0358373	2.21373e-05	0.0358152	1.00518e-07	3.42552e+06	2116	3.4234e+06	9.60811	
56	0.0209054	6.02604e-06	0.0208994	1.00073e-07	1.99825e+06	576	1.99767e+06	9.5655	
57	0.0287338	1.43223e-05	0.0287195	1.00595e-07	2.74653e+06	1369	2.74516e+06	9.61547	
58	0.0209606	7.62671e-06	0.0209529	1.00356e-07	2.00352e+06	729	2.00279e+06	9.59258	
59	0.0224238	9.41569e-06	0.0224144	9.99525e-08	2.14338e+06	900	2.14248e+06	9.55397	
60	0.0331746	1.84547e-05	0.0331562	1.00012e-07	3.171e+06	1764	3.16924e+06	9.55969	
61	0.0211615	1.07129e-05	0.0211508	9.98932e-08	2.02272e+06	1024	2.0217e+06	9.5483	
62	0.0227889	9.41569e-06	0.0227795	1.00296e-07	2.17828e+06	900	2.17738e+06	9.58687	
63	0.0225421	8.79844e-06	0.0225333	1.00354e-07	2.15469e+06	841	2.15385e+06	9.59241	
64	0.120341	0.000365841	0.119975	9.87147e-08	1.15028e+07	34969	1.14678e+07	9.43565	
65	0.0912895	0.000158277	0.0911312	9.96711e-08	8.72592e+06	15129	8.71079e+06	9.52707	
66	0.482177	0.00534837	0.476829	1.16171e-07	4.60889e+07	511225	4.55777e+07	11.1042	
67	0.114282	0.000238541	0.114043	1.00625e-07	1.09236e+07	22801	1.09008e+07	9.61833	
68	0.0450662	4.02154e-05	0.045026	9.87699e-08	4.30766e+06	3844	4.30382e+06	9.44093	
69	0.0487788	4.42014e-05	0.0487346	1.00888e-07	4.66253e+06	4225	4.6583e+06	9.64341	
70	0.0158058	6.02604e-06	0.0157998	1.00206e-07	1.5108e+06	576	1.51023e+06	9.57822	
71	0.0451085	4.55719e-05	0.0450629	1.01084e-07	4.3117e+06	4356	4.30734e+06	9.66212	
72	0.0393965	2.93874e-05	0.0393671	1.00964e-07	3.76571e+06	2809	3.7629e+06	9.65074	
73	0.0210438	8.20211e-06	0.0210356	9.98795e-08	2.01147e+06	784	2.01069e+06	9.54699	
74	0.152161	0.000435381	0.151725	9.84218e-08	1.45443e+07	41616	1.45027e+07	9.40765	
75	0.0226951	9.41569e-06	0.0226857	9.99663e-08	2.16931e+06	900	2.16841e+06	9.55529	
76	0.171471	0.000534351	0.170937	1.00173e-07	1.63901e+07	51076	1.6339e+07	9.57513	
77	0.0314248	1.75864e-05	0.0314072	1.00545e-07	3.00374e+06	1681	3.00206e+06	9.61066	
78	0.0432769	2.72113e-05	0.0432497	9.95814e-08	4.13663e+06	2601	4.13403e+06	9.5185	
79	0.046943	4.69633e-05	0.046896	1.0033e-07	4.48705e+06	4489	4.48256e+06	9.59014	
80	0.0254474	1.13929e-05	0.025436	1.00631e-07	2.43239e+06	1089	2.4313e+06	9.61884	
81	0.0985435	0.000174096	0.0983694	1.01922e-07	9.41929e+06	16641	9.40265e+06	9.74223	
82	0.0471772	4.83757e-05	0.0471288	1.00614e-07	4.50943e+06	4624	4.50481e+06	9.61723	
83	0.0590643	6.52926e-05	0.058999	9.95156e-08	5.64567e+06	6241	5.63943e+06	9.51221	
84	0.0214889	8.79844e-06	0.0214801	1.00199e-07	2.05402e+06	841	2.05318e+06	9.57756	
85	0.0176448	5.53433e-06	0.0176392	9.99424e-08	1.68658e+06	529	1.68605e+06	9.553	
86	0.0165971	0.000232264	0.0163648	1.00705e-07	1.58643e+06	22201	1.56423e+06	9.62593	
87	0.0439048	3.51937e-05	0.0438696	9.92733e-08	4.19665e+06	3364	4.19328e+06	9.48904	
88	0.0207741	8.79844e-06	0.0207653	1.00658e-07	1.9857e+06	841	1.98486e+06	9.62149	
89	0.0238673	1.07129e-05	0.0238565	9.99172e-08	2.28135e+06	1024	2.28033e+06	9.5506	
90	0.00534342	1.43223e-05	0.00532909	1.00252e-07	510751	1369	509382	9.58267	
91	0.0378437	2.61547e-05	0.0378175	1.00785e-07	3.61729e+06	2500	3.61479e+06	9.63357	
92	0.0301667	1.84547e-05	0.0301483	1.00345e-07	2.88349e+06	1764	2.88173e+06	9.59155	
93	0.0290567	1.13929e-05	0.0290453	1.00587e-07	2.77739e+06	1089	2.7763e+06	9.61466	
94	0.0441978	3.64178e-05	0.0441614	1.00979e-07	4.22465e+06	3481	4.22117e+06	9.6521	
95	0.0229209	9.41569e-06	0.0229115	1.00736e-07	2.19089e+06	900	2.18999e+06	9.62891	
96	0.0244945	1.13929e-05	0.0244831	1.0029e-07	2.34131e+06	1089	2.34022e+06	9.58626	
97	0.0519217	5.42344e-05	0.0518675	1.00489e-07	4.96294e+06	5184	4.95776e+06	9.60529	
98	0.208461	0.000802729	0.207658	9.99337e-08	1.99257e+07	76729	1.9849e+07	9.55217	
99	0.00439065	2.21373e-05	0.00436851	1.00104e-07	419680	2116	417564	9.56846	
100	0.0169081	5.53433e-06	0.0169026	1.00178e-07	1.61616e+06	529	1.61564e+06	9.57558	
101	0.0194929	8.79844e-06	0.0194841	9.97245e-08	1.86323e+06	841	1.86239e+06	9.53217	
102	0.0174152	5.53433e-06	0.0174097	9.99858e-08	1.66463e+06	529	1.66411e+06	9.55715	
103	0.0443622	3.89286e-05	0.0443232	1.00682e-07	4.24036e+06	3721	4.23664e+06	9.62372	
104	0.0285554	1.59125e-05	0.0285395	1.00275e-07	2.72947e+06	1521	2.72795e+06	9.58484	
105	0.024191	1.35586e-05	0.0241775	1.00494e-07	2.3123e+06	1296	2.31101e+06	9.60578	
106	0.0214121	9.41569e-06	0.0214027	1.00299e-07	2.04668e+06	900	2.04578e+06	9.58716	
107	0.0250997	1.20939e-05	0.0250876	1.0035e-07	2.39916e+06	1156	2.398e+06	9.592	
108	0.0182901	6.53867e-06	0.0182836	9.99956e-08	1.74826e+06	625	1.74764e+06	9.55809	
109	0.0176727	6.02604e-06	0.0176667	1.00554e-07	1.68925e+06	576	1.68867e+06	9.61151	
110	0.018258	6.53867e-06	0.0182515	1.00461e-07	1.74519e+06	625	1.74457e+06	9.60264	
111	0.0729566	0.000102536	0.0728541	9.75038e-08	6.97357e+06	9801	6.96377e+06	9.31991	
112	0.0229189	1.13929e-05	0.0229075	9.998e-08	2.1907e+06	1089	2.18961e+06	9.5566	
113	0.051617	4.9809e-05	0.0515672	1.01129e-07	4.93382e+06	4761	4.92906e+06	9.66651	
114	0.00501881	5.53433e-06	0.00501328	1.00369e-07	479723	529	479194	9.59385	
115	0.0811724	0.000124297	0.0810481	1.00666e-07	7.75887e+06	11881	7.74699e+06	9.62225	
116	0.0178807	6.02604e-06	0.0178747	1.00213e-07	1.70913e+06	576	1.70856e+06	9.5789	
117	0.0226808	1.00538e-05	0.0226708	9.96845e-08	2.16795e+06	961	2.16699e+06	9.52835	
118	0.0250169	1.20939e-05	0.0250048	1.00185e-07	2.39124e+06	1156	2.39009e+06	9.57627	
119	0.168538	0.000617763	0.16792	9.68432e-08	1.61097e+07	59049	1.60506e+07	9.25676	
120	0.250319	0.0011811	0.249138	1.02705e-07	2.39268e+07	112896	2.38139e+07	9.81714	
121	0.107946	0.000235392	0.107711	9.88238e-08	1.0318e+07	22500	1.02955e+07	9.44609	
122	0.0215624	1.00538e-05	0.0215523	1.00397e-07	2.06104e+06	961	2.06008e+06	9.59646	
123	0.0194747	7.07223e-06	0.0194676	1.00357e-07	1.86149e+06	676	1.86081e+06	9.59264	
124	0.0218017	1.07129e-05	0.021791	1.00108e-07	2.08392e+06	1024	2.0829e+06	9.56887	
125	0.177416	0.000602604	0.176813	9.97446e-08	1.69583e+07	57600	1.69007e+07	9.5341	
126	0.0282023	1.51069e-05	0.0281872	9.99502e-08	2.69572e+06	1444	2.69428e+06	9.55374	
127	0.0206741	8.20211e-06	0.0206659	1.00523e-07	1.97614e+06	784	1.97535e+06	9.60854	
128	0.0828403	0.000131233	0.0827091	9.93973e-08	7.9183e+06	12544	7.90575e+06	9.5009	
129	0.0199377	7.62671e-06	0.01993	1.00233e-07	1.90574e+06	729	1.90501e+06	9.5808	
130	0.0165644	6.02604e-06	0.0165584	1.00481e-07	1.58331e+06	576	1.58274e+06	9.60451	
131	0.0242671	1.13929e-05	0.0242557	1.00377e-07	2.31957e+06	1089	2.31849e+06	9.59455	
132	0.200154	0.000808536	0.199345	9.9666e-08	1.91317e+07	77284	1.90544e+07	9.52658	
133	0.0300956	3.05068e-05	0.0300651	1.00762e-07	2.87669e+06	2916	2.87377e+06	9.63141	
134	0.0321627	3.64178e-05	0.0321262	1.00635e-07	3.07427e+06	3481	3.07079e+06	9.61924	
135	0.0308996	3.39906e-05	0.0308656	1.00238e-07	2.95354e+06	3249	2.95029e+06	9.58134	
136	0.0505254	6.20285e-05	0.0504633	9.85407e-08	4.82947e+06	5929	4.82354e+06	9.41902	
137	0.014576	7.62671e-06	0.0145683	1.00186e-07	1.39324e+06	729	1.39251e+06	9.57631	
138	0.0180863	1.00538e-05	0.0180762	1.00218e-07	1.72878e+06	961	1.72782e+06	9.57943	
139	0.0152587	1.13929e-05	0.0152473	1.00047e-07	1.4585e+06	1089	1.45741e+06	9.56305	
140	0.0129266	7.62671e-06	0.012919	1.00297e-07	1.23559e+06	729	1.23486e+06	9.58697	
141	0.056458	4.02154e-05	0.0564177	1.00474e-07	5.39654e+06	3844	5.3927e+06	9.60389	
142	0.0140885	6.53867e-06	0.014082	1.00121e-07	1.34665e+06	625	1.34603e+06	9.57008	
143	0.0215782	2.51189e-05	0.0215531	1.00174e-07	2.06256e+06	2401	2.06016e+06	9.57522	
144	0.0367828	1.75864e-05	0.0367653	1.00039e-07	3.51589e+06	1681	3.51421e+06	9.56229	
145	0.0345198	5.27383e-05	0.034467	9.97281e-08	3.29957e+06	5041	3.29453e+06	9.53252	
146	0.0171456	1.6739e-05	0.0171289	1.00167e-07	1.63887e+06	1600	1.63727e+06	9.57449	
147	4.41728	0.185868	4.23141	1.18357e-07	4.22226e+08	1.77662e+07	4.0446e+08	11.3132	
148	0.0618111	3.39906e-05	0.0617739	3.34315e-06	5.90822e+06	3249	5.90466e+06	319.555	
149	0.0283513	7.07223e-06	0.0283376	6.69682e-06	2.70996e+06	676	2.70866e+06	640.117	
150	0.112419	0.000126588	0.112276	1.58408e-05	1.07455e+07	12100	1.07319e+07	1514.14	
151	0.0629632	3.39906e-05	0.0629287	5.40732e-07	6.01834e+06	3249	6.01505e+06	51.6859	
152	1.44734	0.0102536	1.43706	1.90682e-05	1.38344e+08	980100	1.37362e+08	1822.64	
153	0.030615	6.53867e-06	0.0306084	9.98892e-08	2.92633e+06	625	2.92571e+06	9.54792	
154	0.0538842	1.43223e-05	0.053869	1.04772e-06	5.15053e+06	1369	5.14907e+06	100.147	
155	0.260682	0.000320395	0.260361	7.11803e-07	2.49174e+07	30625	2.48867e+07	68.0378	
156	0.280783	0.000389694	0.280393	1.03845e-07	2.68387e+07	37249	2.68014e+07	9.92611	
157	0.0726779	2.51189e-05	0.0726507	2.18466e-06	6.94692e+06	2401	6.94432e+06	208.821	
158	0.731404	0.00247105	0.728933	1.91028e-07	6.99113e+07	236196	6.96751e+07	18.2594	
159	0.0289733	5.53433e-06	0.0289678	9.90706e-08	2.76942e+06	529	2.76889e+06	9.46967	
160	0.0814888	3.16471e-05	0.0814571	1.03087e-07	7.78911e+06	3025	7.78609e+06	9.85367	
161	0.0894249	3.76627e-05	0.089387	3.8379e-07	8.54769e+06	3600	8.54406e+06	36.6846	
162	0.119609	6.86404e-05	0.11954	3.57275e-07	1.14329e+07	6561	1.14263e+07	34.1502	
163	0.048118	1.07129e-05	0.0481072	1.19273e-07	4.59936e+06	1024	4.59834e+06	11.4007	
164	0.0580323	1.59125e-05	0.0580163	1.52215e-07	5.54702e+06	1521	5.54549e+06	14.5494	
165	0.036751	6.53867e-06	0.0367443	3.00224e-07	3.51285e+06	625	3.51221e+06	28.697	
166	0.300121	0.000401903	0.299717	1.90881e-06	2.86871e+07	38416	2.86485e+07	182.454	
167	0.158067	0.000113155	0.157954	9.86012e-08	1.51089e+07	10816	1.50981e+07	9.42481	
168	0.0464585	1.20939e-05	0.0464293	1.71303e-05	4.44074e+06	1156	4.43795e+06	1637.4	
169	0.208325	0.000199236	0.208126	1.20677e-07	1.99128e+07	19044	1.98937e+07	11.5349	
170	0.295732	0.000385666	0.295346	4.48397e-07	2.82676e+07	36864	2.82307e+07	42.8601	
171	0.0628744	1.84547e-05	0.0628559	9.96394e-08	6.00985e+06	1764	6.00809e+06	9.52404	
172	0.065123	2.02542e-05	0.0651027	9.76832e-08	6.22479e+06	1936	6.22285e+06	9.33706	
173	0.0487754	1.07129e-05	0.0487162	4.86478e-05	4.6622e+06	1024	4.65654e+06	4650.01	
174	0.465463	0.000922832	0.46454	1.05732e-07	4.44913e+07	88209	4.44031e+07	10.1064	
175	0.0664197	2.02542e-05	0.0663995	9.92922e-08	6.34873e+06	1936	6.3468e+06	9.49085	
176	0.236642	0.000248114	0.236394	1.00243e-07	2.26194e+07	23716	2.25957e+07	9.58183	
177	0.0401355	7.07223e-06	0.0401284	1.00379e-07	3.83636e+06	676	3.83568e+06	9.5948	
178	0.322792	0.000431123	0.322361	1.04844e-07	3.08541e+07	41209	3.08129e+07	10.0215	
179	0.0474384	9.41569e-06	0.047429	1.01141e-07	4.5344e+06	900	4.5335e+06	9.66762	
180	0.175635	0.000131233	0.175218	0.000286177	1.67881e+07	12544	1.67482e+07	27354.3	
181	0.041175	7.07223e-06	0.041168	1.00635e-07	3.93572e+06	676	3.93504e+06	9.61922	
182	0.605751	0.00151865	0.604232	1.51402e-07	5.79008e+07	145161	5.77556e+07	14.4718	
183	0.0759447	2.41041e-05	0.0759206	1.00065e-07	7.25918e+06	2304	7.25688e+06	9.56477	
184	0.0882237	3.16471e-05	0.0881921	9.99098e-08	8.43287e+06	3025	8.42985e+06	9.54989	
185	0.175597	0.000122027	0.175475	1.00484e-07	1.67845e+07	11664	1.67728e+07	9.60482	
186	0.0349955	5.53433e-06	0.03499	1.00566e-07	3.34505e+06	529	3.34452e+06	9.61264	
187	0.00593969	8.79844e-06	0.00593089	1.00222e-07	567746	841	566905	9.57981	
188	0.138979	7.91859e-05	0.138891	8.93033e-06	1.32843e+07	7569	1.32759e+07	853.607	
189	0.0563561	1.51069e-05	0.056341	9.99027e-08	5.3868e+06	1444	5.38536e+06	9.5492	
190	0.0431115	7.07223e-06	0.0431044	1.42596e-07	4.12082e+06	676	4.12014e+06	13.63	
191	0.0851839	2.72113e-05	0.0851566	1.47939e-07	8.14231e+06	2601	8.1397e+06	14.1408	
192	0.27106	0.000267824	0.270791	8.70598e-07	2.59093e+07	25600	2.58836e+07	83.2161	
193	0.175219	0.00011099	0.175108	9.88715e-08	1.67484e+07	10609	1.67378e+07	9.45064	
194	0.146655	7.91859e-05	0.146575	9.04492e-07	1.4018e+07	7569	1.40104e+07	86.456	
195	0.0750694	2.02542e-05	0.0750491	9.87142e-08	7.17551e+06	1936	7.17358e+06	9.43561	
196	0.0818959	2.51189e-05	0.0818708	1.01668e-07	7.82803e+06	2401	7.82563e+06	9.71799	
197	0.15274	8.47412e-05	0.152656	9.78608e-08	1.45997e+07	8100	1.45916e+07	9.35403	
198	2.28845	0.0186175	2.26983	1.39129e-07	2.18742e+08	1.77955e+06	2.16962e+08	13.2987	
199	0.129573	5.8848e-05	0.129514	1.00602e-07	1.23853e+07	5625	1.23796e+07	9.61608	
200	0.116927	4.83757e-05	0.116878	1.01175e-07	1.11764e+07	4624	1.11718e+07	9.67086	
201	0.047918	8.20211e-06	0.0479098	1.00221e-07	4.58024e+06	784	4.57946e+06	9.57971	
202	0.174779	0.000106721	0.174672	1.02077e-07	1.67063e+07	10201	1.66961e+07	9.7571	
203	0.097822	3.39906e-05	0.097788	9.89359e-08	9.35032e+06	3249	9.34707e+06	9.4568	
204	0.0413763	6.02604e-06	0.0413702	1.00686e-07	3.95495e+06	576	3.95438e+06	9.62409	
205	0.0981009	3.28084e-05	0.0980681	1.01444e-07	9.37698e+06	3136	9.37384e+06	9.69657	
206	46.821	8.84401	37.9766	0.000397237	4.47539e+09	8.45355e+08	3.62999e+09	37969.9	
207	0.0642529	1.43223e-05	0.0642386	1.00605e-07	6.14162e+06	1369	6.14025e+06	9.61635	
208	0.0169102	1.07129e-05	0.0168995	1.00369e-07	1.61637e+06	1024	1.61534e+06	9.59379	
209	0.0990136	3.28084e-05	0.0989808	9.90187e-08	9.46423e+06	3136	9.46109e+06	9.46471	
210	0.140551	6.52926e-05	0.140486	9.98572e-08	1.34346e+07	6241	1.34283e+07	9.54486	
211	0.0517137	8.79844e-06	0.0516711	3.38331e-05	4.94305e+06	841	4.93899e+06	3233.94	
212	0.0836163	2.31102e-05	0.0835932	9.92322e-08	7.99247e+06	2209	7.99026e+06	9.48512	
213	0.0773939	2.02542e-05	0.0773736	1.20553e-07	7.3977e+06	1936	7.39576e+06	11.5231	
214	0.0391761	5.53433e-06	0.0391706	1.24037e-07	3.74465e+06	529	3.74412e+06	11.8561	
215	0.0949385	2.93874e-05	0.0948934	1.58508e-05	9.07471e+06	2809	9.07039e+06	1515.1	
216	0.0692192	1.59125e-05	0.0692032	9.9329e-08	6.61632e+06	1521	6.6148e+06	9.49437	
217	0.0786541	2.31102e-05	0.0786308	2.98669e-07	7.51816e+06	2209	7.51593e+06	28.5483	
218	0.184887	0.000133587	0.184753	1.50334e-07	1.76724e+07	12769	1.76596e+07	14.3697	
219	0.0514266	1.00538e-05	0.0514165	1.00068e-07	4.91561e+06	961	4.91465e+06	9.56507	
220	0.0646514	1.35586e-05	0.0646379	1.01074e-07	6.17971e+06	1296	6.17842e+06	9.66125	
221	0.0667625	1.84547e-05	0.066744	1.09677e-07	6.3815e+06	1764	6.37974e+06	10.4835	
222	0.214793	0.000150651	0.214642	1.88485e-07	2.0531e+07	14400	2.05166e+07	18.0164	
223	0.0735157	2.21373e-05	0.0734936	9.97678e-08	7.02701e+06	2116	7.02489e+06	9.53631	
224	0.0783369	2.41041e-05	0.0783127	1.01505e-07	7.48784e+06	2304	7.48553e+06	9.70244	
225	0.133028	7.7376e-05	0.132951	9.86395e-08	1.27155e+07	7396	1.27081e+07	9.42847	
226	0.457353	0.000849766	0.456503	1.01133e-07	4.37161e+07	81225	4.36349e+07	9.66688	
227	0.133726	7.20719e-05	0.133654	9.98771e-08	1.27822e+07	6889	1.27753e+07	9.54676	
228	0.0900455	2.72113e-05	0.0900179	4.4896e-07	8.60701e+06	2601	8.60437e+06	42.9139	
229	0.0925764	2.82889e-05	0.0925481	1.0337e-07	8.84893e+06	2704	8.84622e+06	9.88063	
230	0.0383847	5.53433e-06	0.0383791	2.06165e-07	3.66901e+06	529	3.66847e+06	19.7063	
231	0.0652347	1.43223e-05	0.0652204	1.01432e-07	6.23547e+06	1369	6.2341e+06	9.6954	
232	0.052045	8.79844e-06	0.0520358	4.38524e-07	4.97472e+06	841	4.97385e+06	41.9163	
233	0.0550941	9.41569e-06	0.054834	0.000250792	5.26618e+06	900	5.24132e+06	23972	
234	0.0564143	1.13929e-05	0.0564029	9.95054e-08	5.39237e+06	1089	5.39128e+06	9.51123	
235	0.1492	7.20719e-05	0.149127	3.59441e-07	1.42613e+07	6889	1.42544e+07	34.3572	
236	0.041728	6.53867e-06	0.0417215	9.96745e-08	3.98858e+06	625	3.98795e+06	9.5274	
237	0.0458808	8.20211e-06	0.0458726	1.886e-07	4.38552e+06	784	4.38473e+06	18.0273	
238	0.0702025	1.9344e-05	0.0701832	1.00169e-07	6.71032e+06	1849	6.70847e+06	9.57471	
239	0.0962318	3.39906e-05	0.0961977	1.40377e-07	9.19832e+06	3249	9.19507e+06	13.418	
240	0.0852952	3.05068e-05	0.0852647	9.87784e-08	8.15295e+06	2916	8.15003e+06	9.44174	
241	0.0764213	2.02542e-05	0.0764011	1.01703e-07	7.30474e+06	1936	7.3028e+06	9.72129	
242	0.427015	0.000587633	0.426419	7.9069e-06	4.08162e+07	56169	4.07593e+07	755.781	
243	0.126891	5.42344e-05	0.126836	6.83965e-07	1.21289e+07	5184	1.21237e+07	65.3769	
244	0.0569698	1.00538e-05	0.0569588	1.08355e-06	5.44547e+06	961	5.44441e+06	103.571	
245	0.111684	3.89286e-05	0.111645	2.7183e-07	1.06753e+07	3721	1.06716e+07	25.9829	
246	0.0634417	1.43223e-05	0.0634274	9.92337e-08	6.06408e+06	1369	6.06272e+06	9.48526	
247	0.128586	5.42344e-05	0.128531	3.89329e-07	1.22909e+07	5184	1.22857e+07	37.214	
248	0.477973	0.000712673	0.477258	2.61178e-06	4.56871e+07	68121	4.56188e+07	249.647	
249	0.111374	3.76627e-05	0.111336	7.19601e-07	1.06457e+07	3600	1.0642e+07	68.7831	
250	0.0485958	8.20211e-06	0.0485875	1.00662e-07	4.64503e+06	784	4.64425e+06	9.62183	
251	0.39183	0.000461369	0.391197	0.00017097	3.74531e+07	44100	3.73926e+07	16342.2	
252	0.108079	3.51937e-05	0.108024	1.97894e-05	1.03307e+07	3364	1.03255e+07	1891.57	
253	0.654263	0.00133335	0.652929	9.842e-08	6.25378e+07	127449	6.24103e+07	9.40748	
254	0.169821	8.85493e-05	0.169732	1.04524e-07	1.62323e+07	8464	1.62239e+07	9.99101	
255	2.61078	0.020476	2.59027	4.22966e-05	2.49552e+08	1.9572e+06	2.47591e+08	4042.92	
256	0.0991298	3.76627e-05	0.0990921	1.53906e-07	9.47534e+06	3600	9.47173e+06	14.7111	
257	0.0594003	1.07129e-05	0.0593896	1.00585e-07	5.67779e+06	1024	5.67676e+06	9.6145	
258	0.163846	0.000281382	0.163565	9.83681e-08	1.56613e+07	26896	1.56344e+07	9.40252	
259	0.357117	0.000365841	0.352527	0.00422462	3.41351e+07	34969	3.36963e+07	403810	
260	0.0568756	9.41569e-06	0.0555821	0.00128423	5.43646e+06	900	5.31282e+06	122753	
261	0.210735	0.000160861	0.210567	7.7946e-06	2.01432e+07	15376	2.0127e+07	745.047	
262	0.0632013	1.20939e-05	0.0631178	7.15622e-05	6.04111e+06	1156	6.03312e+06	6840.28	
263	0.248888	0.000232264	0.248656	1.4972e-07	2.379e+07	22201	2.37678e+07	14.311	
264	0.0964888	3.51937e-05	0.0964282	2.55114e-05	9.22289e+06	3364	9.2171e+06	2438.51	
265	0.0634606	1.20939e-05	0.0634485	1.00391e-07	6.06589e+06	1156	6.06473e+06	9.59596	
266	0.0997544	3.76627e-05	0.099716	7.75431e-07	9.53503e+06	3600	9.53137e+06	74.1197	
267	1.07065	0.00331609	1.06733	4.94292e-06	1.02338e+08	316969	1.02021e+08	472.47	
268	0.0435558	7.07223e-06	0.0434904	5.84724e-05	4.16329e+06	676	4.15703e+06	5589.09	
269	0.315206	0.000284824	0.314921	9.42567e-08	3.0129e+07	27225	3.01018e+07	9.00953	
270	0.0881008	2.21373e-05	0.0880659	1.29096e-05	8.42112e+06	2116	8.41778e+06	1233.97	
271	0.147026	8.10168e-05	0.146945	3.35414e-07	1.40535e+07	7744	1.40457e+07	32.0606	
272	0.104387	4.02154e-05	0.104347	1.00278e-07	9.97792e+06	3844	9.97407e+06	9.58514	
273	0.0482928	7.07223e-06	0.0482819	3.98928e-06	4.61607e+06	676	4.61503e+06	381.316	
274	0.0610592	1.07129e-05	0.0610485	1.00669e-07	5.83635e+06	1024	5.83532e+06	9.62245	
275	0.143213	6.365e-05	0.143149	1.01475e-07	1.3689e+07	6084	1.36829e+07	9.69958	
276	0.047059	6.53867e-06	0.0470525	1.00938e-07	4.49814e+06	625	4.49751e+06	9.64823	
277	0.067757	1.35586e-05	0.0676403	0.000103262	6.47656e+06	1296	6.4654e+06	9870.3	
278	0.0767545	1.75864e-05	0.0767366	4.1439e-07	7.33658e+06	1681	7.33487e+06	39.6095	
279	0.0468418	6.53867e-06	0.0468353	1.01087e-07	4.47738e+06	625	4.47676e+06	9.66247	
280	0.0745481	1.75864e-05	0.0745305	9.93556e-08	7.12568e+06	1681	7.124e+06	9.49691	
281	0.0617184	1.13929e-05	0.0617069	2.22196e-07	5.89936e+06	1089	5.89826e+06	21.2386	
282	37.2855	5.44996	31.8355	3.89325e-05	3.56394e+09	5.20934e+08	3.043e+09	3721.36	
283	0.0962248	2.72113e-05	0.0961976	9.99635e-08	9.19765e+06	2601	9.19505e+06	9.55502	
284	0.0454847	6.02604e-06	0.0454787	9.95149e-08	4.34766e+06	576	4.34709e+06	9.51214	
285	0.0513918	7.62671e-06	0.0512677	0.000116587	4.91229e+06	729	4.90043e+06	11144	
286	0.096038	2.82889e-05	0.0960096	1.94364e-07	9.1798e+06	2704	9.17709e+06	18.5783	
287	0.0406124	6.02604e-06	0.0406063	1.44006e-07	3.88194e+06	576	3.88136e+06	13.7648	
288	0.199514	0.000122027	0.199392	1.00561e-07	1.90705e+07	11664	1.90589e+07	9.6122	
289	0.0388255	5.53433e-06	0.03882	1.27122e-07	3.71114e+06	529	3.71061e+06	12.1509	
290	0.0458045	7.62671e-06	0.0457968	1.32978e-07	4.37822e+06	729	4.37749e+06	12.7108	
291	0.0407449	5.53433e-06	0.0407394	1.00938e-07	3.89461e+06	529	3.89408e+06	9.64819	
292	0.0860236	2.41041e-05	0.0859733	2.63168e-05	8.22257e+06	2304	8.21776e+06	2515.49	
293	0.0664272	1.51069e-05	0.0664121	9.96417e-08	6.34945e+06	1444	6.34801e+06	9.52426	
294	0.0660572	1.59125e-05	0.0660413	1.0205e-07	6.31408e+06	1521	6.31256e+06	9.75445	
295	0.0448636	7.07223e-06	0.0448386	1.79968e-05	4.28829e+06	676	4.2859e+06	1720.22	
296	0.0699906	1.9344e-05	0.0699712	1.00511e-07	6.69006e+06	1849	6.68821e+06	9.60743	
297	0.0392003	5.53433e-06	0.0391948	9.95118e-08	3.74697e+06	529	3.74644e+06	9.51185	
298	0.0743861	2.02542e-05	0.0743305	3.53853e-05	7.1102e+06	1936	7.10489e+06	3382.31	
299	0.123076	6.04278e-05	0.123016	9.94913e-08	1.17643e+07	5776	1.17585e+07	9.50988	
300	0.037658	6.02604e-06	0.0376516	5.13245e-07	3.59955e+06	576	3.59893e+06	49.0586	
301	0.0457439	8.20211e-06	0.0457357	1.01162e-07	4.37243e+06	784	4.37165e+06	9.66959	
302	0.063321	1.35586e-05	0.0633074	9.9564e-08	6.05254e+06	1296	6.05124e+06	9.51683	
303	0.123118	5.57513e-05	0.123062	1.01773e-07	1.17682e+07	5329	1.17629e+07	9.72807	
304	0.143634	7.03456e-05	0.143563	2.23371e-07	1.37292e+07	6724	1.37225e+07	21.3509	
305	0.15824	9.64167e-05	0.158143	8.31005e-07	1.51254e+07	9216	1.51161e+07	79.4317	
306	0.239877	0.000179536	0.239685	1.27922e-05	2.29287e+07	17161	2.29103e+07	1222.74	
307	0.0623377	1.43223e-05	0.0623234	1.00192e-07	5.95855e+06	1369	5.95718e+06	9.57689	
308	0.0488984	8.20211e-06	0.0488902	9.94876e-08	4.67395e+06	784	4.67317e+06	9.50953	
309	0.300959	0.000313113	0.300646	1.01798e-07	2.87672e+07	29929	2.87373e+07	9.73042	
310	0.297284	0.000305915	0.296978	1.34325e-07	2.84159e+07	29241	2.83867e+07	12.8394	
311	0.0451257	7.07223e-06	0.0451186	1.05551e-07	4.31334e+06	676	4.31267e+06	10.0891	
312	0.0537907	1.07129e-05	0.05378	1.00887e-07	5.14159e+06	1024	5.14057e+06	9.64329	
313	2.23084	0.0196072	2.21123	1.07875e-06	2.13235e+08	1.87416e+06	2.11361e+08	103.113	
314	0.149743	8.28685e-05	0.14966	1.01457e-07	1.43132e+07	7921	1.43053e+07	9.69787	
315	0.144244	7.7376e-05	0.144166	1.00106e-07	1.37876e+07	7396	1.37802e+07	9.56871	
316	0.0506392	8.20211e-06	0.0506309	2.39343e-07	4.84035e+06	784	4.83956e+06	22.8776	
317	0.0598274	1.13929e-05	0.059816	1.00915e-07	5.7186e+06	1089	5.71751e+06	9.64601	
318	0.196245	0.000145671	0.196099	9.58133e-08	1.87581e+07	13924	1.87442e+07	9.15832	
319	0.0845701	2.21373e-05	0.084548	9.84188e-08	8.08364e+06	2116	8.08153e+06	9.40737	
320	0.0604416	1.35586e-05	0.060428	1.08477e-07	5.77731e+06	1296	5.77601e+06	10.3688	
321	0.0512724	8.20211e-06	0.0512537	1.06182e-05	4.90088e+06	784	4.89909e+06	1014.94	
322	0.11316	4.28518e-05	0.113117	1.00579e-07	1.08164e+07	4096	1.08123e+07	9.61393	
323	0.112939	4.69633e-05	0.112893	9.9526e-08	1.07953e+07	4489	1.07908e+07	9.5132	
324	0.0503651	9.41569e-06	0.0503529	2.91417e-06	4.81415e+06	900	4.81298e+06	278.551	
325	0.466293	0.000696384	0.465596	1.00105e-06	4.45707e+07	66564	4.4504e+07	95.6863	
326	0.17913	0.000115342	0.179015	9.93591e-08	1.71222e+07	11025	1.71111e+07	9.49725	
327	0.0458573	7.07223e-06	0.0458502	1.0036e-07	4.38327e+06	676	4.38259e+06	9.59292	
328	0.0835384	2.61547e-05	0.0835123	9.82525e-08	7.98503e+06	2500	7.98253e+06	9.39147	
329	0.0401645	6.02604e-06	0.0401585	1.00357e-07	3.83913e+06	576	3.83855e+06	9.59264	
330	0.185931	0.0001289	0.185802	9.79377e-08	1.77722e+07	12321	1.77599e+07	9.36138	
331	0.169926	9.44184e-05	0.16983	8.37158e-07	1.62424e+07	9025	1.62333e+07	80.0198	
332	3.98343	0.0595594	3.92387	2.29697e-07	3.80756e+08	5.69299e+06	3.75063e+08	21.9556	
333	0.045533	7.07223e-06	0.0455259	1.37501e-07	4.35228e+06	676	4.3516e+06	13.1431	
334	0.505137	0.00100538	0.504131	2.63146e-07	4.82835e+07	96100	4.81874e+07	25.1528	
335	0.0419127	6.02604e-06	0.0419066	2.30371e-07	4.00623e+06	576	4.00564e+06	22.02	
336	0.0502592	8.20211e-06	0.050251	1.0005e-07	4.80403e+06	784	4.80325e+06	9.56337	
337	0.0436085	7.07223e-06	0.0436015	1.00458e-07	4.16832e+06	676	4.16765e+06	9.60229	
338	0.0407548	5.53433e-06	0.0407492	1.38493e-07	3.89555e+06	529	3.89501e+06	13.2379	
339	0.048086	8.79844e-06	0.0480772	1.10382e-07	4.5963e+06	841	4.59546e+06	10.5509	
340	0.0430376	6.02604e-06	0.0430316	1.10085e-07	4.11375e+06	576	4.11317e+06	10.5225	
341	0.0464276	7.62671e-06	0.0464199	1.01031e-07	4.43778e+06	729	4.43705e+06	9.65711	
342	0.0666279	1.75864e-05	0.0666103	1.00147e-07	6.36863e+06	1681	6.36695e+06	9.57263	
343	0.0805035	2.21373e-05	0.0804814	9.98454e-08	7.69493e+06	2116	7.69282e+06	9.54373	
344	0.0637166	1.28158e-05	0.0637038	1.01387e-07	6.09035e+06	1225	6.08913e+06	9.69113	
345	0.110747	3.89286e-05	0.110708	1.00177e-07	1.05858e+07	3721	1.0582e+07	9.57548	
346	0.0831968	2.41041e-05	0.0831722	6.04417e-07	7.95238e+06	2304	7.95003e+06	57.7732	
347	0.0531915	1.07129e-05	0.0531808	1.00667e-07	5.08432e+06	1024	5.08329e+06	9.6223	
348	0.0542686	9.41569e-06	0.0542569	2.41899e-06	5.18727e+06	900	5.18615e+06	231.219	
349	0.0635036	1.35586e-05	0.06349	1.68568e-07	6.07e+06	1296	6.0687e+06	16.1126	
350	0.048092	1.00538e-05	0.0480819	1.00164e-07	4.59688e+06	961	4.59592e+06	9.57425	
351	0.104259	3.51937e-05	0.104219	4.72313e-06	9.96566e+06	3364	9.96185e+06	451.461	
352	0.0725421	1.84547e-05	0.0725236	9.99516e-08	6.93394e+06	1764	6.93218e+06	9.55388	
353	0.0584092	1.20939e-05	0.0583971	1.00343e-07	5.58305e+06	1156	5.58189e+06	9.59134	
354	0.0441353	6.53867e-06	0.0441227	6.12904e-06	4.21868e+06	625	4.21747e+06	585.845	
355	0.429221	0.000751404	0.428467	2.04312e-06	4.10271e+07	71823	4.09551e+07	195.292	
356	0.0504885	1.00538e-05	0.0504784	9.96638e-08	4.82595e+06	961	4.82499e+06	9.52637	
357	0.0865929	3.05068e-05	0.0865624	1.01184e-07	8.27699e+06	2916	8.27407e+06	9.67176	
358	0.355917	0.00043966	0.355476	9.29567e-07	3.40203e+07	42025	3.39782e+07	88.8528	
359	0.0412073	6.02604e-06	0.0412013	1.01818e-07	3.93881e+06	576	3.93823e+06	9.73228	
360	0.299888	0.000320395	0.299568	1.1284e-07	2.86649e+07	30625	2.86342e+07	10.7858	
361	0.0949458	3.05068e-05	0.0949148	6.60227e-07	9.07541e+06	2916	9.07244e+06	63.1079	
362	0.112451	4.83757e-05	0.112403	2.94695e-07	1.07487e+07	4624	1.0744e+07	28.1685	
363	0.0704571	1.75864e-05	0.0704394	1.98036e-07	6.73465e+06	1681	6.73296e+06	18.9293	
364	0.076187	2.41041e-05	0.0761629	9.93073e-08	7.28234e+06	2304	7.28003e+06	9.49229	
365	0.0899296	3.05068e-05	0.0898991	1.81296e-07	8.59593e+06	2916	8.59301e+06	17.3292	
366	0.0643027	1.35586e-05	0.0642838	5.50311e-06	6.14638e+06	1296	6.14457e+06	526.015	
367	0.218996	0.000166092	0.218829	1.41225e-06	2.09328e+07	15876	2.09168e+07	134.99	
368	0.0426685	6.53867e-06	0.0426615	5.86502e-07	4.07847e+06	625	4.0778e+06	56.0608	
369	0.100114	3.64178e-05	0.100073	4.46109e-06	9.56941e+06	3481	9.56551e+06	426.414	
370	0.147701	7.91859e-05	0.147622	1.00808e-07	1.41181e+07	7569	1.41105e+07	9.63581	
371	0.0433539	6.53867e-06	0.0433471	4.1528e-07	4.14399e+06	625	4.14333e+06	39.6946	
372	0.117051	4.55719e-05	0.116952	5.31514e-05	1.11883e+07	4356	1.11789e+07	5080.49	
373	0.0468229	1.35586e-05	0.0468093	1.00106e-07	4.47557e+06	1296	4.47427e+06	9.56869	
374	0.678715	0.00287258	0.675842	1.10241e-07	6.4875e+07	274576	6.46004e+07	10.5374	
375	0.214194	0.000274561	0.213918	1.40976e-06	2.04738e+07	26244	2.04474e+07	134.752	
376	0.0330187	6.53867e-06	0.0330109	1.37055e-06	3.15609e+06	625	3.15535e+06	131.004	
377	0.0330729	6.53867e-06	0.0330658	6.46572e-07	3.16128e+06	625	3.1606e+06	61.8027	
378	0.463011	0.00131845	0.461691	1.38592e-06	4.4257e+07	126025	4.41308e+07	132.474	
379	0.116661	8.28685e-05	0.116578	1.01228e-07	1.1151e+07	7921	1.11431e+07	9.67596	
380	0.0299385	5.53433e-06	0.0299329	1.06672e-07	2.86167e+06	529	2.86114e+06	10.1963	
381	0.0465233	1.35586e-05	0.0465098	9.89316e-08	4.44693e+06	1296	4.44564e+06	9.45639	
382	0.0967136	6.04278e-05	0.0966532	1.02257e-07	9.24438e+06	5776	9.23861e+06	9.77427	
383	0.240677	0.000369764	0.240307	4.99469e-07	2.30051e+07	35344	2.29697e+07	47.7418	
384	0.220782	0.000309504	0.220473	1.08387e-07	2.11035e+07	29584	2.10739e+07	10.3602	
385	0.127563	0.000102536	0.12746	9.93108e-08	1.21931e+07	9801	1.21833e+07	9.49263	
386	0.0295463	5.53433e-06	0.0295406	2.43306e-07	2.82418e+06	529	2.82364e+06	23.2564	
387	0.0650908	2.72113e-05	0.0650625	1.21631e-06	6.22171e+06	2601	6.219e+06	116.261	
388	0.0284035	1.35586e-05	0.02839	1.00095e-07	2.71495e+06	1296	2.71366e+06	9.56767	
389	0.021558	7.62671e-06	0.0215504	9.99714e-08	2.06062e+06	729	2.05989e+06	9.55577	
390	0.0444261	3.16471e-05	0.0443945	9.8986e-08	4.24648e+06	3025	4.24345e+06	9.46158	
391	0.0276179	7.07223e-06	0.0276108	1.00309e-07	2.63986e+06	676	2.63918e+06	9.5881	
392	0.0521667	2.51189e-05	0.0521416	9.95232e-08	4.98636e+06	2401	4.98396e+06	9.51294	
393	0.0257857	2.11853e-05	0.0257645	9.96744e-08	2.46473e+06	2025	2.4627e+06	9.52739	
394	0.0342952	1.07129e-05	0.0342845	1.00472e-07	3.27811e+06	1024	3.27708e+06	9.6037	
395	0.0258278	6.02604e-06	0.0258218	1.00141e-07	2.46875e+06	576	2.46817e+06	9.57206	
396	0.0291274	7.62671e-06	0.0291198	9.98891e-08	2.78414e+06	729	2.78341e+06	9.54791	
397	0.36555	0.0011952	0.364355	1.05897e-07	3.49412e+07	114244	3.48269e+07	10.1222	
398	0.0431444	1.84547e-05	0.0431259	9.93387e-08	4.12396e+06	1764	4.12219e+06	9.4953	
399	0.0910213	7.3819e-05	0.0909475	9.82355e-08	8.70028e+06	7056	8.69323e+06	9.38985	
400	0.0459884	2.41041e-05	0.0459643	1.00095e-07	4.39581e+06	2304	4.3935e+06	9.56765	
401	0.0900416	8.85493e-05	0.0899531	1.00046e-07	8.60664e+06	8464	8.59817e+06	9.5629	
402	0.0690242	5.12632e-05	0.0689729	1.01972e-07	6.59769e+06	4900	6.59279e+06	9.74705	
403	0.0774382	6.52926e-05	0.0773729	1.00648e-07	7.40194e+06	6241	7.3957e+06	9.62046	
404	0.0268686	7.62671e-06	0.026861	1.00236e-07	2.56824e+06	729	2.56751e+06	9.58108	
405	0.239796	0.000674936	0.239121	1.01703e-07	2.29209e+07	64513.8	2.28564e+07	9.7213	
406	0.0165881	7.62671e-06	0.0165805	1.00335e-07	1.58558e+06	729	1.58485e+06	9.59059	
407	0.0678359	4.15232e-05	0.0677944	1.01315e-07	6.4841e+06	3969	6.48013e+06	9.68422	
408	0.0769536	8.47412e-05	0.0768689	1.02392e-07	7.35562e+06	8100	7.34752e+06	9.78723	
409	0.05419	2.72113e-05	0.0541628	9.92558e-08	5.17976e+06	2601	5.17716e+06	9.48738	
410	0.0459466	2.51189e-05	0.0459214	1.0049e-07	4.39181e+06	2401	4.38941e+06	9.60542	
411	0.0505062	3.16471e-05	0.0504745	1.0073e-07	4.82763e+06	3025	4.82461e+06	9.62836	
412	0.0298539	1.07129e-05	0.0298432	9.997e-08	2.85359e+06	1024	2.85257e+06	9.55564	
413	0.100138	9.24411e-05	0.100046	1.00136e-07	9.57179e+06	8836	9.56295e+06	9.57159	
414	0.0954839	0.00011099	0.0953729	1.00039e-07	9.12684e+06	10609	9.11623e+06	9.56225	
415	0.0226517	6.53867e-06	0.0226451	1.0043e-07	2.16516e+06	625	2.16454e+06	9.59965	
416	0.024091	7.07223e-06	0.0240839	1.00045e-07	2.30274e+06	676	2.30206e+06	9.56287	
417	0.0154148	6.53867e-06	0.0154082	1.00374e-07	1.47342e+06	625	1.4728e+06	9.59426	
418	0.0258202	7.07223e-06	0.0258131	9.95242e-08	2.46802e+06	676	2.46735e+06	9.51302	
419	0.0262957	7.07223e-06	0.0262886	1.00263e-07	2.51348e+06	676	2.5128e+06	9.58374	
420	0.0425577	1.9344e-05	0.0425383	9.91272e-08	4.06788e+06	1849	4.06603e+06	9.47509	
421	0.0490298	2.61547e-05	0.0490037	1.00277e-07	4.68652e+06	2500	4.68402e+06	9.58502	
422	0.0674607	4.42014e-05	0.0674165	9.99317e-08	6.44823e+06	4225	6.44401e+06	9.55198	
423	0.023468	6.02604e-06	0.023462	1.00442e-07	2.24319e+06	576	2.24261e+06	9.60077	
424	0.0219163	1.28158e-05	0.0219035	1.00078e-07	2.09488e+06	1225	2.09365e+06	9.56597	
425	0.0528092	5.27383e-05	0.0527565	1.01286e-07	5.04777e+06	5041	5.04273e+06	9.68145	
426	0.0339568	2.21373e-05	0.0339347	9.99966e-08	3.24577e+06	2116	3.24365e+06	9.55819	
427	0.0314125	1.84547e-05	0.0313941	1.00478e-07	3.00257e+06	1764	3.00081e+06	9.60422	
428	0.0653575	8.10168e-05	0.0652765	1.00797e-07	6.2472e+06	7744	6.23946e+06	9.63471	
429	0.0104359	7.62671e-06	0.0104283	1.00285e-07	997522	729	996793	9.58576	
430	0.0131058	8.20211e-06	0.0130976	1.00314e-07	1.25272e+06	784	1.25193e+06	9.58857	
431	0.0182938	1.9344e-05	0.0182745	1.00579e-07	1.74862e+06	1849	1.74677e+06	9.61393	
432	0.0211774	2.11853e-05	0.0211562	9.98436e-08	2.02424e+06	2025	2.02222e+06	9.54356	
433	0.0133439	1.28158e-05	0.0133311	1.00271e-07	1.27548e+06	1225	1.27425e+06	9.58448	
434	0.0213569	2.11853e-05	0.0213357	1.00578e-07	2.0414e+06	2025	2.03937e+06	9.61382	
435	0.0148911	1.07129e-05	0.0148804	9.98463e-08	1.42336e+06	1024	1.42234e+06	9.54382	
436	0.0104393	5.53433e-06	0.0104337	1.00276e-07	997842	529	997313	9.58497	
437	0.0152138	1.13929e-05	0.0152024	1.00373e-07	1.45421e+06	1089	1.45312e+06	9.5942	
438	0.0165118	1.35586e-05	0.0164982	1.00327e-07	1.57828e+06	1296	1.57698e+06	9.58982	
439	0.020493	3.64178e-05	0.0204566	9.98665e-08	1.95883e+06	3481	1.95535e+06	9.54575	
440	0.0119275	6.53867e-06	0.0119209	1.00168e-07	1.14009e+06	625	1.13946e+06	9.57457	
441	0.0143552	1.43223e-05	0.0143409	1.0004e-07	1.37215e+06	1369	1.37078e+06	9.56235	
442	0.017294	1.43223e-05	0.0172797	1.00181e-07	1.65305e+06	1369	1.65168e+06	9.57584	
443	0.0168809	2.61547e-05	0.0168547	9.9991e-08	1.61356e+06	2500	1.61106e+06	9.55765	
444	0.0131367	8.20211e-06	0.0131285	1.00174e-07	1.25568e+06	784	1.25489e+06	9.5752	
445	0.0104994	8.79844e-06	0.0104906	1.00139e-07	1.00359e+06	841	1.00274e+06	9.57187	
446	0.0367202	6.04278e-05	0.0366597	9.98229e-08	3.5099e+06	5776	3.50412e+06	9.54158	
447	0.0129004	7.62671e-06	0.0128928	1.00274e-07	1.23308e+06	729	1.23236e+06	9.58473	
448	0.0450228	0.000171407	0.0448514	9.95469e-08	4.30351e+06	16384	4.28713e+06	9.5152	
449	0.0111821	6.02604e-06	0.0111761	1.00353e-07	1.06884e+06	576	1.06827e+06	9.59229	
450	0.0114205	7.62671e-06	0.0114129	1.00241e-07	1.09163e+06	729	1.0909e+06	9.5816	
451	0.0207631	2.31102e-05	0.02074	1.00625e-07	1.98465e+06	2209	1.98244e+06	9.61833	
452	0.00824919	5.53433e-06	0.00824366	1.00039e-07	788500	529	787971	9.5623	
453	0.0155863	1.84547e-05	0.0155679	1.00284e-07	1.48982e+06	1764	1.48806e+06	9.58571	
454	0.0285074	5.12632e-05	0.0284562	1.00092e-07	2.72488e+06	4900	2.71998e+06	9.56736	
455	0.013214	1.28158e-05	0.0132012	1.00333e-07	1.26306e+06	1225	1.26184e+06	9.59036	
456	0.0265117	5.42344e-05	0.0264574	1.00345e-07	2.53412e+06	5184	2.52894e+06	9.59155	
457	0.044835	0.000187853	0.0446472	1.01181e-07	4.28556e+06	17956	4.2676e+06	9.67143	
458	0.0146581	1.59125e-05	0.0146422	1.00039e-07	1.4011e+06	1521	1.39958e+06	9.56229	
459	0.0352992	0.000104618	0.0351945	9.9654e-08	3.37407e+06	10000	3.36407e+06	9.52544	
460	0.00610311	1.6739e-05	0.00608637	1.00219e-07	583366	1600	581766	9.5795	
461	0.0124063	8.20211e-06	0.0123981	1.0019e-07	1.18586e+06	784	1.18508e+06	9.57672	
462	0.00966151	7.07223e-06	0.00965443	1.00059e-07	923496	676	922820	9.56419	
463	0.0482715	0.000199236	0.0480723	1.01109e-07	4.61404e+06	19044	4.595e+06	9.66454	
464	0.0537378	0.000271182	0.0534667	1.00972e-07	5.13654e+06	25921	5.11062e+06	9.65146	
465	0.00559685	1.35586e-05	0.00558329	1.00092e-07	534975	1296	533679	9.56734	
466	0.00760977	2.41041e-05	0.00758566	9.99958e-08	727380	2304	725076	9.55811	
467	0.027788	6.365e-05	0.0277243	1.00821e-07	2.65612e+06	6084	2.65003e+06	9.637	
468	0.0828103	0.00239037	0.0804199	1.01206e-07	7.91543e+06	228484	7.68694e+06	9.67384	
469	0.0148988	1.20939e-05	0.0148867	1.00263e-07	1.4241e+06	1156	1.42294e+06	9.58373	
470	0.0470633	0.00022607	0.0468372	9.97562e-08	4.49855e+06	21609	4.47694e+06	9.5352	
471	0.0219126	4.9809e-05	0.0218627	1.00483e-07	2.09451e+06	4761	2.08975e+06	9.60476	
472	0.00523023	8.79844e-06	0.00522143	1.0004e-07	499932	841	499091	9.56237	
473	0.0106077	4.02154e-05	0.0105675	1.00474e-07	1.01394e+06	3844	1.01009e+06	9.6039	
474	0.0119314	4.28518e-05	0.0118886	1.00374e-07	1.14047e+06	4096	1.13637e+06	9.59431	
475	0.0272899	0.00022607	0.0270638	1.0019e-07	2.60851e+06	21609	2.5869e+06	9.57675	
476	0.0487789	0.00074024	0.0480386	1.00758e-07	4.66253e+06	70756	4.59178e+06	9.63098	
477	0.0344243	0.000320395	0.0341039	9.98389e-08	3.29045e+06	30625	3.25983e+06	9.54311	
478	0.0199289	0.000140775	0.0197882	1.00693e-07	1.90491e+06	13456	1.89145e+06	9.62475	
479	0.0197022	1.13929e-05	0.0196908	9.99807e-08	1.88324e+06	1089	1.88215e+06	9.55666	
480	0.0435616	0.000534351	0.0430273	9.91643e-08	4.16384e+06	51076	4.11277e+06	9.47863	
481	0.0216568	0.000140775	0.0215161	1.00104e-07	2.07007e+06	13456	2.05662e+06	9.56854	
482	0.0094521	3.16471e-05	0.00942046	1.00302e-07	903480	3025	900455	9.58745	
483	0.0163109	7.62671e-06	0.0163033	1.00137e-07	1.55908e+06	729	1.55835e+06	9.57168	
484	0.0181526	0.000115342	0.0180373	1.00198e-07	1.73512e+06	11025	1.72409e+06	9.57744	
485	0.00511166	7.07223e-06	0.00510459	1.00202e-07	488599	676	487923	9.5779	
486	0.00457112	5.53433e-06	0.00456559	1.00321e-07	436931	529	436402	9.58923	
487	0.0248362	1.6739e-05	0.0248195	1.00405e-07	2.37397e+06	1600	2.37237e+06	9.59723	
488	0.109201	0.00280717	0.106394	1.01271e-07	1.0438e+07	268324	1.01697e+07	9.68008	
489	0.00740463	1.43223e-05	0.00739031	1.00159e-07	707772	1369	706403	9.5737	
490	0.0206103	1.13929e-05	0.0205989	1.00335e-07	1.97003e+06	1089	1.96894e+06	9.59061	
491	0.048874	0.000685629	0.0481884	1.00634e-07	4.67163e+06	65536	4.60609e+06	9.61911	
492	0.0288915	1.20939e-05	0.0288794	1.00615e-07	2.7616e+06	1156	2.76044e+06	9.61731	
493	0.026449	1.84547e-05	0.0264305	1.00404e-07	2.52813e+06	1764	2.52636e+06	9.59714	
494	0.0045915	6.53867e-06	0.00458496	1.00253e-07	438879	625	438254	9.58269	
495	0.0222809	1.35586e-05	0.0222673	1.00197e-07	2.12972e+06	1296	2.12842e+06	9.57739	
496	0.0376088	3.76627e-05	0.0375712	1.00378e-07	3.59484e+06	3600	3.59124e+06	9.59469	
497	0.0278918	2.11853e-05	0.0278707	1.00042e-07	2.66604e+06	2025	2.66402e+06	9.56255	
498	0.0276811	2.02542e-05	0.0276608	9.98894e-08	2.6459e+06	1936	2.64396e+06	9.54794	
499	0.00819667	1.59125e-05	0.00818076	1.00126e-07	783480	1521	781959	9.57064	
500	0.0492982	0.000515603	0.0487826	1.00019e-07	4.71218e+06	49284	4.66289e+06	9.56035	
501	0.0113721	2.82889e-05	0.0113439	1.00103e-07	1.08701e+06	2704	1.0843e+06	9.56836	
502	0.00925356	1.9344e-05	0.00923422	1.00199e-07	884503	1849	882654	9.57761	
503	0.0125337	2.93874e-05	0.0125043	1.00281e-07	1.19804e+06	2809	1.19523e+06	9.58544	
504	0.00691014	1.00538e-05	0.00690009	1.00408e-07	660506	961	659545	9.59757	
505	0.00518419	5.53433e-06	0.00517866	1.00176e-07	495531	529	495002	9.57538	
506	0.0118674	2.61547e-05	0.0118413	1.00124e-07	1.13435e+06	2500	1.13185e+06	9.57036	
507	0.00545089	6.02604e-06	0.00544487	1.002e-07	521024	576	520448	9.57764	
508	0.0572197	4.69633e-05	0.0571727	1.00971e-07	5.46935e+06	4489	5.46486e+06	9.65132	
509	0.0724779	0.00011099	0.0723669	1.01614e-07	6.92781e+06	10609	6.9172e+06	9.71278	
510	0.0406004	3.51937e-05	0.0405652	1.00248e-07	3.8808e+06	3364	3.87743e+06	9.58223	
511	0.0294995	1.20939e-05	0.0294875	1.00388e-07	2.81972e+06	1156	2.81856e+06	9.59559	
512	0.0340378	1.84547e-05	0.0340194	1.00672e-07	3.25351e+06	1764	3.25174e+06	9.62281	
513	0.389309	0.00299445	0.386314	1.02187e-07	3.72121e+07	286225	3.69259e+07	9.76761	
514	0.0398783	3.76627e-05	0.0398406	1.00027e-07	3.81177e+06	3600	3.80817e+06	9.5611	
515	0.0219982	9.41569e-06	0.0219888	1.00203e-07	2.1027e+06	900	2.1018e+06	9.578	
516	0.0337492	2.31102e-05	0.0337261	1.0026e-07	3.22592e+06	2209	3.22371e+06	9.58345	
517	0.016959	5.53433e-06	0.0169535	9.97381e-08	1.62103e+06	529	1.6205e+06	9.53348	
518	0.084288	0.000135962	0.084152	9.98714e-08	8.05668e+06	12996	8.04368e+06	9.54621	
519	0.0545731	5.57513e-05	0.0545174	9.97757e-08	5.21638e+06	5329	5.21105e+06	9.53707	
520	0.028169	1.84547e-05	0.0281506	1.00385e-07	2.69254e+06	1764	2.69077e+06	9.59533	
521	0.0248487	1.43223e-05	0.0248344	1.00247e-07	2.37517e+06	1369	2.3738e+06	9.5822	
522	0.0265607	1.13929e-05	0.0265493	1.0094e-07	2.53881e+06	1089	2.53772e+06	9.64837	
523	0.189206	0.000622858	0.188583	1.0118e-07	1.80853e+07	59536	1.80258e+07	9.6713	
524	0.0928756	0.000202134	0.0926735	1.00391e-07	8.87752e+06	19321	8.8582e+06	9.5959	
525	1.18725	0.0223616	1.16489	7.34957e-08	1.13483e+08	2.13744e+06	1.11346e+08	7.0251	
526	0.0169231	6.53867e-06	0.0169165	1.00266e-07	1.61759e+06	625	1.61697e+06	9.58399	
527	0.0985038	0.000202134	0.0983016	9.87417e-08	9.41549e+06	19321	9.39617e+06	9.43823	
528	0.0827256	0.000122027	0.0826036	9.95949e-08	7.90733e+06	11664	7.89567e+06	9.51979	
529	0.0570482	5.72892e-05	0.0569909	1.00448e-07	5.45296e+06	5476	5.44748e+06	9.60137	
530	0.0875452	0.000168739	0.0873765	1.00873e-07	8.36802e+06	16129	8.35189e+06	9.64195	
531	0.0367982	2.41041e-05	0.0367741	1.0051e-07	3.51736e+06	2304	3.51506e+06	9.60731	
532	0.109008	0.000219961	0.108788	9.87965e-08	1.04195e+07	21025	1.03985e+07	9.44347	
533	0.0189762	8.20211e-06	0.018968	1.00056e-07	1.81384e+06	784	1.81306e+06	9.56394	
