Node	dPC	dPCintra	dPCflux	dPCconnector	varPC	varPCintra	varPCflux	varPCconnector	
1	0.011227	6.08028e-06	0.0112209	0	1.55288e+06	841	1.55203e+06	0	
2	0.00804487	2.08942e-06	0.00804278	0	1.11273e+06	289	1.11244e+06	0	
3	0.0122109	4.88736e-06	0.012206	0	1.68896e+06	676	1.68829e+06	0	
4	0.00931275	2.89193e-06	0.00930986	0	1.2881e+06	400	1.2877e+06	0	
5	0.00810837	2.34246e-06	0.00810603	0	1.12151e+06	324	1.12119e+06	0	
6	0.0459232	0.000105851	0.0458173	0	6.35191e+06	14641	6.33727e+06	0	
7	0.011064	4.16438e-06	0.0110598	0	1.53032e+06	576	1.52975e+06	0	
8	0.0117094	5.27054e-06	0.0117041	0	1.61959e+06	729	1.61887e+06	0	
9	0.00506098	1.22184e-06	0.00505976	0	700014	169	699845	0	
10	0.0208644	1.59706e-05	0.0208485	0	2.88588e+06	2209	2.88367e+06	0	
11	0.00487379	1.04109e-06	0.00487275	0	674123	144	673979	0	
12	0.00612107	1.22184e-06	0.00611985	0	846641	169	846472	0	
13	0.0106634	5.27054e-06	0.0106581	0	1.47491e+06	729	1.47418e+06	0	
14	0.00562644	1.04109e-06	0.0056254	0	778226	144	778082	0	
15	0.00926112	3.49923e-06	0.00925762	0	1.28095e+06	484	1.28047e+06	0	
16	0.0275741	3.24547e-05	0.0275417	0	3.81394e+06	4489	3.80945e+06	0	
17	0.0139586	8.85654e-06	0.0139498	0	1.9307e+06	1225	1.92947e+06	0	
18	0.00500202	1.22184e-06	0.0050008	0	691859	169	691690	0	
19	0.0269997	3.44212e-05	0.0269653	0	3.73449e+06	4761	3.72973e+06	0	
20	0.00948683	2.60996e-06	0.00948422	0	1.31217e+06	361	1.31181e+06	0	
21	0.00553962	1.85083e-06	0.00553777	0	766217	256	765961	0	
22	0.00561195	1.41704e-06	0.00561054	0	776222	196	776026	0	
23	0.00480539	8.74809e-07	0.00480452	0	664662	121	664541	0	
24	0.00710617	2.34246e-06	0.00710383	0	982896	324	982572	0	
25	0.0076822	2.34246e-06	0.00767986	0	1.06257e+06	324	1.06224e+06	0	
26	0.00553937	1.85083e-06	0.00553752	0	766183	256	765927	0	
27	0.0377782	7.22983e-05	0.0377059	0	5.22533e+06	10000	5.21533e+06	0	
28	0.00425595	8.74809e-07	0.00425508	0	588666	121	588545	0	
29	0.00629772	8.35768e-06	0.00628936	0	871075	1156	869919	0	
30	0.00653468	1.62671e-06	0.00653306	0	903850	225	903625	0	
31	0.00497018	1.22184e-06	0.00496896	0	687455	169	687286	0	
32	0.00417382	1.04109e-06	0.00417278	0	577306	144	577162	0	
33	0.0510014	0.000137684	0.0508637	0	7.0543e+06	19044	7.03526e+06	0	
34	0.00432997	3.82458e-06	0.00432615	0	598904	529	598375	0	
35	0.00559223	1.85083e-06	0.00559038	0	773494	256	773238	0	
36	0.00456731	1.04109e-06	0.00456627	0	631732	144	631588	0	
37	0.0277213	4.39862e-05	0.0276774	0	3.8343e+06	6084	3.82822e+06	0	
38	0.00329251	2.08942e-06	0.00329042	0	455407	289	455118	0	
39	0.00426754	1.04109e-06	0.0042665	0	590269	144	590125	0	
40	0.0175496	5.85616e-05	0.0174911	0	2.42739e+06	8100	2.41929e+06	0	
41	0.00495753	1.41704e-06	0.00495611	0	685705	196	685509	0	
42	0.00381239	8.74809e-07	0.00381152	0	527314	121	527193	0	
43	0.00525378	1.62671e-06	0.00525215	0	726681	225	726456	0	
44	0.00478378	1.41704e-06	0.00478236	0	661673	196	661477	0	
45	0.0406367	0.000292092	0.0403446	0	5.6207e+06	40401	5.5803e+06	0	
46	0.0224768	3.14931e-05	0.0224453	0	3.1089e+06	4356	3.10455e+06	0	
47	0.00357509	2.34246e-06	0.00357275	0	494492	324	494168	0	
48	0.00582059	2.08942e-06	0.0058185	0	805080	289	804791	0	
49	0.00265124	1.22184e-06	0.00265001	0	366708	169	366539	0	
50	0.0205023	2.5167e-05	0.0204771	0	2.83579e+06	3481	2.83231e+06	0	
51	0.0058628	5.66818e-06	0.00585713	0	810918	784	810134	0	
52	0.00346986	2.08942e-06	0.00346777	0	479937	289	479648	0	
53	0.00441106	3.49923e-06	0.00440756	0	610119	484	609635	0	
54	0.0140478	2.96133e-05	0.0140182	0	1.94303e+06	4096	1.93894e+06	0	
55	0.00351333	2.08942e-06	0.00351124	0	485949	289	485660	0	
56	0.00282118	1.41704e-06	0.00281977	0	390214	196	390018	0	
57	0.00501625	4.16438e-06	0.00501209	0	693828	576	693252	0	
58	0.00547927	4.88736e-06	0.00547438	0	757870	676	757194	0	
59	0.00678439	7.87328e-06	0.00677652	0	938389	1089	937300	0	
60	0.0278716	0.000125972	0.0277456	0	3.85508e+06	17424	3.83766e+06	0	
61	0.00320427	1.62671e-06	0.00320264	0	443201	225	442976	0	
62	0.00492613	3.82458e-06	0.0049223	0	681362	529	680833	0	
63	0.00513402	4.16438e-06	0.00512985	0	710116	576	709540	0	
64	0.00337362	1.62671e-06	0.00337199	0	466625	225	466400	0	
65	0.00234876	8.74809e-07	0.00234788	0	324870	121	324749	0	
66	0.0339178	0.000160509	0.0337573	0	4.69137e+06	22201	4.66917e+06	0	
67	0.00434754	2.89193e-06	0.00434465	0	601334	400	600934	0	
68	0.00291929	1.22184e-06	0.00291807	0	403785	169	403616	0	
69	0.0044556	3.49923e-06	0.0044521	0	616280	484	615796	0	
70	0.00332288	1.85083e-06	0.00332103	0	459608	256	459352	0	
71	0.0176502	6.50684e-06	0.0176437	0	2.44131e+06	900	2.44041e+06	0	
72	0.00588068	5.27054e-06	0.00587541	0	813391	729	812662	0	
73	0.0115685	2.03085e-05	0.0115482	0	1.6001e+06	2809	1.59729e+06	0	
74	0.00358137	1.85083e-06	0.00357952	0	495360	256	495104	0	
75	0.00990672	1.73588e-05	0.00988936	0	1.37025e+06	2401	1.36785e+06	0	
76	0.0197144	6.94353e-05	0.0196449	0	2.72681e+06	9604	2.71721e+06	0	
77	0.00752514	8.85654e-06	0.00751628	0	1.04084e+06	1225	1.03962e+06	0	
78	0.00378424	2.08942e-06	0.00378215	0	523421	289	523132	0	
79	0.00594465	4.88736e-06	0.00593977	0	822240	676	821564	0	
80	0.00266756	1.04109e-06	0.00266652	0	368965	144	368821	0	
81	0.00854728	2.34246e-06	0.00854494	0	1.18222e+06	324	1.1819e+06	0	
82	0.00274576	1.04109e-06	0.00274472	0	379782	144	379638	0	
83	0.022039	9.36986e-06	0.0220296	0	3.04834e+06	1296	3.04704e+06	0	
84	0.00669806	8.74809e-07	0.00669719	0	926448	121	926327	0	
85	0.00348026	1.62671e-06	0.00347864	0	481376	225	481151	0	
86	0.00673786	8.74809e-07	0.00673698	0	931952	121	931831	0	
87	0.0847132	0.000906013	0.0838072	0	1.17171e+07	125316	1.15918e+07	0	
88	0.00860717	9.89763e-06	0.00859727	0	1.1905e+06	1369	1.18913e+06	0	
89	0.0141471	3.82458e-06	0.0141433	0	1.95677e+06	529	1.95624e+06	0	
90	0.0301094	0.00011478	0.0299946	0	4.1646e+06	15876	4.14873e+06	0	
91	0.00415157	2.34246e-06	0.00414923	0	574228	324	573904	0	
92	0.0158765	3.44212e-05	0.0158421	0	2.19597e+06	4761	2.19121e+06	0	
93	0.0121431	2.89193e-06	0.0121402	0	1.67958e+06	400	1.67918e+06	0	
94	0.00241628	8.74809e-07	0.00241541	0	334211	121	334090	0	
95	0.00450376	2.89193e-06	0.00450087	0	622942	400	622542	0	
96	0.00309728	1.22184e-06	0.00309605	0	428402	169	428233	0	
97	0.0122774	2.89193e-06	0.0122745	0	1.69816e+06	400	1.69776e+06	0	
98	0.00932052	1.62671e-06	0.00931889	0	1.28917e+06	225	1.28895e+06	0	
99	0.0067435	8.74809e-07	0.00674262	0	932732	121	932611	0	
100	0.00476166	2.89193e-06	0.00475877	0	658614	400	658214	0	
101	0.0204638	7.87328e-06	0.0204559	0	2.83047e+06	1089	2.82938e+06	0	
102	0.00930096	1.62671e-06	0.00929933	0	1.28646e+06	225	1.28624e+06	0	
103	0.00806118	1.22184e-06	0.00805995	0	1.11498e+06	169	1.11481e+06	0	
104	0.00936376	1.09965e-05	0.00935277	0	1.29515e+06	1521	1.29363e+06	0	
105	0.0275468	8.90787e-05	0.0274577	0	3.81016e+06	12321	3.79784e+06	0	
106	0.0129404	1.95494e-05	0.0129209	0	1.78986e+06	2704	1.78716e+06	0	
107	0.00658675	8.74809e-07	0.00658587	0	911051	121	910930	0	
108	0.00428587	2.08942e-06	0.00428378	0	592803	289	592514	0	
109	0.00657802	5.27054e-06	0.00657275	0	909844	729	909115	0	
110	0.00282538	8.74809e-07	0.00282451	0	390795	121	390674	0	
111	0.0049741	2.89193e-06	0.0049712	0	687996	400	687596	0	
112	0.0218099	5.59878e-05	0.0217539	0	3.01665e+06	7744	3.00891e+06	0	
113	0.004537	2.34246e-06	0.00453466	0	627539	324	627215	0	
114	0.0137856	2.03085e-05	0.0137653	0	1.90677e+06	2809	1.90396e+06	0	
115	0.00365504	1.41704e-06	0.00365362	0	505550	196	505354	0	
116	0.00681618	5.27054e-06	0.00681091	0	942786	729	942057	0	
117	0.00582331	3.82458e-06	0.00581949	0	805457	529	804928	0	
118	0.00497776	2.60996e-06	0.00497515	0	688503	361	688142	0	
119	0.00368421	1.41704e-06	0.00368279	0	509585	196	509389	0	
120	0.00609643	4.16438e-06	0.00609226	0	843232	576	842656	0	
121	0.00286826	8.74809e-07	0.00286738	0	396726	121	396605	0	
122	0.00294671	8.74809e-07	0.00294583	0	407576	121	407455	0	
123	0.0081658	1.04109e-06	0.00816475	0	1.12945e+06	144	1.12931e+06	0	
124	0.0170123	4.51864e-06	0.0170077	0	2.35307e+06	625	2.35244e+06	0	
125	0.0112165	1.62671e-06	0.0112149	0	1.55143e+06	225	1.5512e+06	0	
126	0.00863868	1.04109e-06	0.00863764	0	1.19486e+06	144	1.19472e+06	0	
127	0.019742	5.27054e-06	0.0197368	0	2.73064e+06	729	2.72991e+06	0	
128	0.00821688	8.74809e-07	0.008216	0	1.13652e+06	121	1.1364e+06	0	
129	0.0094639	1.22184e-06	0.00946267	0	1.309e+06	169	1.30883e+06	0	
130	0.0105202	1.41704e-06	0.0105188	0	1.45512e+06	196	1.45492e+06	0	
131	0.0183499	4.51864e-06	0.0183454	0	2.53808e+06	625	2.53746e+06	0	
132	0.0181634	4.16438e-06	0.0181592	0	2.51229e+06	576	2.51171e+06	0	
133	0.0619104	4.86133e-05	0.0618617	0	8.56318e+06	6724	8.55646e+06	0	
134	0.0195662	4.88736e-06	0.0195613	0	2.70631e+06	676	2.70564e+06	0	
135	0.011352	1.62671e-06	0.0113504	0	1.57017e+06	225	1.56994e+06	0	
136	0.017343	3.82458e-06	0.0173392	0	2.39882e+06	529	2.39829e+06	0	
137	0.00961409	1.22184e-06	0.00961287	0	1.32978e+06	169	1.32961e+06	0	
138	0.0106013	1.41704e-06	0.0105999	0	1.46634e+06	196	1.46614e+06	0	
139	0.020344	5.27054e-06	0.0203387	0	2.81389e+06	729	2.81316e+06	0	
140	0.0173601	3.82458e-06	0.0173563	0	2.40118e+06	529	2.40065e+06	0	
141	0.00985976	1.22184e-06	0.00985854	0	1.36376e+06	169	1.36359e+06	0	
142	0.0302614	1.15677e-05	0.0302498	0	4.18563e+06	1600	4.18403e+06	0	
143	0.0142875	2.60996e-06	0.0142849	0	1.97619e+06	361	1.97583e+06	0	
144	0.00988219	1.22184e-06	0.00988097	0	1.36686e+06	169	1.36669e+06	0	
145	0.008254	8.74809e-07	0.00825312	0	1.14165e+06	121	1.14153e+06	0	
146	0.0190066	4.51864e-06	0.0190021	0	2.62891e+06	625	2.62829e+06	0	
147	0.0113509	1.62671e-06	0.0113492	0	1.57e+06	225	1.56978e+06	0	
148	0.04908	3.24547e-05	0.0490476	0	6.78855e+06	4489	6.78406e+06	0	
149	0.00828897	8.74809e-07	0.0082881	0	1.14649e+06	121	1.14637e+06	0	
150	0.0129832	2.08942e-06	0.0129811	0	1.79579e+06	289	1.7955e+06	0	
151	0.060374	4.74349e-05	0.0603266	0	8.35068e+06	6561	8.34412e+06	0	
152	0.0295881	1.09965e-05	0.0295771	0	4.0925e+06	1521	4.09098e+06	0	
153	0.00296511	1.22184e-06	0.00296389	0	410122	169	409953	0	
154	0.0114749	1.62671e-06	0.0114732	0	1.58716e+06	225	1.58693e+06	0	
155	0.00908549	1.04109e-06	0.00908445	0	1.25666e+06	144	1.25652e+06	0	
156	0.0407522	2.10821e-05	0.0407311	0	5.63668e+06	2916	5.63376e+06	0	
157	0.013828	2.34246e-06	0.0138257	0	1.91264e+06	324	1.91231e+06	0	
158	0.0107461	1.41704e-06	0.0107446	0	1.48635e+06	196	1.48616e+06	0	
159	0.00920819	1.04109e-06	0.00920715	0	1.27363e+06	144	1.27349e+06	0	
160	0.0963796	0.00011478	0.0962648	0	1.33308e+07	15876	1.33149e+07	0	
161	0.00797861	8.74809e-07	0.00797773	0	1.10356e+06	121	1.10344e+06	0	
162	0.0136868	2.34246e-06	0.0136845	0	1.8931e+06	324	1.89278e+06	0	
163	0.0274255	9.89763e-06	0.0274156	0	3.79338e+06	1369	3.79202e+06	0	
164	0.0779659	7.37515e-05	0.0778921	0	1.07839e+07	10201	1.07737e+07	0	
165	0.0651018	5.22355e-05	0.0650495	0	9.00461e+06	7225	8.99738e+06	0	
166	0.0115232	1.62671e-06	0.0115216	0	1.59384e+06	225	1.59362e+06	0	
167	0.0180527	4.16438e-06	0.0180485	0	2.49698e+06	576	2.4964e+06	0	
168	0.269278	0.000865526	0.268412	0	3.72454e+07	119716	3.71256e+07	0	
169	0.0171047	3.82458e-06	0.0171008	0	2.36585e+06	529	2.36532e+06	0	
170	0.0269874	9.36986e-06	0.026978	0	3.73279e+06	1296	3.73149e+06	0	
171	0.10099	0.000129818	0.10086	0	1.39685e+07	17956	1.39506e+07	0	
172	0.00966617	1.22184e-06	0.00966495	0	1.33698e+06	169	1.33681e+06	0	
173	0.567366	0.00394836	0.563418	0	7.84758e+07	546121	7.79296e+07	0	
174	0.00901145	1.04109e-06	0.00901041	0	1.24642e+06	144	1.24628e+06	0	
175	0.14274	0.000244773	0.142495	0	1.97432e+07	33856	1.97093e+07	0	
176	0.211156	0.000530966	0.210625	0	2.92062e+07	73441	2.91328e+07	0	
177	0.00825083	8.74809e-07	0.00824996	0	1.14122e+06	121	1.1411e+06	0	
178	0.0102888	1.41704e-06	0.0102874	0	1.4231e+06	196	1.42291e+06	0	
179	0.0081067	8.74809e-07	0.00810582	0	1.12128e+06	121	1.12116e+06	0	
180	0.0158066	3.18835e-06	0.0158034	0	2.18631e+06	441	2.18587e+06	0	
181	0.0180173	4.16438e-06	0.0180131	0	2.49208e+06	576	2.4915e+06	0	
182	0.0111017	1.62671e-06	0.0111001	0	1.53555e+06	225	1.53532e+06	0	
183	0.0380558	1.73588e-05	0.0380384	0	5.26372e+06	2401	5.26132e+06	0	
184	0.0357351	1.59706e-05	0.0357192	0	4.94274e+06	2209	4.94053e+06	0	
185	0.0114422	1.85083e-06	0.0114404	0	1.58264e+06	256	1.58238e+06	0	
186	7.83753	0.685735	7.15179	0	1.08405e+09	9.48481e+07	9.89206e+08	0	
187	1.25902	0.0181171	1.2409	0	1.74142e+08	2.50588e+06	1.71636e+08	0	
188	0.0696963	5.72674e-05	0.069639	0	9.6401e+06	7921	9.63218e+06	0	
189	0.0124564	2.08942e-06	0.0124543	0	1.72292e+06	289	1.72263e+06	0	
190	0.288002	0.000968479	0.287034	0	3.98353e+07	133956	3.97013e+07	0	
191	0.0101329	1.22184e-06	0.0101317	0	1.40154e+06	169	1.40137e+06	0	
192	0.00436809	1.41704e-06	0.00436667	0	604176	196	603980	0	
193	0.0193834	5.27054e-06	0.0193782	0	2.68104e+06	729	2.68031e+06	0	
194	0.00835689	8.74809e-07	0.00835602	0	1.15589e+06	121	1.15577e+06	0	
195	0.0399861	2.26727e-05	0.0399634	0	5.53071e+06	3136	5.52758e+06	0	
196	0.0148508	2.89193e-06	0.0148479	0	2.0541e+06	400	2.0537e+06	0	
197	0.013311	2.08942e-06	0.0133089	0	1.84112e+06	289	1.84083e+06	0	
198	0.0143287	2.60996e-06	0.0143261	0	1.98189e+06	361	1.98153e+06	0	
199	0.0133324	2.08942e-06	0.0133303	0	1.84408e+06	289	1.84379e+06	0	
200	0.0151324	2.89193e-06	0.0151295	0	2.09305e+06	400	2.09265e+06	0	
201	0.0119886	1.85083e-06	0.0119867	0	1.65821e+06	256	1.65796e+06	0	
202	0.0805235	7.52191e-05	0.0804483	0	1.11376e+07	10404	1.11272e+07	0	
203	0.0113164	1.62671e-06	0.0113147	0	1.56523e+06	225	1.56501e+06	0	
204	0.00966372	1.22184e-06	0.0096625	0	1.33664e+06	169	1.33647e+06	0	
205	0.0143041	2.60996e-06	0.0143015	0	1.97849e+06	361	1.97813e+06	0	
206	0.0272662	9.36986e-06	0.0272568	0	3.77135e+06	1296	3.77005e+06	0	
207	0.0094179	1.04109e-06	0.00941686	0	1.30264e+06	144	1.3025e+06	0	
208	0.0154983	2.89193e-06	0.0154954	0	2.14366e+06	400	2.14326e+06	0	
209	0.00874635	1.04109e-06	0.00874531	0	1.20975e+06	144	1.20961e+06	0	
210	0.037347	1.80745e-05	0.0373289	0	5.16568e+06	2500	5.16318e+06	0	
211	0.0302941	1.21533e-05	0.030282	0	4.19016e+06	1681	4.18847e+06	0	
212	0.0853516	9.23177e-05	0.0852593	0	1.18054e+07	12769	1.17927e+07	0	
213	0.0158475	3.18835e-06	0.0158443	0	2.19197e+06	441	2.19153e+06	0	
214	0.0110824	1.41704e-06	0.011081	0	1.53288e+06	196	1.53268e+06	0	
215	0.0307082	3.85277e-05	0.0306697	0	4.24744e+06	5329	4.24211e+06	0	
216	0.0190043	4.16438e-06	0.0190001	0	2.6286e+06	576	2.62802e+06	0	
217	0.422646	0.00210821	0.420538	0	5.84587e+07	291600	5.81671e+07	0	
218	0.0460615	3.14931e-05	0.04603	0	6.37104e+06	4356	6.36668e+06	0	
219	0.0916146	9.56145e-05	0.091519	0	1.26717e+07	13225	1.26585e+07	0	
220	0.0333599	1.27534e-05	0.0333471	0	4.6142e+06	1764	4.61244e+06	0	
221	0.0887978	9.0691e-05	0.0887071	0	1.22821e+07	12544	1.22695e+07	0	
222	0.0126955	1.85083e-06	0.0126937	0	1.756e+06	256	1.75574e+06	0	
223	0.454551	0.00237376	0.452177	0	6.28716e+07	328329	6.25432e+07	0	
224	0.0182876	3.82458e-06	0.0182838	0	2.52947e+06	529	2.52894e+06	0	
225	0.0276863	2.96133e-05	0.0276567	0	3.82946e+06	4096	3.82536e+06	0	
226	0.0570263	4.62709e-05	0.0569801	0	7.88765e+06	6400	7.88125e+06	0	
227	0.0175195	3.49923e-06	0.017516	0	2.42322e+06	484	2.42274e+06	0	
228	0.0207156	4.88736e-06	0.0207107	0	2.8653e+06	676	2.86462e+06	0	
229	0.0180557	4.16438e-06	0.0180515	0	2.49739e+06	576	2.49682e+06	0	
230	0.0359634	1.46404e-05	0.0359488	0	4.97431e+06	2025	4.97228e+06	0	
231	0.106381	0.000129818	0.106251	0	1.47142e+07	17956	1.46962e+07	0	
232	0.0107655	1.41704e-06	0.0107641	0	1.48905e+06	196	1.48885e+06	0	
233	0.0640756	5.10136e-05	0.0640246	0	8.86267e+06	7056	8.85562e+06	0	
234	0.00913273	1.22184e-06	0.00913151	0	1.2632e+06	169	1.26303e+06	0	
235	0.011212	1.41704e-06	0.0112105	0	1.55079e+06	196	1.5506e+06	0	
236	0.0144704	2.60996e-06	0.0144678	0	2.00149e+06	361	2.00112e+06	0	
237	0.0358744	1.59706e-05	0.0358584	0	4.962e+06	2209	4.95979e+06	0	
238	0.0335915	1.27534e-05	0.0335787	0	4.64623e+06	1764	4.64447e+06	0	
239	0.0144135	2.34246e-06	0.0144111	0	1.99361e+06	324	1.99329e+06	0	
240	0.0266093	8.85654e-06	0.0266005	0	3.68049e+06	1225	3.67927e+06	0	
241	0.104528	0.000131763	0.104396	0	1.44579e+07	18225	1.44397e+07	0	
242	0.0715136	6.38827e-05	0.0714498	0	9.89147e+06	8836	9.88263e+06	0	
243	0.0730883	5.98702e-05	0.0730284	0	1.01092e+07	8281	1.01009e+07	0	
244	0.0249101	6.94786e-06	0.0249032	0	3.44547e+06	961	3.44451e+06	0	
245	0.0186946	4.16438e-06	0.0186904	0	2.58576e+06	576	2.58518e+06	0	
246	0.026076	7.87328e-06	0.0260681	0	3.60673e+06	1089	3.60564e+06	0	
247	0.0101717	1.22184e-06	0.0101705	0	1.40691e+06	169	1.40674e+06	0	
248	0.0258804	7.87328e-06	0.0258725	0	3.57967e+06	1089	3.57858e+06	0	
249	0.00317464	1.62671e-06	0.00317302	0	439103	225	438878	0	
250	0.0154273	2.89193e-06	0.0154244	0	2.13384e+06	400	2.13344e+06	0	
251	0.0396841	1.80745e-05	0.0396661	0	5.48895e+06	2500	5.48645e+06	0	
252	0.0257301	8.35768e-06	0.0257218	0	3.55888e+06	1156	3.55773e+06	0	
253	0.0490095	3.0546e-05	0.0489789	0	6.77879e+06	4225	6.77456e+06	0	
254	0.112111	0.000149917	0.111961	0	1.55067e+07	20736	1.5486e+07	0	
255	0.0219285	5.66818e-06	0.0219229	0	3.03307e+06	784	3.03228e+06	0	
256	0.0162689	3.18835e-06	0.0162657	0	2.25025e+06	441	2.24981e+06	0	
257	0.0126771	2.34246e-06	0.0126748	0	1.75345e+06	324	1.75312e+06	0	
258	0.00645907	1.04109e-06	0.00645802	0	893391	144	893247	0	
259	0.00932701	1.04109e-06	0.00932597	0	1.29007e+06	144	1.28993e+06	0	
260	0.0146287	2.60996e-06	0.0146261	0	2.02339e+06	361	2.02303e+06	0	
261	0.0524523	3.34307e-05	0.0524189	0	7.25499e+06	4624	7.25036e+06	0	
262	0.00779041	1.22184e-06	0.00778919	0	1.07753e+06	169	1.07736e+06	0	
263	0.0106641	1.41704e-06	0.0106627	0	1.47501e+06	196	1.47482e+06	0	
264	0.0123131	1.85083e-06	0.0123113	0	1.7031e+06	256	1.70284e+06	0	
265	0.0091872	1.22184e-06	0.00918598	0	1.27073e+06	169	1.27056e+06	0	
266	0.0100695	1.22184e-06	0.0100682	0	1.39277e+06	169	1.3926e+06	0	
267	0.00740974	1.62671e-06	0.00740812	0	1.02488e+06	225	1.02466e+06	0	
268	0.0155462	2.89193e-06	0.0155433	0	2.15028e+06	400	2.14988e+06	0	
269	0.0108018	1.41704e-06	0.0108004	0	1.49406e+06	196	1.49387e+06	0	
270	0.0223136	6.50684e-06	0.022307	0	3.08632e+06	900	3.08542e+06	0	
271	0.0203742	7.40334e-06	0.0203668	0	2.81807e+06	1024	2.81705e+06	0	
272	0.0117162	2.08942e-06	0.0117141	0	1.62054e+06	289	1.62025e+06	0	
273	0.0149162	2.89193e-06	0.0149133	0	2.06315e+06	400	2.06275e+06	0	
274	0.0416685	2.10821e-05	0.0416475	0	5.76342e+06	2916	5.7605e+06	0	
275	0.00745582	8.74809e-07	0.00745495	0	1.03125e+06	121	1.03113e+06	0	
276	0.0104953	1.41704e-06	0.0104939	0	1.45167e+06	196	1.45147e+06	0	
277	0.0139167	2.89193e-06	0.0139138	0	1.9249e+06	400	1.9245e+06	0	
278	0.0158486	3.18835e-06	0.0158454	0	2.19212e+06	441	2.19168e+06	0	
279	0.010969	1.85083e-06	0.0109671	0	1.51719e+06	256	1.51693e+06	0	
280	0.00820503	1.04109e-06	0.00820399	0	1.13488e+06	144	1.13474e+06	0	
281	0.0190448	5.66818e-06	0.0190392	0	2.63421e+06	784	2.63342e+06	0	
282	0.13438	0.000346749	0.134033	0	1.85868e+07	47961	1.85389e+07	0	
283	0.07586	7.67012e-05	0.0757833	0	1.04926e+07	10609	1.0482e+07	0	
284	0.0106661	1.41704e-06	0.0106647	0	1.47529e+06	196	1.4751e+06	0	
285	0.00853391	8.74809e-07	0.00853304	0	1.18037e+06	121	1.18025e+06	0	
286	0.0149893	2.89193e-06	0.0149864	0	2.07326e+06	400	2.07286e+06	0	
287	0.0102362	1.22184e-06	0.0102349	0	1.41583e+06	169	1.41566e+06	0	
288	0.0115013	2.34246e-06	0.0114989	0	1.59081e+06	324	1.59048e+06	0	
289	0.0998143	0.000129818	0.0996844	0	1.38058e+07	17956	1.37879e+07	0	
290	0.00839309	1.22184e-06	0.00839187	0	1.16089e+06	169	1.16072e+06	0	
291	0.0214153	6.08028e-06	0.0214093	0	2.96208e+06	841	2.96124e+06	0	
292	0.0175342	6.94786e-06	0.0175273	0	2.42526e+06	961	2.4243e+06	0	
293	0.00838471	1.22184e-06	0.00838349	0	1.15973e+06	169	1.15956e+06	0	
294	0.00893135	1.41704e-06	0.00892994	0	1.23534e+06	196	1.23515e+06	0	
295	0.00911872	1.04109e-06	0.00911768	0	1.26126e+06	144	1.26112e+06	0	
296	0.0379952	2.34897e-05	0.0379717	0	5.25534e+06	3249	5.25209e+06	0	
297	0.0380974	1.95494e-05	0.0380778	0	5.26947e+06	2704	5.26676e+06	0	
298	0.00901877	1.41704e-06	0.00901736	0	1.24743e+06	196	1.24724e+06	0	
299	0.020137	6.94786e-06	0.0201301	0	2.78527e+06	961	2.78431e+06	0	
300	0.00898306	1.04109e-06	0.00898202	0	1.24249e+06	144	1.24235e+06	0	
301	0.0806494	8.74809e-05	0.0805619	0	1.1155e+07	12100	1.11429e+07	0	
302	0.0105237	1.41704e-06	0.0105223	0	1.4556e+06	196	1.4554e+06	0	
303	0.00822494	8.74809e-07	0.00822407	0	1.13764e+06	121	1.13751e+06	0	
304	0.0119956	1.85083e-06	0.0119938	0	1.65918e+06	256	1.65893e+06	0	
305	0.00972237	1.22184e-06	0.00972115	0	1.34475e+06	169	1.34458e+06	0	
306	0.00838158	8.74809e-07	0.00838071	0	1.1593e+06	121	1.15918e+06	0	
307	0.0090027	1.22184e-06	0.00900148	0	1.24521e+06	169	1.24504e+06	0	
308	0.00900034	1.04109e-06	0.0089993	0	1.24488e+06	144	1.24474e+06	0	
309	0.0108824	1.85083e-06	0.0108806	0	1.50521e+06	256	1.50496e+06	0	
310	0.00960798	1.22184e-06	0.00960676	0	1.32893e+06	169	1.32876e+06	0	
311	0.0168314	0.000160509	0.0166709	0	2.32805e+06	22201	2.30585e+06	0	
312	0.00792236	8.74809e-07	0.00792149	0	1.09578e+06	121	1.09566e+06	0	
313	0.00622403	2.60996e-06	0.00622142	0	860882	361	860521	0	
314	0.0082938	8.74809e-07	0.00829293	0	1.14716e+06	121	1.14704e+06	0	
315	0.0053802	9.89763e-06	0.00537031	0	744168	1369	742799	0	
316	0.0082179	8.74809e-07	0.00821703	0	1.13666e+06	121	1.13654e+06	0	
317	0.0120374	1.85083e-06	0.0120355	0	1.66496e+06	256	1.6647e+06	0	
318	0.0130679	3.82458e-06	0.013064	0	1.80749e+06	529	1.80696e+06	0	
319	0.00828408	8.74809e-07	0.00828321	0	1.14582e+06	121	1.14569e+06	0	
320	0.00961087	1.22184e-06	0.00960965	0	1.32933e+06	169	1.32916e+06	0	
321	0.0438627	2.5167e-05	0.0438376	0	6.06691e+06	3481	6.06343e+06	0	
322	0.00784748	8.74809e-07	0.0078466	0	1.08543e+06	121	1.08531e+06	0	
323	0.00451825	1.52983e-05	0.00450295	0	624945	2116	622829	0	
324	0.00923396	1.41704e-06	0.00923254	0	1.2772e+06	196	1.277e+06	0	
325	0.0105443	1.85083e-06	0.0105424	0	1.45844e+06	256	1.45819e+06	0	
326	0.0295439	1.15677e-05	0.0295323	0	4.08639e+06	1600	4.08479e+06	0	
327	0.00796138	8.74809e-07	0.00796051	0	1.10118e+06	121	1.10106e+06	0	
328	0.00930868	1.22184e-06	0.00930746	0	1.28753e+06	169	1.28736e+06	0	
329	0.0110399	1.62671e-06	0.0110383	0	1.52699e+06	225	1.52677e+06	0	
330	0.018516	5.27054e-06	0.0185107	0	2.56106e+06	729	2.56033e+06	0	
331	0.00551329	1.22184e-06	0.00551207	0	762575	169	762406	0	
332	0.0132029	2.34246e-06	0.0132006	0	1.82618e+06	324	1.82585e+06	0	
333	0.0262773	9.36986e-06	0.0262679	0	3.63457e+06	1296	3.63327e+06	0	
334	0.016498	3.82458e-06	0.0164942	0	2.28193e+06	529	2.28141e+06	0	
335	0.0237421	8.85654e-06	0.0237333	0	3.28391e+06	1225	3.28269e+06	0	
336	0.0430812	2.86951e-05	0.0430525	0	5.95881e+06	3969	5.95484e+06	0	
337	0.00938061	1.22184e-06	0.00937939	0	1.29748e+06	169	1.29731e+06	0	
338	0.00883782	1.04109e-06	0.00883678	0	1.22241e+06	144	1.22226e+06	0	
339	0.0183328	5.27054e-06	0.0183275	0	2.53571e+06	729	2.53499e+06	0	
340	0.013947	2.60996e-06	0.0139444	0	1.9291e+06	361	1.92874e+06	0	
341	0.0533165	4.06678e-05	0.0532758	0	7.37452e+06	5625	7.36889e+06	0	
342	0.0261792	1.09965e-05	0.0261682	0	3.621e+06	1521	3.61947e+06	0	
343	0.00945739	1.22184e-06	0.00945617	0	1.3081e+06	169	1.30793e+06	0	
344	0.00951458	1.22184e-06	0.00951336	0	1.31601e+06	169	1.31584e+06	0	
345	0.16651	0.000382458	0.166127	0	2.3031e+07	52900	2.29781e+07	0	
346	0.0252024	9.89763e-06	0.0251925	0	3.48589e+06	1369	3.48452e+06	0	
347	0.00755575	8.74809e-07	0.00755487	0	1.04508e+06	121	1.04495e+06	0	
348	0.00888783	1.22184e-06	0.00888661	0	1.22932e+06	169	1.22915e+06	0	
349	0.0195589	5.27054e-06	0.0195536	0	2.70531e+06	729	2.70458e+06	0	
350	0.0810637	9.0691e-05	0.080973	0	1.12123e+07	12544	1.11998e+07	0	
351	0.00819741	1.04109e-06	0.00819636	0	1.13383e+06	144	1.13368e+06	0	
352	0.00872294	1.04109e-06	0.0087219	0	1.20652e+06	144	1.20637e+06	0	
353	0.0102205	1.62671e-06	0.0102189	0	1.41366e+06	225	1.41344e+06	0	
354	0.00815495	1.04109e-06	0.0081539	0	1.12795e+06	144	1.12781e+06	0	
355	0.00891473	1.22184e-06	0.00891351	0	1.23304e+06	169	1.23288e+06	0	
356	0.0661654	6.66301e-05	0.0660988	0	9.15172e+06	9216	9.14251e+06	0	
357	0.00996881	1.41704e-06	0.00996739	0	1.37884e+06	196	1.37864e+06	0	
358	0.0132826	2.60996e-06	0.01328	0	1.8372e+06	361	1.83684e+06	0	
359	0.0183884	4.88736e-06	0.0183835	0	2.54341e+06	676	2.54274e+06	0	
360	0.00993079	1.41704e-06	0.00992937	0	1.37358e+06	196	1.37338e+06	0	
361	0.00570599	8.74809e-07	0.00570511	0	789228	121	789107	0	
362	0.0165607	6.94786e-06	0.0165537	0	2.29061e+06	961	2.28964e+06	0	
363	0.0127448	1.15677e-05	0.0127333	0	1.76281e+06	1600	1.76121e+06	0	
364	0.00872127	1.41704e-06	0.00871985	0	1.20629e+06	196	1.20609e+06	0	
365	0.0113316	2.60996e-06	0.011329	0	1.56735e+06	361	1.56698e+06	0	
366	0.00243984	1.22184e-06	0.00243862	0	337469	169	337300	0	
367	0.0160258	4.88736e-06	0.0160209	0	2.21662e+06	676	2.21595e+06	0	
368	0.00230524	1.04109e-06	0.0023042	0	318852	144	318708	0	
369	0.00688691	8.74809e-07	0.00688604	0	952569	121	952448	0	
370	0.0795666	0.000116609	0.07945	0	1.10053e+07	16129	1.09891e+07	0	
371	0.0356475	2.69022e-05	0.0356206	0	4.93062e+06	3721	4.92689e+06	0	
372	0.00760358	1.04109e-06	0.00760254	0	1.05169e+06	144	1.05155e+06	0	
373	0.00927172	3.18835e-06	0.00926853	0	1.28242e+06	441	1.28198e+06	0	
374	0.00547639	8.74809e-07	0.00547551	0	757471	121	757350	0	
375	0.0184734	6.08028e-06	0.0184673	0	2.55516e+06	841	2.55432e+06	0	
376	0.00625737	1.62671e-06	0.00625574	0	865493	225	865268	0	
377	0.012089	5.27054e-06	0.0120837	0	1.6721e+06	729	1.67137e+06	0	
378	0.012785	2.89193e-06	0.0127821	0	1.76837e+06	400	1.76797e+06	0	
379	1.12832	0.0251469	1.10318	0	1.56065e+08	3.47822e+06	1.52587e+08	0	
380	0.0351697	3.34307e-05	0.0351363	0	4.86453e+06	4624	4.8599e+06	0	
381	0.00853512	1.62671e-06	0.00853349	0	1.18054e+06	225	1.18031e+06	0	
382	0.00842362	1.22184e-06	0.0084224	0	1.16512e+06	169	1.16495e+06	0	
383	0.00473953	8.74809e-07	0.00473866	0	655553	121	655432	0	
384	0.00648872	8.74809e-07	0.00648784	0	897493	121	897372	0	
385	0.00801238	2.60996e-06	0.00800977	0	1.10823e+06	361	1.10787e+06	0	
386	0.0496188	4.39862e-05	0.0495749	0	6.86307e+06	6084	6.85699e+06	0	
387	0.0248366	1.27534e-05	0.0248238	0	3.43529e+06	1764	3.43353e+06	0	
388	0.0290424	2.96133e-05	0.0290128	0	4.01703e+06	4096	4.01293e+06	0	
389	0.0282312	1.66575e-05	0.0282145	0	3.90482e+06	2304	3.90252e+06	0	
390	0.00967488	1.62671e-06	0.00967326	0	1.33818e+06	225	1.33796e+06	0	
391	0.0321147	1.95494e-05	0.0320952	0	4.44198e+06	2704	4.43927e+06	0	
392	0.0236549	1.27534e-05	0.0236422	0	3.27186e+06	1764	3.27009e+06	0	
393	0.00873622	2.08942e-06	0.00873413	0	1.20835e+06	289	1.20806e+06	0	
394	0.00841339	1.62671e-06	0.00841176	0	1.1637e+06	225	1.16348e+06	0	
395	0.00117843	6.50684e-06	0.00117193	0	162996	900	162096	0	
396	0.0078155	1.04109e-06	0.00781445	0	1.081e+06	144	1.08086e+06	0	
397	0.00921025	1.62671e-06	0.00920862	0	1.27392e+06	225	1.27369e+06	0	
398	0.0136142	3.49923e-06	0.0136107	0	1.88306e+06	484	1.88258e+06	0	
399	0.0118891	2.34246e-06	0.0118868	0	1.64445e+06	324	1.64413e+06	0	
400	0.00721024	8.74809e-07	0.00720936	0	997290	121	997169	0	
401	0.014446	3.82458e-06	0.0144422	0	1.99811e+06	529	1.99758e+06	0	
402	0.0550741	2.69022e-05	0.0550471	0	7.61763e+06	3721	7.61389e+06	0	
403	0.0471198	1.95494e-05	0.0470983	1.78935e-06	6.51741e+06	2704	6.51444e+06	247.495	
404	0.0229978	4.51864e-06	0.0229923	8.05067e-07	3.18096e+06	625	3.1802e+06	111.353	
405	0.0379822	1.21533e-05	0.0379692	7.24452e-07	5.25355e+06	1681	5.25174e+06	100.203	
406	0.0261018	5.66818e-06	0.0260953	6.67266e-07	3.61029e+06	784	3.60939e+06	92.2934	
407	0.0159282	2.08942e-06	0.0159262	0	2.20313e+06	289	2.20284e+06	0	
408	0.0208006	3.82458e-06	0.0207968	0	2.87706e+06	529	2.87653e+06	0	
409	0.0122916	1.22184e-06	0.0122655	2.4784e-05	1.70013e+06	169	1.69651e+06	3428.02	
410	0.00763174	2.08942e-06	0.00762966	0	1.05559e+06	289	1.0553e+06	0	
411	0.00770822	8.74809e-07	0.00770735	0	1.06616e+06	121	1.06604e+06	0	
412	0.0105364	1.62671e-06	0.0105346	0	1.45735e+06	225	1.4571e+06	0	
413	0.0115075	1.22184e-06	0.0115043	1.83732e-06	1.59167e+06	169	1.59123e+06	254.131	
414	0.0133539	2.60996e-06	0.0133513	0	1.84705e+06	361	1.84669e+06	0	
415	0.107424	0.000107608	0.107316	0	1.48584e+07	14884	1.48435e+07	0	
416	0.0227808	7.40334e-06	0.0227732	0	3.15094e+06	1024	3.1499e+06	0	
417	0.0177028	4.51864e-06	0.0176983	0	2.44858e+06	625	2.44795e+06	0	
418	0.0168763	2.34246e-06	0.0168739	0	2.33426e+06	324	2.33393e+06	0	
419	0.00708518	2.34246e-06	0.00707565	7.01887e-06	979993	324	978674	970.821	
420	0.0149208	1.85083e-06	0.0149189	0	2.06378e+06	256	2.06352e+06	0	
421	0.011267	1.85083e-06	0.011265	0	1.5584e+06	256	1.55813e+06	0	
422	0.0759074	5.22355e-05	0.0758552	0	1.04992e+07	7225	1.04919e+07	0	
423	0.0149915	1.85083e-06	0.0149896	0	2.07356e+06	256	2.0733e+06	0	
424	0.0643984	3.44212e-05	0.064364	0	8.90732e+06	4761	8.90256e+06	0	
425	0.0190628	3.18835e-06	0.0190596	0	2.63669e+06	441	2.63625e+06	0	
426	0.00825894	1.04109e-06	0.00825787	0	1.14234e+06	144	1.14219e+06	0	
427	0.00955281	3.82458e-06	0.00954896	0	1.3213e+06	529	1.32077e+06	0	
428	0.00618976	1.62671e-06	0.00618813	0	856141	225	855916	0	
429	0.0136042	7.87328e-06	0.0135957	4.87494e-07	1.88168e+06	1089	1.8805e+06	67.4281	
430	0.0248153	5.27054e-06	0.02481	0	3.43235e+06	729	3.43162e+06	0	
431	0.0110479	8.74809e-07	0.0110471	0	1.52811e+06	121	1.52799e+06	0	
432	1.30338	0.00812343	1.29525	1.30193e-06	1.80278e+08	1.1236e+06	1.79154e+08	180.078	
433	0.0164695	1.85083e-06	0.0164676	0	2.27799e+06	256	2.27774e+06	0	
434	0.010561	4.88736e-06	0.0105561	0	1.46075e+06	676	1.46007e+06	0	
435	0.0153311	8.85654e-06	0.0153221	0	2.12054e+06	1225	2.11929e+06	0	
436	0.00473695	8.74809e-07	0.00473607	0	655195	121	655074	0	
437	0.0262243	5.66818e-06	0.0262187	0	3.62724e+06	784	3.62646e+06	0	
438	0.0260384	4.51864e-06	0.0260339	0	3.60153e+06	625	3.6009e+06	0	
439	0.00526833	1.04109e-06	0.00526488	2.2417e-06	728694	144	728216	310.063	
440	0.00661635	1.62671e-06	0.00661473	0	915147	225	914922	0	
441	0.0115323	8.74809e-07	0.0115314	0	1.5951e+06	121	1.59498e+06	0	
442	0.0285554	3.44212e-05	0.0285209	0	3.94967e+06	4761	3.9449e+06	0	
443	0.0132112	8.74809e-07	0.0132103	0	1.82732e+06	121	1.8272e+06	0	
444	0.0105743	3.82458e-06	0.0105704	0	1.46259e+06	529	1.46206e+06	0	
445	0.01689	1.41704e-06	0.0168383	5.00859e-05	2.33616e+06	196	2.32901e+06	6927.67	
446	0.02052	1.46404e-05	0.0205053	0	2.83824e+06	2025	2.83621e+06	0	
447	0.00845165	2.60996e-06	0.00844904	0	1.16899e+06	361	1.16863e+06	0	
448	0.0140289	1.04109e-06	0.0140278	0	1.94042e+06	144	1.94027e+06	0	
449	0.00922044	2.89193e-06	0.00921755	0	1.27533e+06	400	1.27493e+06	0	
450	0.00761753	1.85083e-06	0.00760114	1.43696e-05	1.05362e+06	256	1.05135e+06	1987.54	
451	0.0137527	6.50684e-06	0.013743	3.05286e-06	1.90222e+06	900	1.90087e+06	422.259	
452	0.0146742	1.04109e-06	0.0146732	0	2.02968e+06	144	2.02953e+06	0	
453	0.0182656	1.62671e-06	0.018264	0	2.52642e+06	225	2.5262e+06	0	
454	0.0465007	1.04398e-05	0.0464903	0	6.43179e+06	1444	6.43035e+06	0	
455	0.0134459	8.74809e-07	0.0134448	1.14054e-07	1.85979e+06	121	1.85963e+06	15.7756	
456	1.06982	0.00521126	1.0646	2.40268e-06	1.47973e+08	720801	1.47252e+08	332.329	
457	0.0160165	1.22184e-06	0.0160146	4.66552e-07	2.21534e+06	169	2.21508e+06	64.5315	
458	0.0118532	3.82458e-06	0.0111817	0.000667522	1.63948e+06	529	1.5466e+06	92328.9	
459	0.628817	0.00183649	0.626976	4.21308e-06	8.69753e+07	254016	8.67207e+07	582.735	
460	0.0200464	1.33679e-05	0.0200319	9.99966e-07	2.77274e+06	1849	2.77073e+06	138.311	
461	0.0229279	2.89193e-06	0.022925	0	3.1713e+06	400	3.1709e+06	0	
462	0.0152271	1.62671e-06	0.0152254	0	2.10615e+06	225	2.10592e+06	0	
463	0.0255445	4.16438e-06	0.0255403	0	3.53321e+06	576	3.53263e+06	0	
464	0.00660611	1.41704e-06	0.00658643	1.80949e-05	913730	196	911008	2502.82	
465	0.0192518	6.50684e-06	0.0192453	0	2.66283e+06	900	2.66193e+06	0	
466	0.0134293	6.08028e-06	0.0134232	0	1.85749e+06	841	1.85665e+06	0	
467	0.157881	0.000116609	0.157764	0	2.18374e+07	16129	2.18213e+07	0	
468	0.022386	2.34246e-06	0.0223834	1.28584e-07	3.09634e+06	324	3.09598e+06	17.7852	
469	0.0186545	1.62671e-06	0.0186522	4.94289e-07	2.58022e+06	225	2.5799e+06	68.3681	
470	0.0518219	1.21533e-05	0.0518071	2.49864e-06	7.16779e+06	1681	7.16574e+06	345.601	
471	0.0110123	2.08942e-06	0.0110102	0	1.52318e+06	289	1.52289e+06	0	
472	0.0185892	1.62671e-06	0.0185875	0	2.57118e+06	225	2.57095e+06	0	
473	0.0131992	1.22184e-06	0.013198	0	1.82566e+06	169	1.82549e+06	0	
474	0.0308597	4.51864e-06	0.0308552	0	4.26839e+06	625	4.26776e+06	0	
475	0.258468	0.000292092	0.258175	1.05366e-09	3.57502e+07	40401	3.57098e+07	0.145738	
476	0.26307	0.000306805	0.262763	0	3.63867e+07	42436	3.63443e+07	0	
477	0.0217653	2.60996e-06	0.0217627	0	3.01048e+06	361	3.01012e+06	0	
478	0.0201627	1.85083e-06	0.0201608	0	2.78882e+06	256	2.78856e+06	0	
479	0.0390938	8.35768e-06	0.0390854	0	5.40729e+06	1156	5.40613e+06	0	
480	0.0178388	1.41704e-06	0.0178374	0	2.46739e+06	196	2.46719e+06	0	
481	0.185204	0.000154111	0.185049	0	2.56166e+07	21316	2.55953e+07	0	
482	0.0164383	1.22184e-06	0.016437	0	2.27367e+06	169	2.2735e+06	0	
483	0.0152046	1.04109e-06	0.0152036	0	2.10304e+06	144	2.1029e+06	0	
484	1.08733	0.00496863	1.08236	0	1.50395e+08	687241	1.49708e+08	0	
485	0.0579323	1.52983e-05	0.0579168	2.13584e-08	8.01296e+06	2116	8.01082e+06	2.9542	
486	0.0586267	1.59706e-05	0.0586107	0	8.109e+06	2209	8.10679e+06	0	
487	0.0149417	1.04109e-06	0.0149407	0	2.06668e+06	144	2.06653e+06	0	
488	0.0140022	1.04109e-06	0.0139973	3.68778e-06	1.93673e+06	144	1.93605e+06	510.079	
489	0.0152562	1.04109e-06	0.0152551	0	2.11017e+06	144	2.11003e+06	0	
490	0.0297711	3.82458e-06	0.0297673	0	4.11782e+06	529	4.11729e+06	0	
491	0.0142358	8.74809e-07	0.014235	0	1.96905e+06	121	1.96892e+06	0	
492	0.0139411	8.74809e-07	0.0139402	0	1.92827e+06	121	1.92815e+06	0	
493	0.0154077	1.04109e-06	0.0154067	0	2.13113e+06	144	2.13099e+06	0	
494	0.0216212	8.35768e-06	0.0216128	0	2.99055e+06	1156	2.98939e+06	0	
495	0.0511839	1.15677e-05	0.0511677	4.47838e-06	7.07954e+06	1600	7.0773e+06	619.431	
496	0.210388	0.000192089	0.210196	0	2.91e+07	26569	2.90734e+07	0	
497	0.0204817	1.85083e-06	0.0204798	0	2.83294e+06	256	2.83269e+06	0	
498	0.021616	2.08942e-06	0.0216139	0	2.98984e+06	289	2.98955e+06	0	
499	0.0412301	7.40334e-06	0.0412227	0	5.70278e+06	1024	5.70175e+06	0	
500	0.0192989	1.62671e-06	0.0192972	0	2.66935e+06	225	2.66911e+06	0	
501	0.0286628	3.49923e-06	0.0286593	0	3.96452e+06	484	3.96404e+06	0	
502	0.0180191	1.41704e-06	0.0180177	0	2.49233e+06	196	2.49214e+06	0	
503	0.0211479	7.40334e-06	0.0211405	0	2.92509e+06	1024	2.92407e+06	0	
504	0.0471138	9.36986e-06	0.0471044	0	6.51659e+06	1296	6.51529e+06	0	
505	0.0168542	1.22184e-06	0.016853	0	2.3312e+06	169	2.33104e+06	0	
506	0.0129067	4.51864e-06	0.0129022	0	1.7852e+06	625	1.78457e+06	0	
507	0.0389442	6.50684e-06	0.0389377	0	5.3866e+06	900	5.3857e+06	0	
508	0.0168245	1.22184e-06	0.0168112	1.1882e-05	2.32709e+06	169	2.32526e+06	1643.47	
509	0.0248333	2.60996e-06	0.0248306	0	3.43485e+06	361	3.43447e+06	0	
510	0.0333821	4.88736e-06	0.0333773	0	4.61728e+06	676	4.6166e+06	0	
511	0.043796	7.87328e-06	0.0437882	0	6.05769e+06	1089	6.0566e+06	0	
512	0.0185135	1.41704e-06	0.018512	0	2.56071e+06	196	2.56051e+06	0	
513	0.147302	9.0691e-05	0.14721	1.13712e-06	2.03742e+07	12544	2.03615e+07	157.282	
514	0.0358782	5.27054e-06	0.035873	0	4.96253e+06	729	4.9618e+06	0	
515	0.684668	0.00189525	0.682773	0	9.47005e+07	262144	9.44383e+07	0	
516	0.0249753	2.60996e-06	0.0249726	0	3.45448e+06	361	3.45411e+06	0	
517	0.0140783	8.74809e-07	0.0140774	0	1.94725e+06	121	1.94713e+06	0	
518	0.403745	0.00466186	0.399083	0	5.58443e+07	644809	5.51995e+07	0	
519	0.0145808	8.74809e-07	0.01458	0	2.01676e+06	121	2.01664e+06	0	
520	0.0190058	1.62671e-06	0.0190042	0	2.62881e+06	225	2.62858e+06	0	
521	0.0674436	1.80745e-05	0.0674255	0	9.32852e+06	2500	9.32602e+06	0	
522	0.0257452	2.89193e-06	0.0257423	0	3.56098e+06	400	3.56058e+06	0	
523	0.0184641	1.41704e-06	0.0184627	0	2.55388e+06	196	2.55368e+06	0	
524	0.0309685	3.82458e-06	0.0309644	9.61927e-08	4.28343e+06	529	4.28287e+06	13.3049	
525	0.031026	3.82458e-06	0.031022	0	4.29139e+06	529	4.29084e+06	0	
526	0.0304465	3.82458e-06	0.0304427	0	4.21123e+06	529	4.2107e+06	0	
527	0.0175842	1.22184e-06	0.0175829	0	2.43217e+06	169	2.432e+06	0	
528	0.16793	0.000112966	0.167817	0	2.32273e+07	15625	2.32117e+07	0	
529	0.0165311	1.22184e-06	0.0165299	0	2.28652e+06	169	2.28635e+06	0	
530	0.0717532	2.10821e-05	0.0717322	0	9.92461e+06	2916	9.92169e+06	0	
531	0.0233203	2.34246e-06	0.023318	0	3.22557e+06	324	3.22524e+06	0	
532	0.0284796	3.18835e-06	0.0284764	0	3.93918e+06	441	3.93874e+06	0	
533	0.178795	0.000124071	0.178671	8.14519e-08	2.47302e+07	17161	2.4713e+07	11.266	
534	0.0138922	8.74809e-07	0.0138913	0	1.92151e+06	121	1.92139e+06	0	
535	0.0487376	1.04398e-05	0.0487271	0	6.74118e+06	1444	6.73974e+06	0	
536	0.0260673	2.60996e-06	0.0260621	2.35782e-06	3.60552e+06	361	3.60481e+06	326.124	
537	0.0149142	8.74809e-07	0.0149133	0	2.06287e+06	121	2.06275e+06	0	
538	0.0281995	3.18835e-06	0.0281963	0	3.90044e+06	441	3.9e+06	0	
539	0.0329596	4.16438e-06	0.0329552	1.15733e-07	4.55884e+06	576	4.55822e+06	16.0077	
540	0.0202761	1.62671e-06	0.0202745	0	2.80451e+06	225	2.80428e+06	0	
541	0.0298505	3.49923e-06	0.029847	0	4.12879e+06	484	4.12831e+06	0	
542	0.0158632	1.04109e-06	0.0158621	0	2.19413e+06	144	2.19398e+06	0	
543	0.0525241	1.27534e-05	0.0525113	0	7.26491e+06	1764	7.26315e+06	0	
544	0.0699304	1.88047e-05	0.0699116	0	9.67249e+06	2601	9.66989e+06	0	
545	0.0185848	1.41704e-06	0.0185834	0	2.57057e+06	196	2.57037e+06	0	
546	0.0435363	7.40334e-06	0.0435289	0	6.02177e+06	1024	6.02074e+06	0	
547	0.0158275	1.04109e-06	0.0158265	0	2.18919e+06	144	2.18905e+06	0	
548	0.0442836	7.40334e-06	0.0442762	0	6.12513e+06	1024	6.12411e+06	0	
549	0.0232391	2.08942e-06	0.023237	0	3.21434e+06	289	3.21405e+06	0	
550	0.0270624	2.89193e-06	0.0270595	0	3.74317e+06	400	3.74276e+06	0	
551	0.351569	0.000451864	0.351117	0	4.86276e+07	62500	4.85651e+07	0	
552	0.0267384	2.89193e-06	0.0267356	0	3.69835e+06	400	3.69795e+06	0	
553	0.0264108	2.60996e-06	0.0264082	0	3.65304e+06	361	3.65268e+06	0	
554	0.0751961	2.10821e-05	0.0751714	3.43872e-06	1.04008e+07	2916	1.03974e+07	475.63	
555	0.0152194	8.74809e-07	0.0152186	0	2.10509e+06	121	2.10497e+06	0	
556	0.0349282	4.88736e-06	0.0349233	0	4.83113e+06	676	4.83044e+06	0	
557	0.029841	3.49923e-06	0.0298375	0	4.12749e+06	484	4.127e+06	0	
558	0.0280229	2.89193e-06	0.02802	0	3.87602e+06	400	3.87561e+06	0	
559	0.0153708	8.74809e-07	0.0153699	0	2.12602e+06	121	2.1259e+06	0	
560	0.42909	0.000663763	0.428426	0	5.93499e+07	91809	5.92581e+07	0	
561	0.0375807	5.66818e-06	0.0375751	0	5.19801e+06	784	5.19723e+06	0	
562	0.0281164	2.89193e-06	0.0281135	0	3.88895e+06	400	3.88855e+06	0	
563	0.00872907	1.22184e-06	0.00872785	0	1.20736e+06	169	1.2072e+06	0	
564	0.258747	0.00023948	0.258507	0	3.57888e+07	33124	3.57557e+07	0	
565	0.028053	2.89193e-06	0.0280501	0	3.88018e+06	400	3.87978e+06	0	
566	0.0150437	8.74809e-07	0.0150428	0	2.08078e+06	121	2.08066e+06	0	
567	0.0183793	1.22184e-06	0.0183781	0	2.54215e+06	169	2.54198e+06	0	
568	0.0212244	1.62671e-06	0.0212228	0	2.93567e+06	225	2.93545e+06	0	
569	0.0255817	2.34246e-06	0.0255794	0	3.53836e+06	324	3.53804e+06	0	
570	0.0642402	1.46404e-05	0.0642255	0	8.88543e+06	2025	8.88341e+06	0	
571	0.0107438	3.82458e-06	0.01074	0	1.48604e+06	529	1.48551e+06	0	
572	1.94787	0.0133329	1.93454	0	2.69421e+08	1.84416e+06	2.67577e+08	0	
573	0.0282998	2.89193e-06	0.0282969	0	3.91432e+06	400	3.91392e+06	0	
574	0.039576	5.66818e-06	0.0395702	0	5.47399e+06	784	5.47318e+06	0	
575	0.0171402	1.04109e-06	0.0171389	6.68416e-08	2.37076e+06	144	2.37058e+06	9.24525	
576	0.115621	4.62709e-05	0.115575	0	1.59922e+07	6400	1.59858e+07	0	
577	0.0158426	8.74809e-07	0.0158418	0	2.19129e+06	121	2.19117e+06	0	
578	0.15273	8.27743e-05	0.152647	0	2.11249e+07	11449	2.11135e+07	0	
579	0.0976503	3.34307e-05	0.0976168	0	1.35065e+07	4624	1.35019e+07	0	
580	0.0158463	8.74809e-07	0.0158454	0	2.1918e+06	121	2.19168e+06	0	
581	0.160318	8.90787e-05	0.160229	0	2.21745e+07	12321	2.21622e+07	0	
582	0.026175	2.34246e-06	0.0261725	1.64934e-08	3.62042e+06	324	3.62007e+06	2.2813	
583	0.0158909	8.74809e-07	0.01589	0	2.19796e+06	121	2.19784e+06	0	
584	0.0159505	8.74809e-07	0.0159497	0	2.20621e+06	121	2.20609e+06	0	
585	0.0209792	1.62671e-06	0.0209776	0	2.90176e+06	225	2.90153e+06	0	
586	0.0348017	4.16438e-06	0.0347954	1.91562e-06	4.81362e+06	576	4.81276e+06	264.961	
587	0.09318	3.0546e-05	0.0931494	0	1.28882e+07	4225	1.2884e+07	0	
588	0.0097198	3.18835e-06	0.00971661	0	1.3444e+06	441	1.34396e+06	0	
589	0.0171106	1.04109e-06	0.0171095	0	2.36666e+06	144	2.36652e+06	0	
590	0.0401644	5.66818e-06	0.0401587	0	5.55537e+06	784	5.55459e+06	0	
591	0.00738716	8.74809e-07	0.00738629	0	1.02176e+06	121	1.02164e+06	0	
592	0.0161064	8.74809e-07	0.0161055	0	2.22777e+06	121	2.22765e+06	0	
593	0.0354209	4.51864e-06	0.0354164	0	4.89927e+06	625	4.89865e+06	0	
594	0.0306769	3.18835e-06	0.0306736	0	4.2431e+06	441	4.24264e+06	0	
595	0.0822558	2.26727e-05	0.0822331	0	1.13772e+07	3136	1.13741e+07	0	
596	0.0263514	2.34246e-06	0.026349	0	3.64481e+06	324	3.64449e+06	0	
597	80.5924	33.8202	46.7721	1.82536e-08	1.11472e+10	4.67787e+09	6.46932e+09	2.52476	
598	0.0535336	9.89763e-06	0.0535233	1.9573e-07	7.40455e+06	1369	7.40313e+06	27.0726	
599	0.0262281	2.34246e-06	0.0262258	0	3.62776e+06	324	3.62744e+06	0	
600	0.0188134	1.09965e-05	0.0188024	0	2.60219e+06	1521	2.60067e+06	0	
601	0.0156344	1.04109e-06	0.0156334	0	2.16249e+06	144	2.16235e+06	0	
602	0.0887286	2.60273e-05	0.0887026	0	1.22725e+07	3600	1.22689e+07	0	
603	0.0139066	3.18835e-06	0.0139034	0	1.9235e+06	441	1.92306e+06	0	
604	0.027916	2.60996e-06	0.0279134	0	3.86122e+06	361	3.86086e+06	0	
605	0.0280451	2.60996e-06	0.0280425	0	3.87908e+06	361	3.87872e+06	0	
606	0.0107987	2.08942e-06	0.0107966	0	1.49364e+06	289	1.49335e+06	0	
607	0.120492	4.74349e-05	0.120445	0	1.6666e+07	6561	1.66594e+07	0	
608	0.0432477	6.08028e-06	0.043181	6.04553e-05	5.98184e+06	841	5.97262e+06	8361.93	
609	0.0788578	2.03085e-05	0.0788375	0	1.09072e+07	2809	1.09044e+07	0	
610	0.0148679	8.74809e-07	0.0148671	0	2.05647e+06	121	2.05635e+06	0	
611	0.0264852	2.60996e-06	0.0264826	0	3.66333e+06	361	3.66297e+06	0	
612	0.0214031	1.62671e-06	0.0214015	0	2.96039e+06	225	2.96017e+06	0	
613	0.0479083	7.40334e-06	0.0478916	9.18438e-06	6.62648e+06	1024	6.62416e+06	1270.34	
614	0.0325397	3.49923e-06	0.0325355	5.66533e-07	4.50076e+06	484	4.50017e+06	78.3604	
615	0.0170244	1.04109e-06	0.0170233	0	2.35474e+06	144	2.3546e+06	0	
616	0.0689407	1.59706e-05	0.0689242	3.52292e-07	9.53559e+06	2209	9.53331e+06	48.7276	
617	0.0254116	2.08942e-06	0.0254079	1.43846e-06	3.51483e+06	289	3.51432e+06	198.962	
618	0.0164673	1.04109e-06	0.0164663	0	2.27769e+06	144	2.27755e+06	0	
619	0.0373025	4.88736e-06	0.0372976	0	5.15953e+06	676	5.15885e+06	0	
620	0.0807675	2.10821e-05	0.0807435	2.67911e-06	1.11714e+07	2916	1.11681e+07	370.563	
621	0.02032	1.62671e-06	0.0203176	6.29367e-07	2.81058e+06	225	2.81025e+06	87.0514	
622	0.0253405	2.08942e-06	0.0253384	0	3.50499e+06	289	3.50471e+06	0	
623	0.0578591	1.09965e-05	0.0578475	4.02723e-07	8.00283e+06	1521	8.00123e+06	55.703	
624	0.0684234	1.66575e-05	0.0684057	8.82803e-07	9.46404e+06	2304	9.46159e+06	122.105	
625	0.0361816	2.43211e-05	0.0361573	0	5.00449e+06	3364	5.00113e+06	0	
626	0.162019	9.56145e-05	0.161923	0	2.24097e+07	13225	2.23965e+07	0	
627	0.0300829	2.89193e-06	0.03008	0	4.16095e+06	400	4.16055e+06	0	
628	0.0252843	2.08942e-06	0.0252817	3.26108e-07	3.49722e+06	289	3.49686e+06	45.106	
629	0.0508613	9.36986e-06	0.050852	0	7.03493e+06	1296	7.03363e+06	0	
630	0.0719212	1.66575e-05	0.0719043	7.38381e-08	9.94785e+06	2304	9.94551e+06	10.2129	
631	0.85617	0.0027434	0.853427	0	1.18421e+08	379456	1.18042e+08	0	
632	0.0575486	1.27534e-05	0.0575358	0	7.95988e+06	1764	7.95812e+06	0	
633	0.088726	2.86951e-05	0.0886973	0	1.22722e+07	3969	1.22682e+07	0	
634	0.26436	0.000223951	0.264133	2.85569e-06	3.65653e+07	30976	3.65339e+07	394.987	
635	0.117661	5.59878e-05	0.117605	0	1.62744e+07	7744	1.62667e+07	0	
636	0.0195386	1.22184e-06	0.0195372	4.64284e-08	2.7025e+06	169	2.7023e+06	6.42178	
637	0.0283715	2.89193e-06	0.0283686	0	3.92423e+06	400	3.92382e+06	0	
638	0.0819391	2.18702e-05	0.0819166	4.48313e-07	1.13334e+07	3025	1.13303e+07	62.0088	
639	0.0163004	8.74809e-07	0.0162996	0	2.25461e+06	121	2.25449e+06	0	
640	0.0320564	3.49923e-06	0.0320528	0	4.43391e+06	484	4.43342e+06	0	
641	0.0164368	8.74809e-07	0.0164359	0	2.27347e+06	121	2.27334e+06	0	
642	0.0780032	1.95494e-05	0.0779817	1.75488e-06	1.0789e+07	2704	1.07861e+07	242.728	
643	0.0269319	2.60996e-06	0.0269293	0	3.72511e+06	361	3.72475e+06	0	
644	0.0179896	1.04109e-06	0.0179886	0	2.48825e+06	144	2.48811e+06	0	
645	0.062017	1.39969e-05	0.062003	0	8.57794e+06	1936	8.576e+06	0	
646	0.366423	0.000441084	0.365981	2.44663e-07	5.06821e+07	61009	5.0621e+07	33.8408	
647	0.0408403	5.66818e-06	0.0408344	1.38851e-07	5.64887e+06	784	5.64804e+06	19.2053	
648	0.0615402	1.21533e-05	0.0615281	0	8.51199e+06	1681	8.51031e+06	0	
649	0.044935	6.50684e-06	0.0449285	0	6.21522e+06	900	6.21432e+06	0	
650	0.0503128	7.87328e-06	0.0501851	0.000119615	6.95906e+06	1089	6.9414e+06	16544.7	
651	0.0235038	1.85083e-06	0.0235019	0	3.25095e+06	256	3.25069e+06	0	
652	0.0275678	2.60996e-06	0.0275646	4.01757e-07	3.81307e+06	361	3.81263e+06	55.5694	
653	0.0615149	1.21533e-05	0.0615027	0	8.50848e+06	1681	8.5068e+06	0	
654	0.0777763	2.18702e-05	0.0777544	0	1.07576e+07	3025	1.07546e+07	0	
655	0.024249	2.08942e-06	0.0242469	0	3.35403e+06	289	3.35374e+06	0	
656	0.0658417	1.46404e-05	0.065827	0	9.10695e+06	2025	9.10492e+06	0	
657	0.0474608	7.87328e-06	0.0474528	5.93309e-09	6.56459e+06	1089	6.56347e+06	0.82064	
658	0.0180988	1.04109e-06	0.0180962	1.38667e-06	2.50335e+06	144	2.50299e+06	191.799	
659	0.0198633	1.22184e-06	0.0198588	3.08014e-06	2.74741e+06	169	2.74679e+06	426.033	
660	0.0300403	2.89193e-06	0.0300374	0	4.15505e+06	400	4.15465e+06	0	
661	0.0938332	3.14931e-05	0.0938017	0	1.29786e+07	4356	1.29742e+07	0	
662	0.0158769	8.74809e-07	0.0158759	0	2.19603e+06	121	2.19589e+06	0	
663	0.0223297	1.62671e-06	0.022328	0	3.08855e+06	225	3.08832e+06	0	
664	0.0400096	5.27054e-06	0.0400043	0	5.53396e+06	729	5.53323e+06	0	
665	0.105512	3.85277e-05	0.105474	0	1.4594e+07	5329	1.45887e+07	0	
666	0.0163498	8.74809e-07	0.0163488	0	2.26144e+06	121	2.26129e+06	0	
667	0.0294848	2.89193e-06	0.0294819	0	4.07821e+06	400	4.07781e+06	0	
668	0.0242218	1.85083e-06	0.0242199	0	3.35026e+06	256	3.34999e+06	0	
669	0.017295	1.04109e-06	0.017294	0	2.39218e+06	144	2.39203e+06	0	
670	0.201939	0.000131763	0.201807	0	2.79313e+07	18225	2.79131e+07	0	
671	0.0179161	1.04109e-06	0.0179151	0	2.47809e+06	144	2.47794e+06	0	
672	0.0161887	8.74809e-07	0.0161878	0	2.23915e+06	121	2.23903e+06	0	
673	0.0756577	2.18702e-05	0.0756359	0	1.04646e+07	3025	1.04616e+07	0	
674	0.0496411	8.85654e-06	0.0496322	0	6.86615e+06	1225	6.86493e+06	0	
675	0.034422	3.82458e-06	0.0344182	0	4.76111e+06	529	4.76058e+06	0	
676	0.0271294	2.60996e-06	0.0271267	0	3.75242e+06	361	3.75206e+06	0	
677	0.125816	5.22355e-05	0.125764	0	1.74024e+07	7225	1.73952e+07	0	
678	0.179766	0.000116609	0.179649	0	2.48644e+07	16129	2.48483e+07	0	
679	0.027126	2.89193e-06	0.0271231	0	3.75196e+06	400	3.75156e+06	0	
680	0.035722	4.51864e-06	0.0357175	0	4.94092e+06	625	4.9403e+06	0	
681	0.0161366	8.74809e-07	0.0161357	0	2.23194e+06	121	2.23182e+06	0	
682	0.176838	0.000107608	0.176731	0	2.44595e+07	14884	2.44447e+07	0	
683	0.229455	0.000173696	0.229281	0	3.17373e+07	24025	3.17133e+07	0	
684	0.0868486	2.26727e-05	0.0868233	2.50054e-06	1.20125e+07	3136	1.2009e+07	345.865	
685	0.0259004	2.08942e-06	0.0258944	3.6521e-06	3.58243e+06	289	3.58161e+06	505.143	
686	0.0158163	8.74809e-07	0.0158154	0	2.18764e+06	121	2.18752e+06	0	
687	0.0497152	7.40334e-06	0.0497076	1.14924e-07	6.87641e+06	1024	6.87534e+06	15.8959	
688	0.0806803	2.18702e-05	0.0806585	0	1.11593e+07	3025	1.11563e+07	0	
689	0.0635235	1.21533e-05	0.0635106	6.19001e-07	8.78631e+06	1681	8.78452e+06	85.6176	
690	0.0987537	3.0546e-05	0.0987232	0	1.36592e+07	4225	1.36549e+07	0	
691	0.0373011	4.88736e-06	0.0372962	0	5.15933e+06	676	5.15866e+06	0	
692	0.0407862	5.27054e-06	0.0407808	0	5.64137e+06	729	5.64063e+06	0	
693	0.0441566	6.94786e-06	0.0441496	0	6.10755e+06	961	6.10659e+06	0	
694	0.0329978	3.49923e-06	0.0329942	0	4.56412e+06	484	4.56363e+06	0	
695	0.403656	0.000484984	0.403171	0	5.5832e+07	67081	5.5765e+07	0	
696	0.0248884	1.85083e-06	0.0248783	8.11476e-06	3.44247e+06	256	3.44106e+06	1122.4	
697	0.0263549	2.08942e-06	0.026352	7.00351e-07	3.64531e+06	289	3.6449e+06	96.8696	
698	0.0354279	3.82458e-06	0.0354193	4.64529e-06	4.90024e+06	529	4.89905e+06	642.517	
699	0.21236	0.000133722	0.212225	7.301e-07	2.93727e+07	18496	2.93541e+07	100.984	
700	0.120744	4.28656e-05	0.120699	1.38708e-06	1.67008e+07	5929	1.66946e+07	191.855	
701	0.0278643	2.34246e-06	0.0278602	1.557e-06	3.85407e+06	324	3.85351e+06	215.358	
702	0.0258754	1.15677e-05	0.0258638	0	3.57898e+06	1600	3.57738e+06	0	
703	3.30862	0.0355032	3.27312	3.25296e-06	4.57635e+08	4.91065e+06	4.52724e+08	449.936	
704	0.0296029	2.89193e-06	0.0296	0	4.09456e+06	400	4.09415e+06	0	
705	0.0657111	1.27534e-05	0.0656984	0	9.08889e+06	1764	9.08713e+06	0	
706	0.152361	6.80254e-05	0.152261	3.22473e-05	2.1074e+07	9409	2.10601e+07	4460.32	
707	0.0243653	2.08942e-06	0.0243632	0	3.3701e+06	289	3.36982e+06	0	
708	0.0243624	2.08942e-06	0.0243603	0	3.3697e+06	289	3.36941e+06	0	
709	0.0162908	8.74809e-07	0.01629	0	2.25328e+06	121	2.25316e+06	0	
710	0.0294763	2.60996e-06	0.0294737	0	4.07704e+06	361	4.07668e+06	0	
711	0.0121738	2.34246e-06	0.0121714	0	1.68383e+06	324	1.68351e+06	0	
712	0.0245167	1.85083e-06	0.0245148	0	3.39104e+06	256	3.39079e+06	0	
713	0.0204534	1.22184e-06	0.0204459	6.17351e-06	2.82903e+06	169	2.82799e+06	853.895	
714	0.546829	0.00104948	0.545779	0	7.56351e+07	145161	7.54899e+07	0	
715	0.0202781	1.41704e-06	0.0202767	0	2.80478e+06	196	2.80459e+06	0	
716	0.018188	1.04109e-06	0.0181869	0	2.51569e+06	144	2.51554e+06	0	
717	0.0555747	9.89763e-06	0.0555648	0	7.68686e+06	1369	7.68549e+06	0	
718	0.018763	1.04109e-06	0.018762	0	2.59523e+06	144	2.59508e+06	0	
719	0.0278143	2.60996e-06	0.0278117	0	3.84717e+06	361	3.8468e+06	0	
720	0.0378779	4.51864e-06	0.0378734	0	5.23911e+06	625	5.23849e+06	0	
721	0.0151661	5.27054e-06	0.0151608	0	2.09771e+06	729	2.09698e+06	0	
722	0.044334	6.50684e-06	0.0443275	0	6.13209e+06	900	6.13119e+06	0	
723	0.0150517	4.16438e-06	0.0150475	0	2.08189e+06	576	2.08131e+06	0	
724	0.0108211	1.85083e-06	0.0108192	0	1.49673e+06	256	1.49647e+06	0	
725	0.0790945	1.95494e-05	0.0790748	1.71082e-08	1.094e+07	2704	1.09373e+07	2.36633	
726	0.0183674	1.04109e-06	0.0183664	0	2.54051e+06	144	2.54037e+06	0	
727	0.0502376	7.40334e-06	0.0502302	0	6.94866e+06	1024	6.94764e+06	0	
728	0.0310254	3.18835e-06	0.0310222	0	4.2913e+06	441	4.29086e+06	0	
729	0.019374	1.22184e-06	0.0193726	0	2.67973e+06	169	2.67954e+06	0	
730	0.061476	1.15677e-05	0.0614642	2.67629e-08	8.5031e+06	1600	8.50148e+06	3.70173	
731	0.0266979	2.08942e-06	0.0266958	0	3.69274e+06	289	3.69245e+06	0	
732	0.0347811	3.49923e-06	0.0347776	0	4.81078e+06	484	4.81029e+06	0	
733	0.0229146	1.62671e-06	0.022913	0	3.16945e+06	225	3.16923e+06	0	
734	0.0838693	2.03085e-05	0.0838432	5.64241e-06	1.16004e+07	2809	1.15968e+07	780.435	
735	0.119447	4.62709e-05	0.119401	1.31036e-07	1.65215e+07	6400	1.6515e+07	18.1244	
736	0.0409215	4.88736e-06	0.0409065	9.9976e-06	5.6601e+06	676	5.65802e+06	1382.82	
737	0.0106261	1.85083e-06	0.0106242	0	1.46975e+06	256	1.4695e+06	0	
738	0.0173717	8.74809e-07	0.0173709	0	2.40279e+06	121	2.40267e+06	0	
739	0.0166163	8.74809e-07	0.0166154	0	2.2983e+06	121	2.29818e+06	0	
740	0.0966138	2.69022e-05	0.0965861	6.60265e-07	1.33632e+07	3721	1.33593e+07	91.3251	
741	0.0323926	3.49923e-06	0.0323891	0	4.48041e+06	484	4.47992e+06	0	
742	0.0168847	8.74809e-07	0.0168795	4.08401e-06	2.33542e+06	121	2.33471e+06	564.883	
743	0.021613	1.41704e-06	0.0216102	1.18394e-06	2.98942e+06	196	2.98904e+06	163.758	
744	0.02187	1.41704e-06	0.0218686	0	3.02497e+06	196	3.02478e+06	0	
745	0.0239501	1.85083e-06	0.0239482	0	3.31268e+06	256	3.31242e+06	0	
746	0.0391224	5.27054e-06	0.0391171	0	5.41125e+06	729	5.41052e+06	0	
747	0.0590233	9.89763e-06	0.0590124	7.99261e-07	8.16385e+06	1369	8.16235e+06	110.55	
748	0.0208101	1.22184e-06	0.0206792	0.000129545	2.87837e+06	169	2.86026e+06	17918.1	
749	0.00364752	2.08942e-06	0.00364543	0	504510	289	504221	0	
750	0.0231656	1.62671e-06	0.0231639	0	3.20417e+06	225	3.20394e+06	0	
751	0.102052	2.96133e-05	0.102023	0	1.41155e+07	4096	1.41114e+07	0	
752	0.0239528	1.62671e-06	0.0239384	1.26096e-05	3.31306e+06	225	3.31107e+06	1744.11	
753	0.0223316	1.41704e-06	0.0222498	8.02394e-05	3.08882e+06	196	3.0775e+06	11098.3	
754	0.0205361	1.22184e-06	0.0205349	0	2.84047e+06	169	2.8403e+06	0	
755	0.277392	0.00021889	0.277173	0	3.83678e+07	30276	3.83375e+07	0	
756	0.00743389	8.74809e-07	0.00743301	0	1.02822e+06	121	1.0281e+06	0	
757	0.054712	8.85654e-06	0.0547032	0	7.56754e+06	1225	7.56632e+06	0	
758	0.0319249	2.89193e-06	0.031922	0	4.41571e+06	400	4.41531e+06	0	
759	0.0611217	1.04398e-05	0.0610727	3.83364e-05	8.4541e+06	1444	8.44733e+06	5302.53	
760	0.0799762	2.10821e-05	0.0799551	0	1.10619e+07	2916	1.1059e+07	0	
761	0.0259351	2.08942e-06	0.0259326	2.38595e-07	3.58723e+06	289	3.58689e+06	33.0015	
762	0.0202915	1.22184e-06	0.0202903	0	2.80664e+06	169	2.80647e+06	0	
763	0.0549281	8.85654e-06	0.0549192	0	7.59742e+06	1225	7.59619e+06	0	
764	0.0412805	5.66818e-06	0.0412742	4.01561e-07	5.70974e+06	784	5.70888e+06	55.5422	
765	0.0269644	2.34246e-06	0.026962	0	3.7296e+06	324	3.72928e+06	0	
766	0.142641	6.25308e-05	0.142579	0	1.97296e+07	8649	1.97209e+07	0	
767	0.0332165	3.18835e-06	0.0332133	0	4.59437e+06	441	4.59392e+06	0	
768	0.0190279	1.04109e-06	0.0190269	0	2.63186e+06	144	2.63172e+06	0	
769	0.0627435	1.15677e-05	0.0627319	0	8.67842e+06	1600	8.67682e+06	0	
770	0.0459678	6.94786e-06	0.0459609	0	6.35808e+06	961	6.35712e+06	0	
771	0.0217932	1.41704e-06	0.0217914	1.4831e-07	3.01434e+06	196	3.0141e+06	20.5136	
772	0.0311296	3.49923e-06	0.0311261	0	4.30572e+06	484	4.30523e+06	0	
773	0.0281122	2.60996e-06	0.0281093	1.58635e-07	3.88836e+06	361	3.88796e+06	21.9418	
774	0.0301613	2.89193e-06	0.0301584	0	4.17179e+06	400	4.17139e+06	0	
775	0.0263485	2.08942e-06	0.0263465	0	3.64442e+06	289	3.64413e+06	0	
776	0.025801	1.85083e-06	0.0257805	1.84725e-05	3.56869e+06	256	3.56586e+06	2555.05	
777	0.017018	8.74809e-07	0.0170166	3.50194e-07	2.35386e+06	121	2.35367e+06	48.4374	
778	0.0253116	2.08942e-06	0.0253095	0	3.501e+06	289	3.50071e+06	0	
779	0.0176353	8.74809e-07	0.0176344	0	2.43924e+06	121	2.43912e+06	0	
780	0.122874	4.28656e-05	0.122831	0	1.69954e+07	5929	1.69895e+07	0	
781	0.0250844	1.85083e-06	0.0250826	0	3.46957e+06	256	3.46932e+06	0	
782	0.318136	0.000353112	0.317762	2.0785e-05	4.40032e+07	48841	4.39515e+07	2874.89	
783	0.0658167	1.39969e-05	0.0658026	0	9.10349e+06	1936	9.10155e+06	0	
784	0.020455	1.22184e-06	0.0204538	0	2.82925e+06	169	2.82909e+06	0	
785	0.0210272	1.22184e-06	0.021026	0	2.9084e+06	169	2.90823e+06	0	
786	0.0164945	8.74809e-07	0.0164936	0	2.28145e+06	121	2.28133e+06	0	
787	0.0303356	2.89193e-06	0.0303327	0	4.19589e+06	400	4.19549e+06	0	
788	0.102444	3.14931e-05	0.102413	0	1.41697e+07	4356	1.41653e+07	0	
789	0.0449859	6.08028e-06	0.0449798	0	6.22227e+06	841	6.22143e+06	0	
790	0.0796759	1.88047e-05	0.0796571	0	1.10204e+07	2601	1.10178e+07	0	
791	0.0106202	4.88736e-06	0.0106153	0	1.46894e+06	676	1.46826e+06	0	
792	0.0271672	2.34246e-06	0.0271648	0	3.75766e+06	324	3.75733e+06	0	
793	0.14754	6.11932e-05	0.147478	5.07823e-07	2.04071e+07	8464	2.03986e+07	70.2399	
794	0.0643016	1.27534e-05	0.0642889	0	8.89393e+06	1764	8.89217e+06	0	
795	0.0378958	4.51864e-06	0.0378912	0	5.24159e+06	625	5.24096e+06	0	
796	0.0231826	1.62671e-06	0.023181	0	3.20652e+06	225	3.2063e+06	0	
797	0.0171207	8.74809e-07	0.0171199	0	2.36807e+06	121	2.36795e+06	0	
798	0.0824725	1.88047e-05	0.0824537	0	1.14072e+07	2601	1.14046e+07	0	
799	0.0343118	3.49923e-06	0.0343083	0	4.74587e+06	484	4.74538e+06	0	
800	0.0187338	1.04109e-06	0.0187322	4.13654e-07	2.59118e+06	144	2.59096e+06	57.215	
801	0.0365529	4.51864e-06	0.0365484	0	5.05585e+06	625	5.05523e+06	0	
802	0.49121	0.000668152	0.490541	5.43999e-07	6.79422e+07	92416	6.78496e+07	75.2437	
803	0.0301724	2.60996e-06	0.0301675	2.17291e-06	4.17332e+06	361	4.17264e+06	300.548	
804	0.0182513	1.04109e-06	0.0182503	0	2.52445e+06	144	2.52431e+06	0	
805	0.0602341	1.04398e-05	0.0602237	0	8.33133e+06	1444	8.32989e+06	0	
806	0.336033	0.000389138	0.335644	2.80596e-07	4.64787e+07	53824	4.64249e+07	38.8108	
807	0.0258735	1.85083e-06	0.0258696	1.88319e-06	3.57872e+06	256	3.57818e+06	260.475	
808	0.0252177	1.85083e-06	0.0252158	0	3.488e+06	256	3.48775e+06	0	
809	0.0224926	1.41704e-06	0.0224911	0	3.11108e+06	196	3.11088e+06	0	
810	0.0107908	1.85083e-06	0.010789	0	1.49254e+06	256	1.49229e+06	0	
811	0.117397	4.06678e-05	0.117356	8.82501e-08	1.62379e+07	5625	1.62322e+07	12.2063	
812	0.0268598	2.08942e-06	0.0268567	7.97375e-07	3.71513e+06	289	3.71471e+06	110.289	
813	0.0179006	8.74809e-07	0.0178994	1.59054e-07	2.47593e+06	121	2.47577e+06	21.9997	
814	0.0219386	1.62671e-06	0.0219291	7.65638e-06	3.03446e+06	225	3.03315e+06	1058.99	
815	0.0505851	7.40334e-06	0.0505727	4.8774e-06	6.99672e+06	1024	6.995e+06	674.621	
816	0.0196621	1.04109e-06	0.0196388	2.20466e-05	2.71958e+06	144	2.71636e+06	3049.39	
817	0.033612	3.95905e-05	0.0335724	0	4.64907e+06	5476	4.6436e+06	0	
818	0.0333888	3.18835e-06	0.0333856	0	4.6182e+06	441	4.61776e+06	0	
819	0.064617	1.21533e-05	0.0646017	2.92274e-06	8.93755e+06	1681	8.93545e+06	404.261	
820	0.0293791	2.60996e-06	0.0293765	0	4.0636e+06	361	4.06324e+06	0	
821	0.0187204	1.04109e-06	0.0187193	0	2.58934e+06	144	2.58917e+06	0	
822	0.0465582	6.08028e-06	0.0465521	0	6.43974e+06	841	6.4389e+06	0	
823	0.0538963	8.35768e-06	0.0538878	0	7.45471e+06	1156	7.45354e+06	0	
824	0.0319194	2.89193e-06	0.0319165	0	4.41496e+06	400	4.41456e+06	0	
825	0.0380262	4.88736e-06	0.0380213	0	5.25962e+06	676	5.25895e+06	0	
826	0.0380511	4.16438e-06	0.0380466	1.80232e-07	5.26307e+06	576	5.26244e+06	24.929	
827	0.154976	6.80254e-05	0.154908	4.67912e-08	2.14357e+07	9409	2.14262e+07	6.47196	
828	0.0273672	2.08942e-06	0.027363	1.93601e-06	3.78531e+06	289	3.78473e+06	267.781	
829	0.0183548	5.27054e-06	0.0183495	0	2.53876e+06	729	2.53803e+06	0	
830	0.0473762	6.50684e-06	0.0473697	0	6.55288e+06	900	6.55198e+06	0	
831	0.0081727	1.04109e-06	0.00817166	0	1.13041e+06	144	1.13027e+06	0	
832	0.0277525	2.08942e-06	0.0277487	1.59598e-06	3.83861e+06	289	3.83808e+06	220.749	
833	0.163971	7.97088e-05	0.163886	4.55483e-06	2.26797e+07	11025	2.26681e+07	630.005	
834	0.00647803	9.36986e-06	0.00646866	0	896014	1296	894718	0	
835	0.0463967	5.66818e-06	0.0463911	0	6.41741e+06	784	6.41662e+06	0	
836	0.0253568	1.85083e-06	0.0253549	0	3.50725e+06	256	3.50699e+06	0	
837	0.052064	7.40334e-06	0.0520309	2.55279e-05	7.20128e+06	1024	7.1967e+06	3530.92	
838	0.0204824	1.22184e-06	0.0204812	0	2.83304e+06	169	2.83287e+06	0	
839	0.0239523	1.62671e-06	0.0239507	0	3.31299e+06	225	3.31277e+06	0	
840	0.0285242	2.34246e-06	0.0285218	0	3.94534e+06	324	3.94502e+06	0	
841	0.0730445	1.52983e-05	0.0730277	1.33047e-06	1.01032e+07	2116	1.01008e+07	184.025	
842	0.0205316	1.22184e-06	0.0205304	0	2.83985e+06	169	2.83968e+06	0	
843	0.0237767	1.62671e-06	0.0237482	2.67924e-05	3.2887e+06	225	3.28475e+06	3705.82	
844	0.035575	3.49923e-06	0.0355699	1.42319e-06	4.92059e+06	484	4.91989e+06	196.85	
845	0.0208191	1.22184e-06	0.0208178	0	2.87961e+06	169	2.87944e+06	0	
846	0.0931317	2.34897e-05	0.0931082	0	1.28816e+07	3249	1.28783e+07	0	
847	0.0237816	1.62671e-06	0.023776	3.72594e-06	3.28937e+06	225	3.2886e+06	515.357	
848	0.0316821	2.89193e-06	0.0316792	0	4.38214e+06	400	4.38174e+06	0	
849	0.060928	9.89763e-06	0.0609181	0	8.4273e+06	1369	8.42594e+06	0	
850	0.0267369	1.33679e-05	0.0267236	0	3.69814e+06	1849	3.69629e+06	0	
851	0.0627082	1.04398e-05	0.0626324	6.52091e-05	8.67354e+06	1444	8.66305e+06	9019.45	
852	0.150885	6.66301e-05	0.150819	0	2.08699e+07	9216	2.08606e+07	0	
853	0.0315952	2.89193e-06	0.0315923	0	4.37012e+06	400	4.36971e+06	0	
854	0.0655035	1.27534e-05	0.0654256	6.49545e-05	9.06017e+06	1764	9.0494e+06	8984.24	
855	0.0453714	6.08028e-06	0.0453653	0	6.27559e+06	841	6.27474e+06	0	
856	0.0417946	6.50684e-06	0.0417881	0	5.78086e+06	900	5.77996e+06	0	
857	0.0584274	1.04398e-05	0.0584169	0	8.08143e+06	1444	8.07998e+06	0	
858	0.0220691	1.41704e-06	0.0220677	0	3.05251e+06	196	3.05231e+06	0	
859	0.00923604	2.89193e-06	0.00923315	0	1.27749e+06	400	1.27709e+06	0	
860	0.053459	1.04398e-05	0.0534486	0	7.39423e+06	1444	7.39278e+06	0	
861	0.0244165	1.85083e-06	0.0244146	0	3.3772e+06	256	3.37693e+06	0	
862	0.178693	9.0691e-05	0.178602	0	2.47161e+07	12544	2.47035e+07	0	
863	0.0167688	8.74809e-07	0.0167679	0	2.31939e+06	121	2.31926e+06	0	
864	0.0806005	2.34897e-05	0.080577	0	1.11483e+07	3249	1.1145e+07	0	
865	0.0393935	4.88736e-06	0.0393886	0	5.44875e+06	676	5.44807e+06	0	
866	0.0855073	2.26727e-05	0.0854692	1.5186e-05	1.1827e+07	3136	1.18217e+07	2100.47	
867	0.0790273	2.03085e-05	0.079007	0	1.09307e+07	2809	1.09279e+07	0	
868	0.0564945	9.36986e-06	0.0564809	4.07327e-06	7.81409e+06	1296	7.81221e+06	563.398	
869	0.275979	0.000269304	0.27571	0	3.81723e+07	37249	3.8135e+07	0	
870	0.0287117	2.89193e-06	0.0287084	2.60546e-07	3.97129e+06	400	3.97083e+06	36.0376	
871	0.0663823	1.52983e-05	0.0663668	4.07945e-08	9.18172e+06	2116	9.17958e+06	5.64253	
872	0.0186798	1.22184e-06	0.0186786	0	2.58371e+06	169	2.58354e+06	0	
873	0.0198861	1.22184e-06	0.0198848	0	2.75057e+06	169	2.75038e+06	0	
874	0.0588674	1.33679e-05	0.058854	0	8.14229e+06	1849	8.14044e+06	0	
875	0.371265	0.000466439	0.370798	8.36949e-07	5.13519e+07	64516	5.12872e+07	115.763	
876	0.0630757	1.39969e-05	0.0630382	2.32816e-05	8.72436e+06	1936	8.71918e+06	3220.21	
877	0.0273939	2.08942e-06	0.0273821	9.50684e-06	3.78901e+06	289	3.78738e+06	1314.94	
878	0.0199271	1.22184e-06	0.0199259	0	2.75624e+06	169	2.75607e+06	0	
879	0.108935	4.62709e-05	0.108889	0	1.50674e+07	6400	1.5061e+07	0	
880	0.042574	6.94786e-06	0.0425671	0	5.88867e+06	961	5.8877e+06	0	
881	0.0158233	8.74809e-07	0.0158217	5.41682e-07	2.18861e+06	121	2.18839e+06	74.9232	
882	0.0462847	7.40334e-06	0.0462772	0	6.40191e+06	1024	6.40087e+06	0	
883	0.0328528	3.49923e-06	0.0328493	0	4.54407e+06	484	4.54358e+06	0	
884	0.0540096	9.36986e-06	0.0540002	0	7.47038e+06	1296	7.46909e+06	0	
885	0.10695	4.06678e-05	0.106909	0	1.47929e+07	5625	1.47872e+07	0	
886	0.0168459	8.35768e-06	0.0168375	0	2.33005e+06	1156	2.32889e+06	0	
887	0.0251888	2.08942e-06	0.0251867	0	3.48401e+06	289	3.48372e+06	0	
888	0.170607	0.00010938	0.170496	1.29544e-06	2.35976e+07	15129	2.35823e+07	179.18	
889	0.0615613	1.39969e-05	0.0615474	0	8.51491e+06	1936	8.51297e+06	0	
890	0.0288525	3.49923e-06	0.028849	0	3.99076e+06	484	3.99027e+06	0	
891	0.0383063	6.08028e-06	0.0383002	0	5.29837e+06	841	5.29753e+06	0	
892	0.0687812	1.46404e-05	0.0687615	4.83428e-06	9.51353e+06	2025	9.51081e+06	668.657	
893	0.258075	0.00021889	0.257856	0	3.56958e+07	30276	3.56655e+07	0	
894	0.103946	3.64455e-05	0.103909	0	1.43774e+07	5041	1.43723e+07	0	
895	0.27365	0.000250123	0.273399	3.33679e-07	3.78501e+07	34596	3.78154e+07	46.1531	
896	0.0216376	1.62671e-06	0.021636	0	2.99282e+06	225	2.9926e+06	0	
897	0.0492434	8.35768e-06	0.049235	0	6.81115e+06	1156	6.80999e+06	0	
898	0.0730812	1.80745e-05	0.0730549	8.07715e-06	1.01082e+07	2500	1.01046e+07	1117.19	
899	0.0152902	8.74809e-07	0.0152893	0	2.11488e+06	121	2.11476e+06	0	
900	0.0649363	1.52983e-05	0.064921	0	8.98172e+06	2116	8.9796e+06	0	
901	2.38077	0.0219393	2.35883	0	3.29298e+08	3.03456e+06	3.26263e+08	0	
902	0.140337	7.08595e-05	0.140267	0	1.94109e+07	9801	1.94011e+07	0	
903	0.016022	1.04109e-06	0.016021	0	2.2161e+06	144	2.21595e+06	0	
904	0.0226112	1.85083e-06	0.0226094	0	3.12749e+06	256	3.12724e+06	0	
905	0.0537892	9.89763e-06	0.0537793	0	7.4399e+06	1369	7.43853e+06	0	
906	0.132069	6.38827e-05	0.132006	0	1.82673e+07	8836	1.82585e+07	0	
907	0.016234	1.04109e-06	0.0162329	0	2.24542e+06	144	2.24528e+06	0	
908	0.0676842	1.59706e-05	0.0676683	0	9.3618e+06	2209	9.35959e+06	0	
909	0.0347499	3.82458e-06	0.034745	8.65385e-07	4.80646e+06	529	4.80579e+06	119.696	
910	0.173184	0.000111165	0.173072	0	2.39541e+07	15376	2.39387e+07	0	
911	0.0547279	8.85654e-06	0.054719	0	7.56973e+06	1225	7.56851e+06	0	
912	0.0717013	1.52983e-05	0.071686	0	9.91742e+06	2116	9.9153e+06	0	
913	0.0167771	1.04109e-06	0.0167761	0	2.32054e+06	144	2.3204e+06	0	
914	0.0307682	3.18835e-06	0.030765	0	4.25573e+06	441	4.25528e+06	0	
915	0.162425	8.58976e-05	0.162334	4.80536e-06	2.24659e+07	11881	2.24533e+07	664.657	
916	0.0238335	2.08942e-06	0.0238315	0	3.29656e+06	289	3.29627e+06	0	
917	0.0955691	3.34307e-05	0.0955356	0	1.32187e+07	4624	1.3214e+07	0	
918	0.0481438	7.40334e-06	0.0481359	2.73193e-07	6.65905e+06	1024	6.65796e+06	37.7869	
919	0.0693726	1.46404e-05	0.0693267	3.10226e-05	9.59532e+06	2025	9.58898e+06	4290.92	
920	0.0107452	1.85083e-06	0.0107434	0	1.48624e+06	256	1.48598e+06	0	
921	0.0261688	2.34246e-06	0.0261663	0	3.61956e+06	324	3.61921e+06	0	
922	0.0164204	1.04109e-06	0.0164174	1.77749e-06	2.2712e+06	144	2.27078e+06	245.855	
923	0.0187021	1.04109e-06	0.0187011	0	2.5868e+06	144	2.58666e+06	0	
924	0.0886766	2.86951e-05	0.0886479	0	1.22653e+07	3969	1.22614e+07	0	
925	0.0469022	7.87328e-06	0.0468942	0	6.48732e+06	1089	6.48622e+06	0	
926	0.0221119	1.62671e-06	0.0221097	3.72764e-07	3.05842e+06	225	3.05812e+06	51.5592	
927	0.0242345	2.08942e-06	0.0242324	0	3.35202e+06	289	3.35173e+06	0	
928	0.0251611	2.08942e-06	0.0251578	9.68422e-07	3.48017e+06	289	3.47973e+06	133.948	
929	0.147233	7.67012e-05	0.147157	0	2.03647e+07	10609	2.03541e+07	0	
930	0.445293	0.000650684	0.444631	1.12272e-05	6.1591e+07	90000	6.14994e+07	1552.9	
931	0.0712733	1.88047e-05	0.0712545	0	9.85823e+06	2601	9.85563e+06	0	
932	5.69862	0.118353	5.58026	6.59611e-06	7.88209e+08	1.63701e+07	7.71838e+08	912.347	
933	0.0737128	1.88047e-05	0.0736927	1.10411e-06	1.01956e+07	2601	1.01928e+07	152.716	
934	0.0255355	2.34246e-06	0.0255331	0	3.53196e+06	324	3.53164e+06	0	
935	0.244247	0.000223951	0.244023	0	3.37832e+07	30976	3.37522e+07	0	
936	0.0204572	2.08942e-06	0.0204551	0	2.82955e+06	289	2.82926e+06	0	
937	0.034627	4.51864e-06	0.0346225	0	4.78946e+06	625	4.78884e+06	0	
938	0.01906	1.22184e-06	0.0190588	0	2.63631e+06	169	2.63614e+06	0	
939	0.118775	4.74349e-05	0.118727	1.90157e-08	1.64285e+07	6561	1.64219e+07	2.63017	
940	0.0441772	6.08028e-06	0.0441711	0	6.1104e+06	841	6.10956e+06	0	
941	0.0145895	1.04109e-06	0.0145884	0	2.01795e+06	144	2.01781e+06	0	
942	0.0300707	3.18835e-06	0.030064	3.33867e-06	4.15925e+06	441	4.15833e+06	461.79	
943	0.0389123	5.27054e-06	0.038907	0	5.38219e+06	729	5.38146e+06	0	
944	0.0181203	1.22184e-06	0.0181191	0	2.50632e+06	169	2.50616e+06	0	
945	0.0628589	1.52983e-05	0.0628436	0	8.69438e+06	2116	8.69227e+06	0	
946	0.0535525	8.85654e-06	0.0535437	0	7.40716e+06	1225	7.40594e+06	0	
947	0.0286698	3.18835e-06	0.0286666	0	3.96548e+06	441	3.96504e+06	0	
948	0.0930825	2.69022e-05	0.0930556	0	1.28747e+07	3721	1.2871e+07	0	
949	0.0272986	2.89193e-06	0.0272957	0	3.77583e+06	400	3.77543e+06	0	
950	0.0240965	2.60996e-06	0.0240939	0	3.33293e+06	361	3.33257e+06	0	
951	0.0233384	1.62671e-06	0.0233153	2.12887e-05	3.22807e+06	225	3.22488e+06	2944.57	
952	0.0321616	4.16438e-06	0.0321574	0	4.44846e+06	576	4.44788e+06	0	
953	0.072269	1.73588e-05	0.0722467	4.70839e-06	9.99594e+06	2401	9.99287e+06	651.245	
954	0.136885	6.11932e-05	0.136822	1.70344e-06	1.89334e+07	8464	1.89247e+07	235.613	
955	0.0316066	3.18835e-06	0.0316032	3.60125e-08	4.37169e+06	441	4.37122e+06	4.9811	
956	0.0575644	1.04398e-05	0.0575208	3.29888e-05	7.96207e+06	1444	7.95604e+06	4562.87	
957	0.0234155	1.62671e-06	0.0233281	8.56156e-05	3.23874e+06	225	3.22665e+06	11842	
958	0.0188093	1.22184e-06	0.018808	0	2.60162e+06	169	2.60144e+06	0	
959	0.0505713	9.36986e-06	0.0505619	0	6.99481e+06	1296	6.99351e+06	0	
960	0.0443983	8.35768e-06	0.0443899	0	6.14099e+06	1156	6.13983e+06	0	
961	0.0325306	3.49923e-06	0.0325271	0	4.4995e+06	484	4.49902e+06	0	
962	0.0309218	3.18835e-06	0.0309186	0	4.27698e+06	441	4.27654e+06	0	
963	0.375367	0.000462774	0.374898	5.63181e-06	5.19192e+07	64009	5.18544e+07	778.969	
964	0.0226433	1.62671e-06	0.0226413	1.24643e-07	3.13192e+06	225	3.13166e+06	17.2401	
965	0.0285502	3.18835e-06	0.0285468	0	3.94895e+06	441	3.94848e+06	0	
966	0.0198459	1.41704e-06	0.0198445	0	2.74501e+06	196	2.74481e+06	0	
967	0.0324958	4.51864e-06	0.0324913	0	4.49468e+06	625	4.49406e+06	0	
968	0.363122	0.000527047	0.362594	0	5.02255e+07	72899	5.01526e+07	0	
969	0.0253908	2.60996e-06	0.0253872	8.20146e-07	3.51195e+06	361	3.51145e+06	113.439	
970	0.0368482	4.51864e-06	0.0368436	0	5.0967e+06	625	5.09605e+06	0	
971	0.0183942	1.22184e-06	0.018393	0	2.54422e+06	169	2.54405e+06	0	
972	0.0482805	9.36986e-06	0.0482711	0	6.67796e+06	1296	6.67666e+06	0	
973	0.0312289	3.82458e-06	0.031225	0	4.31945e+06	529	4.31891e+06	0	
974	0.0258921	2.89193e-06	0.0258892	0	3.58129e+06	400	3.58089e+06	0	
975	0.0382401	5.66818e-06	0.0382343	0	5.28921e+06	784	5.28841e+06	0	
976	0.0754635	2.26727e-05	0.0754408	0	1.04377e+07	3136	1.04346e+07	0	
977	0.223679	0.000185083	0.223494	0	3.09384e+07	25600	3.09128e+07	0	
978	0.0652692	1.73588e-05	0.0652518	0	9.02776e+06	2401	9.02536e+06	0	
979	0.618639	0.00129362	0.617341	4.08435e-06	8.55676e+07	178929	8.53881e+07	564.93	
980	0.0707753	1.73588e-05	0.070743	1.47764e-05	9.78934e+06	2401	9.78487e+06	2043.81	
981	0.0262775	2.34246e-06	0.0262733	1.6393e-06	3.6346e+06	324	3.63402e+06	226.741	
982	0.0154616	8.74809e-07	0.0154545	6.03661e-06	2.13859e+06	121	2.13761e+06	834.958	
983	0.0189393	1.22184e-06	0.018938	0	2.6196e+06	169	2.61943e+06	0	
984	0.130082	0.00106608	0.129016	0	1.79924e+07	147456	1.78449e+07	0	
985	0.0177223	1.04109e-06	0.0177076	1.34513e-05	2.45128e+06	144	2.44925e+06	1860.53	
986	0.0161372	8.74809e-07	0.0161244	1.16867e-05	2.23203e+06	121	2.23027e+06	1616.45	
987	0.0490605	8.35768e-06	0.0490521	0	6.78584e+06	1156	6.78469e+06	0	
988	0.0481491	7.87328e-06	0.0481412	0	6.65978e+06	1089	6.65869e+06	0	
989	0.0226639	7.87328e-06	0.0226561	0	3.13478e+06	1089	3.1337e+06	0	
990	0.0810979	2.26727e-05	0.0810752	0	1.12171e+07	3136	1.12139e+07	0	
991	0.0265186	2.34246e-06	0.0264911	2.49539e-05	3.66794e+06	324	3.66415e+06	3451.53	
992	0.0176442	1.04109e-06	0.0176101	3.28872e-05	2.44047e+06	144	2.43576e+06	4548.82	
993	0.126849	5.59878e-05	0.126793	0	1.75452e+07	7744	1.75374e+07	0	
994	0.0377807	4.88736e-06	0.0377754	3.17818e-07	5.22568e+06	676	5.22493e+06	43.9592	
995	0.735243	0.00347211	0.731769	1.90869e-06	1.01695e+08	480249	1.01215e+08	264.003	
996	0.0288609	3.0546e-05	0.0288303	0	3.99191e+06	4225	3.98769e+06	0	
997	1.64081	0.0174594	1.62335	4.39367e-07	2.2695e+08	2.41491e+06	2.24535e+08	60.7714	
998	0.0266342	4.51864e-06	0.0266296	0	3.68394e+06	625	3.68329e+06	0	
999	0.0822788	4.51213e-05	0.0822336	0	1.13804e+07	6241	1.13742e+07	0	
1000	0.0532787	1.88047e-05	0.0532571	2.66205e-06	7.36929e+06	2601	7.3663e+06	368.204	
1001	0.0223382	9.89763e-06	0.0223283	0	3.08972e+06	1369	3.08835e+06	0	
1002	0.00937076	3.18835e-06	0.00936757	0	1.29612e+06	441	1.29568e+06	0	
1003	0.00194723	1.04109e-06	0.00194618	0	269332	144	269188	0	
1004	0.00512601	8.74809e-07	0.00512513	0	709008	121	708887	0	
1005	0.0115286	3.49923e-06	0.0115251	0	1.59459e+06	484	1.5941e+06	0	
1006	0.00871133	1.22184e-06	0.00871011	0	1.20491e+06	169	1.20474e+06	0	
1007	0.0141112	7.87328e-06	0.0141033	0	1.9518e+06	1089	1.95071e+06	0	
1008	0.132924	0.000286308	0.132638	0	1.83855e+07	39601	1.83459e+07	0	
1009	0.00622493	1.41704e-06	0.00622351	0	861006	196	860810	0	
1010	0.0133064	7.40334e-06	0.013299	0	1.84049e+06	1024	1.83947e+06	0	
1011	0.00163619	8.74809e-07	0.00163531	0	226311	121	226190	0	
1012	0.00539814	4.88736e-06	0.00539325	0	746648	676	745972	0	
1013	0.00480852	8.74809e-07	0.00480765	0	665095	121	664974	0	
1014	0.018337	8.35768e-06	0.0183287	0	2.5363e+06	1156	2.53515e+06	0	
1015	0.00166831	1.04109e-06	0.00166727	0	230754	144	230610	0	
1016	0.00825257	2.89193e-06	0.00824968	0	1.14146e+06	400	1.14106e+06	0	
1017	0.00546593	1.09965e-05	0.00545493	0	756024	1521	754503	0	
1018	0.0052828	1.04109e-06	0.00528176	0	730695	144	730551	0	
1019	0.00952422	1.41704e-06	0.0095228	0	1.31735e+06	196	1.31715e+06	0	
1020	0.00784455	3.18835e-06	0.00784136	0	1.08502e+06	441	1.08458e+06	0	
1021	0.0140312	8.85654e-06	0.0140224	0	1.94074e+06	1225	1.93952e+06	0	
1022	0.00511129	8.74809e-07	0.00511042	0	706973	121	706852	0	
1023	0.0256655	1.04398e-05	0.0256551	0	3.54995e+06	1444	3.54851e+06	0	
1024	0.00465388	1.04109e-06	0.00465284	0	643705	144	643561	0	
1025	0.00978344	8.35768e-06	0.00977508	0	1.3532e+06	1156	1.35204e+06	0	
1026	0.00728716	8.74809e-07	0.00728628	0	1.00792e+06	121	1.0078e+06	0	
1027	0.0293968	1.39969e-05	0.0293828	0	4.06604e+06	1936	4.0641e+06	0	
1028	0.0190577	5.66818e-06	0.019052	0	2.63599e+06	784	2.6352e+06	0	
1029	0.0160979	3.82458e-06	0.0160941	0	2.2266e+06	529	2.22607e+06	0	
1030	0.0318979	5.72674e-05	0.0318406	0	4.41198e+06	7921	4.40406e+06	0	
1031	0.00718774	8.74809e-07	0.00718686	0	994178	121	994057	0	
1032	0.00328729	5.27054e-06	0.00328202	0	454684	729	453955	0	
1033	0.00371677	1.04109e-06	0.00371573	0	514089	144	513945	0	
1034	0.00643675	2.60996e-06	0.00643414	0	890304	361	889943	0	
1035	0.0521394	4.98063e-05	0.0520895	0	7.2117e+06	6889	7.20481e+06	0	
1036	0.0124447	2.77914e-05	0.0124169	0	1.7213e+06	3844	1.71746e+06	0	
1037	0.0212942	3.34307e-05	0.0212608	0	2.94533e+06	4624	2.9407e+06	0	
1038	0.00465051	2.34246e-06	0.00464816	0	643239	324	642915	0	
1039	0.00740437	3.49923e-06	0.00740087	0	1.02414e+06	484	1.02365e+06	0	
1040	0.00325885	8.74809e-07	0.00325797	0	450751	121	450630	0	
1041	0.00438892	2.08942e-06	0.00438683	0	607057	289	606768	0	
1042	0.00502271	2.08942e-06	0.00502062	0	694721	289	694432	0	
1043	0.0175967	5.66818e-06	0.0175911	0	2.43391e+06	784	2.43312e+06	0	
1044	0.00816933	1.04109e-06	0.00816829	0	1.12994e+06	144	1.1298e+06	0	
1045	0.0114967	9.89763e-06	0.0114868	0	1.59018e+06	1369	1.58881e+06	0	
1046	0.00162024	8.74809e-07	0.00161936	0	224105	121	223984	0	
1047	0.00367919	1.62671e-06	0.00367757	0	508891	225	508666	0	
1048	0.00842572	4.51864e-06	0.0084212	0	1.16541e+06	625	1.16478e+06	0	
1049	0.00667788	3.18835e-06	0.00667469	0	923657	441	923216	0	
1050	3.25476	0.142526	3.11223	0	4.50185e+08	1.97136e+07	4.30471e+08	0	
1051	0.0047232	3.49923e-06	0.0047197	0	653293	484	652809	0	
1052	0.0120828	1.15677e-05	0.0120712	0	1.67124e+06	1600	1.66964e+06	0	
1053	0.0078827	1.22184e-06	0.00788147	0	1.0903e+06	169	1.09013e+06	0	
1054	0.00470883	1.62671e-06	0.0047072	0	651306	225	651081	0	
1055	0.00465993	2.60996e-06	0.00465732	0	644542	361	644181	0	
1056	0.00558335	2.89193e-06	0.00558046	0	772266	400	771866	0	
1057	0.00478875	3.18835e-06	0.00478556	0	662360	441	661919	0	
1058	0.00327427	1.04109e-06	0.00327323	0	452884	144	452740	0	
1059	0.0085694	5.66818e-06	0.00856373	0	1.18528e+06	784	1.18449e+06	0	
1060	0.00857104	1.04109e-06	0.00857	0	1.18551e+06	144	1.18536e+06	0	
1061	0.0027311	2.89193e-06	0.00272821	0	377754	400	377354	0	
1062	0.00467729	1.41704e-06	0.00467587	0	646943	196	646747	0	
1063	0.00289819	1.22184e-06	0.00289697	0	400866	169	400697	0	
1064	0.00298046	1.41704e-06	0.00297905	0	412245	196	412049	0	
1065	0.0120665	2.08942e-06	0.0120644	0	1.66899e+06	289	1.66871e+06	0	
1066	0.00765438	1.66575e-05	0.00763772	0	1.05872e+06	2304	1.05641e+06	0	
1067	0.00938508	1.22184e-06	0.00938386	0	1.2981e+06	169	1.29793e+06	0	
1068	0.00615898	1.21533e-05	0.00614683	0	851884	1681	850203	0	
1069	0.00360353	1.04109e-06	0.00360248	0	498425	144	498281	0	
1070	0.00292163	2.89193e-06	0.00291874	0	404108	400	403708	0	
1071	0.0248626	2.69022e-05	0.0248357	0	3.43889e+06	3721	3.43517e+06	0	
1072	0.0135952	2.60996e-06	0.0135926	0	1.88043e+06	361	1.88007e+06	0	
1073	0.00737934	1.39969e-05	0.00736534	0	1.02067e+06	1936	1.01874e+06	0	
1074	0.00286753	1.04109e-06	0.00286649	0	396625	144	396481	0	
1075	0.00929716	1.62671e-06	0.00929554	0	1.28594e+06	225	1.28572e+06	0	
1076	0.0102508	2.08942e-06	0.0102487	0	1.41784e+06	289	1.41756e+06	0	
1077	0.00795296	8.74809e-07	0.00795209	0	1.10002e+06	121	1.0999e+06	0	
1078	0.00605813	1.41704e-06	0.00605671	0	837935	196	837739	0	
1079	0.0138638	2.89193e-06	0.0138609	0	1.91759e+06	400	1.91719e+06	0	
1080	0.00820307	1.04109e-06	0.00820203	0	1.13461e+06	144	1.13447e+06	0	
1081	0.00645023	1.41704e-06	0.00644881	0	892169	196	891973	0	
1082	0.00807372	8.74809e-07	0.00807284	0	1.11672e+06	121	1.1166e+06	0	
1083	0.0068466	1.41704e-06	0.00684518	0	946993	196	946797	0	
1084	0.00808862	8.74809e-07	0.00808775	0	1.11878e+06	121	1.11866e+06	0	
1085	0.0154234	3.18835e-06	0.0154203	0	2.13331e+06	441	2.13287e+06	0	
1086	0.0132196	2.34246e-06	0.0132173	0	1.82849e+06	324	1.82816e+06	0	
1087	0.00595485	1.04109e-06	0.00595381	0	823650	144	823506	0	
1088	0.0220357	6.50684e-06	0.0220291	0	3.04788e+06	900	3.04698e+06	0	
1089	0.0095645	1.22184e-06	0.00956328	0	1.32292e+06	169	1.32275e+06	0	
1090	0.0199187	5.27054e-06	0.0199135	0	2.75508e+06	729	2.75435e+06	0	
1091	0.0124105	2.34246e-06	0.0124081	0	1.71657e+06	324	1.71625e+06	0	
1092	0.079431	8.27743e-05	0.0793482	0	1.09865e+07	11449	1.09751e+07	0	
1093	0.00619108	1.22184e-06	0.00618986	0	856324	169	856155	0	
1094	0.00679177	1.04109e-06	0.00679073	0	939410	144	939266	0	
1095	0.00645359	1.04109e-06	0.00645255	0	892634	144	892489	0	
1096	0.0237521	7.40334e-06	0.0237447	0	3.28529e+06	1024	3.28426e+06	0	
1097	0.0133867	2.34246e-06	0.0133844	0	1.85159e+06	324	1.85127e+06	0	
1098	0.0083882	1.85083e-06	0.00838635	0	1.16022e+06	256	1.15996e+06	0	
1099	0.00903708	1.41704e-06	0.00903566	0	1.24997e+06	196	1.24977e+06	0	
1100	0.0276673	9.89763e-06	0.0276574	0	3.82683e+06	1369	3.82546e+06	0	
1101	0.0166112	5.66818e-06	0.0166056	0	2.2976e+06	784	2.29681e+06	0	
1102	0.00718801	1.04109e-06	0.00718697	0	994216	144	994072	0	
1103	0.0080324	8.74809e-07	0.00803152	0	1.111e+06	121	1.11088e+06	0	
1104	0.0200773	5.27054e-06	0.0200721	0	2.77701e+06	729	2.77629e+06	0	
1105	0.0126959	2.08942e-06	0.0126938	0	1.75604e+06	289	1.75575e+06	0	
1106	0.00868807	1.85083e-06	0.00868622	0	1.20169e+06	256	1.20144e+06	0	
1107	0.0100877	1.85083e-06	0.0100858	0	1.39529e+06	256	1.39503e+06	0	
1108	0.0113048	1.85083e-06	0.0113029	0	1.56363e+06	256	1.56338e+06	0	
1109	0.0105691	1.85083e-06	0.0105672	0	1.46187e+06	256	1.46162e+06	0	
1110	0.0111943	1.62671e-06	0.0111927	0	1.54835e+06	225	1.54812e+06	0	
1111	0.0164992	3.49923e-06	0.0164957	0	2.2821e+06	484	2.28161e+06	0	
1112	0.00823105	1.04109e-06	0.00823001	0	1.13848e+06	144	1.13834e+06	0	
1113	0.0084209	1.04109e-06	0.00841986	0	1.16474e+06	144	1.1646e+06	0	
1114	0.0127846	2.08942e-06	0.0127825	0	1.76832e+06	289	1.76803e+06	0	
1115	0.0210778	5.66818e-06	0.0210722	0	2.9154e+06	784	2.91462e+06	0	
1116	0.00767808	1.04109e-06	0.00767704	0	1.062e+06	144	1.06185e+06	0	
1117	0.0097644	1.22184e-06	0.00976317	0	1.35057e+06	169	1.3504e+06	0	
1118	0.02621	1.04398e-05	0.0261995	0	3.62525e+06	1444	3.62381e+06	0	
1119	0.0173371	3.82458e-06	0.0173332	0	2.39799e+06	529	2.39746e+06	0	
1120	0.0074414	1.62671e-06	0.00743977	0	1.02926e+06	225	1.02903e+06	0	
1121	0.0105961	1.41704e-06	0.0105947	0	1.46561e+06	196	1.46542e+06	0	
1122	0.0110191	1.85083e-06	0.0110172	0	1.52411e+06	256	1.52386e+06	0	
1123	0.0214507	6.94786e-06	0.0214438	0	2.96698e+06	961	2.96601e+06	0	
1124	0.0162929	3.49923e-06	0.0162894	0	2.25357e+06	484	2.25309e+06	0	
1125	0.0113439	1.62671e-06	0.0113423	0	1.56904e+06	225	1.56882e+06	0	
1126	0.0286285	1.21533e-05	0.0286163	0	3.95977e+06	1681	3.95809e+06	0	
1127	0.0195706	4.88736e-06	0.0195657	0	2.70693e+06	676	2.70625e+06	0	
1128	0.0279054	9.89763e-06	0.0278955	0	3.85975e+06	1369	3.85838e+06	0	
1129	0.00636321	1.04109e-06	0.00636217	0	880133	144	879989	0	
1130	0.0189913	4.51864e-06	0.0189868	0	2.6268e+06	625	2.62617e+06	0	
1131	0.0131364	2.60996e-06	0.0131337	0	1.81697e+06	361	1.81661e+06	0	
1132	0.0106124	1.41704e-06	0.010611	0	1.46786e+06	196	1.46767e+06	0	
1133	0.00895007	1.04109e-06	0.00894903	0	1.23793e+06	144	1.23779e+06	0	
1134	0.0112793	1.62671e-06	0.0112776	0	1.5601e+06	225	1.55988e+06	0	
1135	0.0152517	2.89193e-06	0.0152488	0	2.10955e+06	400	2.10915e+06	0	
1136	0.0210625	6.08028e-06	0.0210564	0	2.91328e+06	841	2.91244e+06	0	
1137	0.0071945	1.41704e-06	0.00719309	0	995114	196	994918	0	
1138	0.0143197	2.60996e-06	0.0143171	0	1.98065e+06	361	1.98029e+06	0	
1139	0.0106873	1.41704e-06	0.0106858	0	1.47822e+06	196	1.47802e+06	0	
1140	0.00960107	1.22184e-06	0.00959985	0	1.32798e+06	169	1.32781e+06	0	
1141	0.0110887	1.85083e-06	0.0110869	0	1.53375e+06	256	1.53349e+06	0	
1142	0.0072934	1.22184e-06	0.00729218	0	1.00879e+06	169	1.00862e+06	0	
1143	0.0825256	9.56145e-05	0.08243	0	1.14146e+07	13225	1.14013e+07	0	
1144	0.00805497	8.74809e-07	0.00805409	0	1.11413e+06	121	1.114e+06	0	
1145	0.00910428	1.04109e-06	0.00910324	0	1.25926e+06	144	1.25912e+06	0	
1146	0.0357097	1.59706e-05	0.0356937	0	4.93922e+06	2209	4.93701e+06	0	
1147	0.00912505	1.04109e-06	0.00912401	0	1.26213e+06	144	1.26199e+06	0	
1148	0.00907622	1.22184e-06	0.009075	0	1.25538e+06	169	1.25521e+06	0	
1149	0.00656299	1.04109e-06	0.00656195	0	907766	144	907622	0	
1150	0.0361717	1.88047e-05	0.0361528	0	5.00311e+06	2601	5.00051e+06	0	
1151	0.0305869	1.21533e-05	0.0305747	0	4.23065e+06	1681	4.22897e+06	0	
1152	0.0278441	1.21533e-05	0.027832	0	3.85128e+06	1681	3.8496e+06	0	
1153	0.0129743	2.60996e-06	0.0129717	0	1.79456e+06	361	1.7942e+06	0	
1154	0.0108825	1.62671e-06	0.0108809	0	1.50523e+06	225	1.505e+06	0	
1155	0.023591	6.94786e-06	0.023584	0	3.26301e+06	961	3.26205e+06	0	
1156	0.0150698	2.89193e-06	0.0150669	0	2.0844e+06	400	2.084e+06	0	
1157	0.0101761	2.34246e-06	0.0101738	0	1.40752e+06	324	1.4072e+06	0	
1158	0.0118779	1.85083e-06	0.011876	0	1.6429e+06	256	1.64265e+06	0	
1159	0.00845942	8.74809e-07	0.00845854	0	1.17007e+06	121	1.16995e+06	0	
1160	0.0306953	1.21533e-05	0.0306831	0	4.24564e+06	1681	4.24396e+06	0	
1161	0.00893632	1.04109e-06	0.00893528	0	1.23603e+06	144	1.23589e+06	0	
1162	0.00898488	1.04109e-06	0.00898384	0	1.24275e+06	144	1.2426e+06	0	
1163	0.0122108	1.85083e-06	0.012209	0	1.68895e+06	256	1.6887e+06	0	
1164	0.00909752	1.04109e-06	0.00909648	0	1.25833e+06	144	1.25818e+06	0	
1165	0.0107078	1.41704e-06	0.0107064	0	1.48107e+06	196	1.48087e+06	0	
1166	0.0131695	2.08942e-06	0.0131675	0	1.82156e+06	289	1.82127e+06	0	
1167	0.00798059	8.74809e-07	0.00797972	0	1.10384e+06	121	1.10372e+06	0	
1168	0.0254853	7.87328e-06	0.0254774	0	3.52502e+06	1089	3.52393e+06	0	
1169	0.0122393	2.08942e-06	0.0122372	0	1.69289e+06	289	1.6926e+06	0	
1170	0.0105449	1.41704e-06	0.0105434	0	1.45852e+06	196	1.45833e+06	0	
1171	0.0132398	2.08942e-06	0.0132377	0	1.83127e+06	289	1.83099e+06	0	
1172	0.01181	1.85083e-06	0.0118082	0	1.63352e+06	256	1.63326e+06	0	
1173	0.0712532	6.11932e-05	0.071192	0	9.85545e+06	8464	9.84699e+06	0	
1174	0.00890451	1.04109e-06	0.00890347	0	1.23163e+06	144	1.23149e+06	0	
1175	0.0120375	1.85083e-06	0.0120357	0	1.66498e+06	256	1.66473e+06	0	
1176	0.00857738	8.74809e-07	0.0085765	0	1.18638e+06	121	1.18626e+06	0	
1177	0.00939221	1.04109e-06	0.00939117	0	1.29909e+06	144	1.29894e+06	0	
1178	0.0235575	7.40334e-06	0.0235501	0	3.25838e+06	1024	3.25735e+06	0	
1179	0.0144978	2.89193e-06	0.0144949	0	2.00528e+06	400	2.00488e+06	0	
1180	0.00991537	1.22184e-06	0.00991415	0	1.37145e+06	169	1.37128e+06	0	
1181	0.00932146	1.04109e-06	0.00932042	0	1.2893e+06	144	1.28916e+06	0	
1182	0.0109042	1.62671e-06	0.0109025	0	1.50822e+06	225	1.50799e+06	0	
1183	0.0257597	7.87328e-06	0.0257518	0	3.56297e+06	1089	3.56188e+06	0	
1184	0.0117543	1.62671e-06	0.0117527	0	1.62581e+06	225	1.62558e+06	0	
1185	0.0214536	5.66818e-06	0.0214479	0	2.96738e+06	784	2.96659e+06	0	
1186	0.00944341	1.22184e-06	0.00944219	0	1.30617e+06	169	1.306e+06	0	
1187	0.0502966	5.59878e-05	0.0502406	0	6.95682e+06	7744	6.94908e+06	0	
1188	0.0211885	5.27054e-06	0.0211833	0	2.93071e+06	729	2.92998e+06	0	
1189	0.0132856	2.08942e-06	0.0132835	0	1.83761e+06	289	1.83732e+06	0	
1190	0.00947637	2.08942e-06	0.00947428	0	1.31073e+06	289	1.31044e+06	0	
1191	0.0157747	2.89193e-06	0.0157718	0	2.1819e+06	400	2.1815e+06	0	
1192	0.0517228	3.0546e-05	0.0516922	0	7.15408e+06	4225	7.14985e+06	0	
1193	0.0102619	1.22184e-06	0.0102607	0	1.41939e+06	169	1.41922e+06	0	
1194	0.023139	6.08028e-06	0.023133	0	3.2005e+06	841	3.19966e+06	0	
1195	0.0174911	3.82458e-06	0.0174873	0	2.4193e+06	529	2.41877e+06	0	
1196	0.00866186	8.74809e-07	0.00866099	0	1.19807e+06	121	1.19795e+06	0	
1197	0.0135348	2.34246e-06	0.0135324	0	1.87207e+06	324	1.87175e+06	0	
1198	0.0341157	1.46404e-05	0.034101	0	4.71874e+06	2025	4.71671e+06	0	
1199	0.00890655	8.74809e-07	0.00890568	0	1.23191e+06	121	1.23179e+06	0	
1200	0.0133732	2.08942e-06	0.0133711	0	1.84973e+06	289	1.84944e+06	0	
1201	0.012322	1.85083e-06	0.0123202	0	1.70433e+06	256	1.70408e+06	0	
1202	0.0399081	1.95494e-05	0.0398886	0	5.51993e+06	2704	5.51722e+06	0	
1203	0.0127954	1.85083e-06	0.0127936	0	1.76981e+06	256	1.76956e+06	0	
1204	0.0143446	2.60996e-06	0.014342	0	1.98408e+06	361	1.98372e+06	0	
1205	0.00988801	1.22184e-06	0.00988679	0	1.36766e+06	169	1.36749e+06	0	
1206	0.0100811	1.22184e-06	0.0100798	0	1.39437e+06	169	1.3942e+06	0	
1207	0.00950725	2.08942e-06	0.00950516	0	1.315e+06	289	1.31471e+06	0	
1208	0.0116709	1.62671e-06	0.0116693	0	1.61428e+06	225	1.61405e+06	0	
1209	0.0233136	6.08028e-06	0.0233075	0	3.22464e+06	841	3.2238e+06	0	
1210	0.0106886	1.62671e-06	0.0106869	0	1.4784e+06	225	1.47817e+06	0	
1211	0.0122016	7.40334e-06	0.0121942	0	1.68767e+06	1024	1.68665e+06	0	
1212	0.00362223	3.18835e-06	0.00361904	0	501012	441	500571	0	
1213	0.0179205	4.16438e-06	0.0179163	0	2.47868e+06	576	2.47811e+06	0	
1214	0.0472943	2.96133e-05	0.0472647	0	6.54155e+06	4096	6.53746e+06	0	
1215	0.186562	0.000473814	0.186088	0	2.58045e+07	65536	2.57389e+07	0	
1216	0.0589024	4.51213e-05	0.0588573	0	8.14713e+06	6241	8.14089e+06	0	
1217	0.0161646	3.49923e-06	0.0161611	0	2.23583e+06	484	2.23534e+06	0	
1218	0.00816998	8.74809e-07	0.0081691	0	1.13003e+06	121	1.12991e+06	0	
1219	0.0119218	1.85083e-06	0.0119199	0	1.64897e+06	256	1.64871e+06	0	
1220	0.013785	2.08942e-06	0.0137829	0	1.90668e+06	289	1.90639e+06	0	
1221	0.0101815	1.22184e-06	0.0101803	0	1.40827e+06	169	1.4081e+06	0	
1222	0.0159695	3.49923e-06	0.015966	0	2.20883e+06	484	2.20835e+06	0	
1223	0.0181837	4.51864e-06	0.0181792	0	2.5151e+06	625	2.51448e+06	0	
1224	0.0364767	1.80745e-05	0.0364586	0	5.0453e+06	2500	5.0428e+06	0	
1225	0.0319666	1.33679e-05	0.0319532	0	4.42148e+06	1849	4.41963e+06	0	
1226	0.108337	0.000154111	0.108183	0	1.49848e+07	21316	1.49635e+07	0	
1227	0.0201293	5.27054e-06	0.020124	0	2.7842e+06	729	2.78347e+06	0	
1228	0.00768137	8.74809e-07	0.00768049	0	1.06245e+06	121	1.06233e+06	0	
1229	0.0089378	1.04109e-06	0.00893676	0	1.23623e+06	144	1.23609e+06	0	
1230	0.00634259	8.74809e-07	0.00634171	0	877280	121	877159	0	
1231	0.0134359	2.34246e-06	0.0134336	0	1.85841e+06	324	1.85808e+06	0	
1232	0.00975701	1.22184e-06	0.00975579	0	1.34954e+06	169	1.34938e+06	0	
1233	0.00975592	1.22184e-06	0.0097547	0	1.34939e+06	169	1.34922e+06	0	
1234	0.0937744	0.000111165	0.0936633	0	1.29704e+07	15376	1.29551e+07	0	
1235	0.0200134	5.27054e-06	0.0200081	0	2.76817e+06	729	2.76744e+06	0	
1236	0.00967848	1.22184e-06	0.00967726	0	1.33868e+06	169	1.33851e+06	0	
1237	0.00283807	1.62671e-06	0.00283645	0	392551	225	392326	0	
1238	0.273328	0.00109961	0.272228	0	3.78056e+07	152094	3.76535e+07	0	
1239	0.00809712	8.74809e-07	0.00809625	0	1.11996e+06	121	1.11984e+06	0	
1240	0.00865681	8.74809e-07	0.00865594	0	1.19737e+06	121	1.19725e+06	0	
1241	0.184407	0.00043752	0.183969	0	2.55064e+07	60516	2.54459e+07	0	
1242	0.00894212	1.04109e-06	0.00894108	0	1.23683e+06	144	1.23669e+06	0	
1243	0.00678532	1.04109e-06	0.00678428	0	938518	144	938374	0	
1244	0.00904223	1.04109e-06	0.00904119	0	1.25068e+06	144	1.25054e+06	0	
1245	0.0121983	1.85083e-06	0.0121965	0	1.68723e+06	256	1.68697e+06	0	
1246	0.0103345	1.41704e-06	0.0103331	0	1.42943e+06	196	1.42923e+06	0	
1247	0.0090626	1.04109e-06	0.00906156	0	1.2535e+06	144	1.25335e+06	0	
1248	0.00838251	8.74809e-07	0.00838163	0	1.15943e+06	121	1.15931e+06	0	
1249	0.0330266	2.34897e-05	0.0330031	0	4.5681e+06	3249	4.56485e+06	0	
1250	0.0123429	2.08942e-06	0.0123408	0	1.70722e+06	289	1.70693e+06	0	
1251	0.00922349	1.04109e-06	0.00922245	0	1.27575e+06	144	1.27561e+06	0	
1252	0.0310007	1.27534e-05	0.030988	0	4.28789e+06	1764	4.28613e+06	0	
1253	0.0452327	2.5167e-05	0.0452076	0	6.2564e+06	3481	6.25292e+06	0	
1254	0.0238141	7.40334e-06	0.0238067	0	3.29386e+06	1024	3.29284e+06	0	
1255	0.00849304	8.74809e-07	0.00849217	0	1.17472e+06	121	1.1746e+06	0	
1256	0.0102831	1.41704e-06	0.0102817	0	1.42232e+06	196	1.42212e+06	0	
1257	0.0153889	3.49923e-06	0.0153854	0	2.12853e+06	484	2.12804e+06	0	
1258	0.114674	0.000164847	0.11451	0	1.58613e+07	22801	1.58385e+07	0	
1259	0.128353	0.000297934	0.128055	0	1.77532e+07	41209	1.7712e+07	0	
1260	0.0129693	2.34246e-06	0.012967	0	1.79386e+06	324	1.79354e+06	0	
1261	0.0097999	1.22184e-06	0.00979867	0	1.35548e+06	169	1.35531e+06	0	
1262	0.0118378	1.85083e-06	0.011836	0	1.63736e+06	256	1.6371e+06	0	
1263	0.0613333	4.28656e-05	0.0612905	0	8.48337e+06	5929	8.47744e+06	0	
1264	0.0152154	2.89193e-06	0.0152125	0	2.10453e+06	400	2.10413e+06	0	
1265	0.00907473	1.22184e-06	0.00907351	0	1.25517e+06	169	1.25501e+06	0	
1266	0.012253	1.85083e-06	0.0122512	0	1.69479e+06	256	1.69453e+06	0	
1267	0.0104706	1.85083e-06	0.0104688	0	1.44826e+06	256	1.448e+06	0	
1268	0.0439043	2.26727e-05	0.0438816	0	6.07266e+06	3136	6.06953e+06	0	
1269	0.0354707	1.88047e-05	0.0354519	0	4.90616e+06	2601	4.90355e+06	0	
1270	0.0114949	1.62671e-06	0.0114933	0	1.58993e+06	225	1.58971e+06	0	
1271	0.0123855	1.85083e-06	0.0123836	0	1.71311e+06	256	1.71285e+06	0	
1272	0.0124825	2.34246e-06	0.0124802	0	1.72653e+06	324	1.72621e+06	0	
1273	0.0149191	2.89193e-06	0.0149162	0	2.06355e+06	400	2.06315e+06	0	
1274	0.0138272	2.34246e-06	0.0138248	0	1.91252e+06	324	1.9122e+06	0	
1275	0.0096307	1.22184e-06	0.00962948	0	1.33207e+06	169	1.3319e+06	0	
1276	0.0249074	9.36986e-06	0.024898	0	3.44509e+06	1296	3.44379e+06	0	
1277	0.0114979	1.85083e-06	0.011496	0	1.59034e+06	256	1.59009e+06	0	
1278	0.0100396	1.22184e-06	0.0100384	0	1.38863e+06	169	1.38847e+06	0	
1279	0.0969061	0.00010938	0.0967967	0	1.34036e+07	15129	1.33885e+07	0	
1280	0.0247851	9.89763e-06	0.0247752	0	3.42817e+06	1369	3.4268e+06	0	
1281	0.00894341	1.04109e-06	0.00894237	0	1.23701e+06	144	1.23687e+06	0	
1282	0.0914051	0.000127888	0.0912772	0	1.26427e+07	17689	1.2625e+07	0	
1283	0.0226941	7.87328e-06	0.0226863	0	3.13896e+06	1089	3.13787e+06	0	
1284	0.0199209	5.27054e-06	0.0199156	0	2.75537e+06	729	2.75465e+06	0	
1285	0.0154196	2.89193e-06	0.0154167	0	2.13278e+06	400	2.13238e+06	0	
1286	0.00859994	8.74809e-07	0.00859906	0	1.1895e+06	121	1.18938e+06	0	
1287	0.00875901	1.04109e-06	0.00875797	0	1.21151e+06	144	1.21136e+06	0	
1288	0.0081989	1.04109e-06	0.00819786	0	1.13403e+06	144	1.13389e+06	0	
1289	0.0080537	8.74809e-07	0.00805283	0	1.11395e+06	121	1.11383e+06	0	
1290	0.0097274	1.22184e-06	0.00972618	0	1.34545e+06	169	1.34528e+06	0	
1291	0.0083331	3.18835e-06	0.00832991	0	1.15259e+06	441	1.15215e+06	0	
1292	0.409697	0.00203853	0.407658	0	5.66676e+07	281961	5.63856e+07	0	
1293	0.010173	1.62671e-06	0.0101714	0	1.40709e+06	225	1.40686e+06	0	
1294	0.00949713	1.22184e-06	0.00949591	0	1.3136e+06	169	1.31343e+06	0	
1295	0.0209095	5.66818e-06	0.0209039	0	2.89212e+06	784	2.89134e+06	0	
1296	0.011378	2.08942e-06	0.0113759	0	1.57376e+06	289	1.57347e+06	0	
1297	0.0187829	8.85654e-06	0.0187741	0	2.59798e+06	1225	2.59675e+06	0	
1298	0.0296324	1.15677e-05	0.0296209	0	4.09864e+06	1600	4.09704e+06	0	
1299	0.0143537	3.18835e-06	0.0143505	0	1.98535e+06	441	1.98491e+06	0	
1300	0.00849246	8.74809e-07	0.00849158	0	1.17464e+06	121	1.17452e+06	0	
1301	0.0116926	7.40334e-06	0.0116852	0	1.61728e+06	1024	1.61625e+06	0	
1302	0.00805542	8.74809e-07	0.00805455	0	1.11419e+06	121	1.11407e+06	0	
1303	0.0621175	4.98063e-05	0.0620677	0	8.59184e+06	6889	8.58495e+06	0	
1304	0.0168941	3.82458e-06	0.0168903	0	2.33673e+06	529	2.3362e+06	0	
1305	0.0110593	1.62671e-06	0.0110577	0	1.52968e+06	225	1.52946e+06	0	
1306	0.0402708	2.10821e-05	0.0402498	0	5.5701e+06	2916	5.56718e+06	0	
1307	0.00814738	8.74809e-07	0.0081465	0	1.12691e+06	121	1.12679e+06	0	
1308	0.119236	0.000180485	0.119055	0	1.64922e+07	24964	1.64673e+07	0	
1309	0.0249286	8.35768e-06	0.0249202	0	3.44802e+06	1156	3.44687e+06	0	
1310	0.0937037	0.000116609	0.0935871	0	1.29607e+07	16129	1.29445e+07	0	
1311	0.00729579	2.34246e-06	0.00729345	0	1.00912e+06	324	1.0088e+06	0	
1312	0.00829545	8.74809e-07	0.00829458	0	1.14739e+06	121	1.14727e+06	0	
1313	0.0157891	3.18835e-06	0.0157859	0	2.18389e+06	441	2.18345e+06	0	
1314	0.0120102	4.51864e-06	0.0120057	0	1.6612e+06	625	1.66058e+06	0	
1315	0.00705626	2.08942e-06	0.00705417	0	975993	289	975704	0	
1316	0.0250315	7.87328e-06	0.0250236	0	3.46225e+06	1089	3.46116e+06	0	
1317	0.045739	2.77914e-05	0.0457113	0	6.32644e+06	3844	6.32259e+06	0	
1318	0.0452181	2.5167e-05	0.0451929	0	6.25438e+06	3481	6.25089e+06	0	
1319	0.0167341	3.49923e-06	0.0167306	0	2.3146e+06	484	2.31411e+06	0	
1320	0.0246115	8.35768e-06	0.0246031	0	3.40416e+06	1156	3.403e+06	0	
1321	0.0206546	5.27054e-06	0.0206493	0	2.85686e+06	729	2.85613e+06	0	
1322	0.0404236	2.03085e-05	0.0404033	0	5.59122e+06	2809	5.58841e+06	0	
1323	0.00834144	8.74809e-07	0.00834057	0	1.15375e+06	121	1.15363e+06	0	
1324	0.387916	0.00190266	0.386013	0	5.36549e+07	263169	5.33917e+07	0	
1325	0.0197743	4.88736e-06	0.0197694	0	2.7351e+06	676	2.73443e+06	0	
1326	0.00421887	1.41704e-06	0.00421746	0	583537	196	583341	0	
1327	0.0715296	6.66301e-05	0.071463	0	9.89368e+06	9216	9.88446e+06	0	
1328	0.00770219	1.41704e-06	0.00770077	0	1.06533e+06	196	1.06513e+06	0	
1329	0.00823829	1.62671e-06	0.00823666	0	1.13948e+06	225	1.13926e+06	0	
1330	0.00663514	1.04109e-06	0.0066341	0	917745	144	917601	0	
1331	0.00656833	1.04109e-06	0.00656729	0	908505	144	908361	0	
1332	0.0075043	1.41704e-06	0.00750288	0	1.03796e+06	196	1.03776e+06	0	
1333	0.00854926	1.85083e-06	0.00854741	0	1.18249e+06	256	1.18224e+06	0	
1334	0.00651503	1.04109e-06	0.00651399	0	901131	144	900987	0	
1335	0.0162417	6.50684e-06	0.0162351	0	2.24648e+06	900	2.24558e+06	0	
1336	0.00805891	1.62671e-06	0.00805728	0	1.11467e+06	225	1.11445e+06	0	
1337	0.00651192	1.04109e-06	0.00651087	0	900701	144	900557	0	
1338	0.0330637	2.77914e-05	0.0330359	0	4.57323e+06	3844	4.56939e+06	0	
1339	0.00760026	1.41704e-06	0.00759884	0	1.05123e+06	196	1.05104e+06	0	
1340	0.00646452	1.04109e-06	0.00646348	0	894146	144	894002	0	
1341	0.0291935	2.18702e-05	0.0291716	0	4.03792e+06	3025	4.0349e+06	0	
1342	0.0166893	6.94786e-06	0.0166824	0	2.3084e+06	961	2.30744e+06	0	
1343	0.00589572	8.74809e-07	0.00589484	0	815471	121	815350	0	
1344	0.035736	3.24547e-05	0.0357035	0	4.94285e+06	4489	4.93837e+06	0	
1345	0.0101977	2.60996e-06	0.0101951	0	1.4105e+06	361	1.41014e+06	0	
1346	0.00642948	1.04109e-06	0.00642844	0	889299	144	889155	0	
1347	0.023573	1.39969e-05	0.0235591	0	3.26053e+06	1936	3.25859e+06	0	
1348	0.00464432	1.04109e-06	0.00464328	0	642383	144	642239	0	
1349	0.00769889	2.34246e-06	0.00769654	0	1.06487e+06	324	1.06455e+06	0	
1350	0.0547988	5.98702e-05	0.0547389	0	7.57954e+06	8281	7.57126e+06	0	
1351	0.0190821	1.33679e-05	0.0190687	0	2.63936e+06	1849	2.63751e+06	0	
1352	0.00468141	8.74809e-07	0.00468054	0	647514	121	647393	0	
1353	0.00862604	3.49923e-06	0.00862254	0	1.19311e+06	484	1.19263e+06	0	
1354	0.0059721	1.22184e-06	0.00597088	0	826037	169	825868	0	
1355	0.0114793	4.51864e-06	0.0114748	0	1.58778e+06	625	1.58715e+06	0	
1356	0.00628765	1.41704e-06	0.00628623	0	869681	196	869485	0	
1357	0.0105032	3.82458e-06	0.0104994	0	1.45277e+06	529	1.45224e+06	0	
1358	0.0149367	7.87328e-06	0.0149288	0	2.06598e+06	1089	2.0649e+06	0	
1359	0.00585775	1.85083e-06	0.0058559	0	810219	256	809963	0	
1360	0.0108754	4.16438e-06	0.0108712	0	1.50424e+06	576	1.50366e+06	0	
1361	0.00788812	2.89193e-06	0.00788522	0	1.09105e+06	400	1.09065e+06	0	
1362	0.016501	9.36986e-06	0.0164916	0	2.28235e+06	1296	2.28105e+06	0	
1363	0.00472554	1.04109e-06	0.00472449	0	653616	144	653472	0	
1364	0.0158527	1.46404e-05	0.015838	0	2.19268e+06	2025	2.19065e+06	0	
1365	0.0143995	1.09965e-05	0.0143885	0	1.99168e+06	1521	1.99016e+06	0	
