Node	dPC	dPCintra	dPCflux	dPCconnector	varPC	varPCintra	varPCflux	varPCconnector	
1	0.0120265	2.53691e-06	0.0120239	9.86463e-08	1.21359e+06	256	1.21333e+06	9.9544	
2	0.158832	0.000428738	0.158403	1.01437e-07	1.60277e+07	43264	1.59845e+07	10.236	
3	0.020284	9.52334e-06	0.0202745	9.82876e-08	2.04686e+06	961	2.0459e+06	9.91819	
4	0.01285	2.86393e-06	0.0128472	9.81333e-08	1.2967e+06	289	1.29641e+06	9.90263	
5	0.0323817	2.09691e-05	0.0323607	9.85107e-08	3.26763e+06	2116	3.26552e+06	9.94071	
6	30.1105	8.44372	21.6668	0	3.03845e+09	8.52056e+08	2.1864e+09	0	
7	0.0197058	7.22426e-06	0.0196986	9.86681e-08	1.98851e+06	729	1.98778e+06	9.95659	
8	0.0266999	1.28431e-05	0.0266871	9.87822e-08	2.69429e+06	1296	2.69299e+06	9.96811	
9	0.0211482	6.19364e-06	0.021142	9.84626e-08	2.13407e+06	625	2.13344e+06	9.93586	
10	0.0812048	0.000115588	0.0810892	9.67725e-08	8.19437e+06	11664	8.18271e+06	9.76531	
11	0.0151705	4.79635e-06	0.0151657	9.81678e-08	1.53086e+06	484	1.53037e+06	9.90611	
12	0.0125234	3.57744e-06	0.0125198	9.85648e-08	1.26373e+06	361	1.26337e+06	9.94617	
13	0.0112265	2.86393e-06	0.0112236	9.85898e-08	1.13286e+06	289	1.13257e+06	9.94869	
14	0.0137974	3.21078e-06	0.0137941	9.8871e-08	1.39229e+06	324	1.39197e+06	9.97707	
15	0.040373	3.10772e-05	0.0403419	9.85163e-08	4.07403e+06	3136	4.0709e+06	9.94128	
16	0.0906348	0.000140333	0.0904945	1.00644e-07	9.14596e+06	14161	9.1318e+06	10.1559	
17	0.0157257	5.70805e-06	0.0157199	9.8695e-08	1.58688e+06	576	1.5863e+06	9.95931	
18	0.00995524	2.22971e-06	0.00995301	9.83018e-08	1.00458e+06	225	1.00435e+06	9.91963	
19	0.0303226	1.83232e-05	0.0303043	9.83136e-08	3.05985e+06	1849	3.05801e+06	9.92083	
20	0.0292082	1.43097e-05	0.0291939	9.87892e-08	2.9474e+06	1444	2.94596e+06	9.96881	
21	0.0717375	8.571e-05	0.0716518	9.72728e-08	7.23903e+06	8649	7.23038e+06	9.8158	
22	0.0188604	7.7693e-06	0.0188526	9.85567e-08	1.9032e+06	784	1.90242e+06	9.94535	
23	0.0246076	1.28431e-05	0.0245948	9.82614e-08	2.48315e+06	1296	2.48186e+06	9.91555	
24	0.0255329	1.14557e-05	0.0255215	9.83271e-08	2.57653e+06	1156	2.57537e+06	9.92219	
25	0.0149914	4.79635e-06	0.0149866	9.85061e-08	1.51278e+06	484	1.5123e+06	9.94025	
26	0.633642	0.00677761	0.626865	1.00134e-07	6.39408e+07	683929	6.32569e+07	10.1045	
27	0.0106141	2.22971e-06	0.0106119	9.84508e-08	1.07107e+06	225	1.07084e+06	9.93466	
28	0.0198464	7.7693e-06	0.0198386	9.81834e-08	2.0027e+06	784	2.00191e+06	9.90768	
29	0.0167448	6.19364e-06	0.0167386	9.83492e-08	1.68972e+06	625	1.68909e+06	9.92442	
30	0.0396009	2.57754e-05	0.0395751	9.82284e-08	3.99612e+06	2601	3.99352e+06	9.91222	
31	0.0174136	5.24229e-06	0.0174083	9.82153e-08	1.7572e+06	529	1.75667e+06	9.9109	
32	0.020916	9.52334e-06	0.0209064	9.84145e-08	2.11063e+06	961	2.10967e+06	9.93101	
33	0.0226248	1.01476e-05	0.0226146	9.86591e-08	2.28306e+06	1024	2.28204e+06	9.95568	
34	0.0286001	1.66584e-05	0.0285834	9.88275e-08	2.88603e+06	1681	2.88435e+06	9.97268	
35	0.0163241	4.37023e-06	0.0163197	9.81421e-08	1.64726e+06	441	1.64682e+06	9.90352	
36	0.0172123	6.19364e-06	0.0172061	9.81778e-08	1.7369e+06	625	1.73627e+06	9.90712	
37	0.0265208	1.14557e-05	0.0265093	9.85299e-08	2.67621e+06	1156	2.67506e+06	9.94265	
38	0.0209817	7.22426e-06	0.0209745	9.79779e-08	2.11726e+06	729	2.11653e+06	9.88695	
39	0.0386079	2.67961e-05	0.0385811	9.90057e-08	3.89593e+06	2704	3.89322e+06	9.99066	
40	0.11304	0.000220008	0.11282	9.65878e-08	1.14069e+07	22201	1.13847e+07	9.74667	
41	0.0512617	5.87553e-05	0.051203	9.93157e-08	5.17282e+06	5929	5.16689e+06	10.0219	
42	0.0164744	3.96392e-06	0.0164705	9.84976e-08	1.66244e+06	400	1.66204e+06	9.93939	
43	0.0124342	2.53691e-06	0.0124317	9.82295e-08	1.25474e+06	256	1.25448e+06	9.91234	
44	0.0572771	6.66336e-05	0.0572104	9.85369e-08	5.77983e+06	6724	5.7731e+06	9.94336	
45	0.0133606	3.96392e-06	0.0133566	9.86285e-08	1.34821e+06	400	1.34781e+06	9.95259	
46	0.0178583	5.70805e-06	0.0178526	9.84606e-08	1.80208e+06	576	1.80151e+06	9.93566	
47	0.0213403	1.01476e-05	0.0213302	9.87163e-08	2.15345e+06	1024	2.15243e+06	9.96146	
48	0.014332	3.57744e-06	0.0143284	9.83898e-08	1.44624e+06	361	1.44588e+06	9.92851	
49	0.0787198	0.000109255	0.0786105	9.78967e-08	7.94361e+06	11025	7.93259e+06	9.87875	
50	0.0448442	4.44852e-05	0.0447997	9.84791e-08	4.52522e+06	4489	4.52073e+06	9.93752	
51	0.0888626	0.000140333	0.0887222	9.66511e-08	8.96712e+06	14161	8.95296e+06	9.75306	
52	0.0198821	6.69904e-06	0.0198754	9.85409e-08	2.00631e+06	676	2.00563e+06	9.94376	
53	0.108749	0.000202646	0.108547	9.881e-08	1.09739e+07	20449	1.09534e+07	9.97091	
54	0.0283443	1.35665e-05	0.0283307	9.80682e-08	2.86022e+06	1369	2.85885e+06	9.89606	
55	0.0131667	2.86393e-06	0.0131638	9.8483e-08	1.32865e+06	289	1.32836e+06	9.93791	
56	0.0331317	2.00673e-05	0.0331117	9.84154e-08	3.34332e+06	2025	3.3413e+06	9.93109	
57	0.0515177	4.44852e-05	0.0514732	9.87453e-08	5.19865e+06	4489	5.19416e+06	9.96438	
58	0.027494	1.35665e-05	0.0274804	9.82949e-08	2.77441e+06	1369	2.77305e+06	9.91893	
59	0.0692171	8.38767e-05	0.0691333	9.79728e-08	6.9847e+06	8464	6.97623e+06	9.88644	
60	0.0191167	6.19364e-06	0.0191105	9.86057e-08	1.92906e+06	625	1.92844e+06	9.9503	
61	0.0113152	2.22971e-06	0.0113129	9.8302e-08	1.14181e+06	225	1.14159e+06	9.91965	
62	0.029345	1.43097e-05	0.0293307	9.86033e-08	2.9612e+06	1444	2.95976e+06	9.95005	
63	0.0131346	2.86393e-06	0.0131317	9.8466e-08	1.32541e+06	289	1.32512e+06	9.9362	
64	0.0929969	0.000157328	0.0928395	9.88028e-08	9.38431e+06	15876	9.36843e+06	9.97018	
65	0.0130357	2.86393e-06	0.0130328	9.83351e-08	1.31543e+06	289	1.31514e+06	9.923	
66	0.0208209	7.22426e-06	0.0208137	9.83333e-08	2.10104e+06	729	2.10031e+06	9.92281	
67	0.0129316	2.86393e-06	0.0129287	9.83675e-08	1.30492e+06	289	1.30464e+06	9.92626	
68	0.0306281	1.58557e-05	0.0306122	9.78111e-08	3.09068e+06	1600	3.08908e+06	9.87011	
69	0.0833394	0.000126538	0.0832129	9.93553e-08	8.40978e+06	12769	8.39701e+06	10.0259	
70	0.0123131	3.21078e-06	0.0123099	9.84137e-08	1.24252e+06	324	1.24219e+06	9.93092	
71	0.0152615	3.96392e-06	0.0152575	9.81869e-08	1.54004e+06	400	1.53964e+06	9.90803	
72	0.0137059	3.21078e-06	0.0137026	9.82046e-08	1.38306e+06	324	1.38273e+06	9.90982	
73	0.0142917	3.57744e-06	0.0142881	9.86813e-08	1.44218e+06	361	1.44181e+06	9.95793	
74	0.130795	0.000241165	0.130554	9.70757e-08	1.31985e+07	24336	1.31742e+07	9.79591	
75	0.0229389	8.91884e-06	0.02293	9.8376e-08	2.31476e+06	900	2.31386e+06	9.92712	
76	0.0446583	3.33366e-05	0.044625	9.86395e-08	4.50647e+06	3364	4.5031e+06	9.9537	
77	0.0119998	2.53691e-06	0.0119972	9.82894e-08	1.2109e+06	256	1.21064e+06	9.91838	
78	0.0226204	8.91884e-06	0.0226115	9.88777e-08	2.28262e+06	900	2.28172e+06	9.97775	
79	0.0349021	2.09691e-05	0.0348812	9.86773e-08	3.52197e+06	2116	3.51986e+06	9.95752	
80	0.0204753	5.70805e-06	0.0204696	9.82801e-08	2.06616e+06	576	2.06558e+06	9.91744	
81	0.027988	1.35665e-05	0.0279744	9.87861e-08	2.82427e+06	1369	2.8229e+06	9.9685	
82	0.0204148	7.22426e-06	0.0204075	9.85383e-08	2.06005e+06	729	2.05932e+06	9.94349	
83	0.0152697	3.96392e-06	0.0152657	9.83487e-08	1.54086e+06	400	1.54046e+06	9.92436	
84	0.0146706	2.86393e-06	0.0146677	9.81676e-08	1.48041e+06	289	1.48012e+06	9.90609	
85	0.0144745	3.57744e-06	0.0144709	9.85154e-08	1.46062e+06	361	1.46026e+06	9.94119	
86	0.0218422	8.91884e-06	0.0218333	9.81696e-08	2.20409e+06	900	2.20319e+06	9.90629	
87	0.0158636	4.37023e-06	0.0158592	9.87575e-08	1.6008e+06	441	1.60035e+06	9.96562	
88	0.0323095	1.74809e-05	0.032292	9.82191e-08	3.26035e+06	1764	3.25858e+06	9.91129	
89	0.0206247	1.01476e-05	0.0206145	9.82594e-08	2.08123e+06	1024	2.08021e+06	9.91535	
90	0.0117126	2.86393e-06	0.0117097	9.82643e-08	1.18192e+06	289	1.18163e+06	9.91585	
91	0.0132086	2.22971e-06	0.0132064	9.81989e-08	1.33288e+06	225	1.33266e+06	9.90925	
92	0.0101606	2.22971e-06	0.0101583	9.8542e-08	1.0253e+06	225	1.02508e+06	9.94387	
93	0.010226	2.22971e-06	0.0102238	9.84282e-08	1.03191e+06	225	1.03168e+06	9.93238	
94	0.0139804	3.96392e-06	0.0139764	9.80113e-08	1.41076e+06	400	1.41036e+06	9.89032	
95	0.0221988	8.91884e-06	0.0221899	9.85074e-08	2.24008e+06	900	2.23918e+06	9.94038	
96	0.0143969	2.86393e-06	0.0143941	9.8249e-08	1.45279e+06	289	1.4525e+06	9.9143	
97	0.0123514	3.21078e-06	0.0123482	9.83467e-08	1.24638e+06	324	1.24606e+06	9.92416	
98	0.0219531	8.33416e-06	0.0219447	9.85539e-08	2.21528e+06	841	2.21444e+06	9.94507	
99	0.117282	0.000346536	0.116935	9.69812e-08	1.18349e+07	34969	1.18e+07	9.78637	
100	0.0889261	0.000149925	0.0887761	9.792e-08	8.97353e+06	15129	8.9584e+06	9.8811	
101	0.0106761	2.22971e-06	0.0106738	9.83296e-08	1.07732e+06	225	1.0771e+06	9.92244	
102	0.0102519	2.22971e-06	0.0102497	9.82019e-08	1.03452e+06	225	1.0343e+06	9.90955	
103	0.0117072	2.86393e-06	0.0117043	9.82568e-08	1.18137e+06	289	1.18108e+06	9.91509	
104	0.472091	0.00506615	0.467025	1.13533e-07	4.76387e+07	511225	4.71275e+07	11.4567	
105	0.0140082	4.79635e-06	0.0140034	9.82439e-08	1.41357e+06	484	1.41308e+06	9.91379	
106	0.111324	0.000225953	0.111098	9.88561e-08	1.12337e+07	22801	1.12109e+07	9.97557	
107	0.0109915	2.53691e-06	0.010989	9.83615e-08	1.10916e+06	256	1.1089e+06	9.92566	
108	0.0439147	3.80933e-05	0.0438766	9.7037e-08	4.43143e+06	3844	4.42758e+06	9.792	
109	0.00964891	2.22971e-06	0.00964668	9.83819e-08	973671	225	973446	9.92772	
110	0.0475206	4.1869e-05	0.0474788	9.9056e-08	4.79531e+06	4225	4.79108e+06	9.99574	
111	0.0103421	2.86393e-06	0.0103392	9.83491e-08	1.04362e+06	289	1.04333e+06	9.9244	
112	0.0154052	5.70805e-06	0.0153995	9.84041e-08	1.55454e+06	576	1.55396e+06	9.92995	
113	0.0134569	3.21078e-06	0.0134537	9.84261e-08	1.35793e+06	324	1.35761e+06	9.93218	
114	0.043942	4.31671e-05	0.0438988	9.83516e-08	4.43419e+06	4356	4.42983e+06	9.92466	
115	0.0383824	2.78367e-05	0.0383546	9.91292e-08	3.87317e+06	2809	3.87036e+06	10.0031	
116	0.0113166	2.53691e-06	0.0113141	9.84804e-08	1.14196e+06	256	1.14171e+06	9.93766	
117	0.0205006	7.7693e-06	0.0204928	9.80869e-08	2.06872e+06	784	2.06793e+06	9.89795	
118	0.148236	0.000412407	0.147824	9.67759e-08	1.49585e+07	41616	1.49169e+07	9.76565	
119	0.0131195	3.57744e-06	0.0131159	9.86057e-08	1.32389e+06	361	1.32353e+06	9.9503	
120	0.0148275	3.96392e-06	0.0148236	9.86298e-08	1.49625e+06	400	1.49585e+06	9.95273	
121	0.0221076	8.91884e-06	0.0220987	9.81919e-08	2.23088e+06	900	2.22998e+06	9.90855	
122	0.167018	0.000506154	0.166511	9.84377e-08	1.68537e+07	51076	1.68027e+07	9.93334	
123	0.0111634	2.22971e-06	0.0111611	9.82529e-08	1.12649e+06	225	1.12627e+06	9.91469	
124	0.0164683	4.79635e-06	0.0164635	9.88927e-08	1.66182e+06	484	1.66133e+06	9.97925	
125	0.0306079	1.66584e-05	0.0305913	9.87348e-08	3.08865e+06	1681	3.08696e+06	9.96332	
126	0.042386	2.57754e-05	0.0423602	9.77943e-08	4.27717e+06	2601	4.27457e+06	9.86842	
127	0.0457499	4.44852e-05	0.0457054	9.8538e-08	4.61662e+06	4489	4.61213e+06	9.94347	
128	0.0163406	4.79635e-06	0.0163358	9.80129e-08	1.64892e+06	484	1.64844e+06	9.89048	
129	0.0134754	3.21078e-06	0.0134722	9.8468e-08	1.3598e+06	324	1.35948e+06	9.9364	
130	0.0121572	3.21078e-06	0.012154	9.84375e-08	1.22678e+06	324	1.22646e+06	9.93332	
131	0.024784	1.07917e-05	0.0247732	9.87976e-08	2.50095e+06	1089	2.49986e+06	9.96966	
132	0.0157406	4.79635e-06	0.0157358	9.85413e-08	1.58838e+06	484	1.5879e+06	9.9438	
133	0.095981	0.000164909	0.0958161	1.00007e-07	9.68544e+06	16641	9.6688e+06	10.0917	
134	0.0119833	3.21078e-06	0.0119801	9.80743e-08	1.20924e+06	324	1.20891e+06	9.89668	
135	0.0459786	4.5823e-05	0.0459328	9.87956e-08	4.6397e+06	4624	4.63508e+06	9.96946	
136	0.057542	6.18472e-05	0.0574801	9.77441e-08	5.80656e+06	6241	5.80032e+06	9.86335	
137	0.0123475	3.21078e-06	0.0123443	9.8213e-08	1.24599e+06	324	1.24566e+06	9.91067	
138	0.0209373	8.33416e-06	0.020929	9.83808e-08	2.11279e+06	841	2.11195e+06	9.9276	
139	0.017186	5.24229e-06	0.0171808	9.81478e-08	1.73424e+06	529	1.73371e+06	9.90409	
140	0.0156196	4.79635e-06	0.0156148	9.82884e-08	1.57617e+06	484	1.57569e+06	9.91828	
141	0.0161633	0.000220008	0.0159433	9.85949e-08	1.63104e+06	22201	1.60883e+06	9.94921	
142	0.0427666	3.33366e-05	0.0427332	9.75192e-08	4.31557e+06	3364	4.31221e+06	9.84065	
143	0.0202455	8.33416e-06	0.0202372	9.88302e-08	2.04298e+06	841	2.04213e+06	9.97295	
144	0.0232527	1.01476e-05	0.0232426	9.81459e-08	2.34643e+06	1024	2.34541e+06	9.9039	
145	0.00520539	1.35665e-05	0.00519182	9.84108e-08	525276	1369	523907	9.93063	
146	0.010675	2.22971e-06	0.0106727	9.84691e-08	1.07721e+06	225	1.07699e+06	9.93651	
147	0.0368633	2.47745e-05	0.0368385	9.89543e-08	3.71987e+06	2500	3.71737e+06	9.98548	
148	0.0034414	3.57744e-06	0.00343782	9.84264e-08	347272	361	346911	9.9322	
149	0.0293984	1.74809e-05	0.0293809	9.85438e-08	2.96659e+06	1764	2.96483e+06	9.94405	
150	0.0167013	3.96392e-06	0.0166973	9.84362e-08	1.68533e+06	400	1.68493e+06	9.93319	
151	0.0120975	2.86393e-06	0.0120947	9.87074e-08	1.22076e+06	289	1.22047e+06	9.96056	
152	0.013468	3.57744e-06	0.0134644	9.84495e-08	1.35905e+06	361	1.35869e+06	9.93453	
153	0.0284535	1.07917e-05	0.0284427	9.87475e-08	2.87124e+06	1089	2.87015e+06	9.96461	
154	0.0430561	3.44961e-05	0.0430217	9.9164e-08	4.34479e+06	3481	4.34131e+06	10.0066	
155	0.0223251	8.91884e-06	0.0223162	9.8911e-08	2.25283e+06	900	2.25193e+06	9.98111	
156	0.0109946	2.22971e-06	0.0109923	9.84353e-08	1.10946e+06	225	1.10924e+06	9.9331	
157	0.0107617	2.22971e-06	0.0107595	9.82862e-08	1.08596e+06	225	1.08574e+06	9.91806	
158	0.0238641	1.07917e-05	0.0238533	9.8489e-08	2.40813e+06	1089	2.40704e+06	9.93852	
159	0.0505979	5.13725e-05	0.0505465	9.86584e-08	5.10583e+06	5184	5.10065e+06	9.95561	
160	0.0104295	2.22971e-06	0.0104272	9.8376e-08	1.05244e+06	225	1.05221e+06	9.92712	
161	0.203049	0.00076037	0.202288	9.82075e-08	2.04896e+07	76729	2.04129e+07	9.91011	
162	0.0158354	4.79635e-06	0.0158306	9.86405e-08	1.59795e+06	484	1.59747e+06	9.95381	
163	0.0121216	2.86393e-06	0.0121187	9.81711e-08	1.22319e+06	289	1.2229e+06	9.90645	
164	0.00427695	2.09691e-05	0.00425598	9.83006e-08	431587	2116	429471	9.9195	
165	0.0164745	5.24229e-06	0.0164693	9.83722e-08	1.66244e+06	529	1.66192e+06	9.92673	
166	0.0189975	8.33416e-06	0.0189892	9.79575e-08	1.91704e+06	841	1.9162e+06	9.88489	
167	0.0169638	5.24229e-06	0.0169586	9.81881e-08	1.71182e+06	529	1.71129e+06	9.90815	
168	0.043204	3.68744e-05	0.0431671	9.92615e-08	4.35971e+06	3721	4.35599e+06	10.0164	
169	0.0278238	1.50728e-05	0.0278088	9.84641e-08	2.8077e+06	1521	2.80618e+06	9.93601	
170	0.0119627	2.86393e-06	0.0119598	9.85151e-08	1.20716e+06	289	1.20687e+06	9.94116	
171	0.0235762	1.28431e-05	0.0235633	9.86656e-08	2.37907e+06	1296	2.37777e+06	9.95634	
172	0.0208669	8.91884e-06	0.020858	9.84887e-08	2.10568e+06	900	2.10478e+06	9.93849	
173	0.0143503	3.96392e-06	0.0143463	9.80642e-08	1.44809e+06	400	1.44769e+06	9.89565	
174	0.024443	1.14557e-05	0.0244316	9.86432e-08	2.46654e+06	1156	2.46539e+06	9.95408	
175	0.0129868	3.21078e-06	0.0129836	9.86006e-08	1.3105e+06	324	1.31018e+06	9.94978	
176	0.0178214	6.19364e-06	0.0178152	9.82063e-08	1.79835e+06	625	1.79773e+06	9.90999	
177	0.0172188	5.70805e-06	0.0172131	9.87289e-08	1.73755e+06	576	1.73698e+06	9.96273	
178	0.0125068	2.86393e-06	0.012504	9.82656e-08	1.26206e+06	289	1.26178e+06	9.91597	
179	0.0177813	6.19364e-06	0.0177751	9.88724e-08	1.79431e+06	625	1.79368e+06	9.97721	
180	0.0105347	2.22971e-06	0.0105325	9.82938e-08	1.06305e+06	225	1.06283e+06	9.91883	
181	0.0131823	3.21078e-06	0.0131791	9.84219e-08	1.33023e+06	324	1.3299e+06	9.93175	
182	0.0710482	9.71261e-05	0.0709511	9.58547e-08	7.16947e+06	9801	7.15967e+06	9.67269	
183	0.022336	1.07917e-05	0.0223252	9.81739e-08	2.25393e+06	1089	2.25284e+06	9.90673	
184	0.0502782	4.71806e-05	0.050231	9.92828e-08	5.07357e+06	4761	5.06881e+06	10.0186	
185	0.0121033	2.86393e-06	0.0121005	9.83286e-08	1.22135e+06	289	1.22106e+06	9.92234	
186	0.00492441	5.24229e-06	0.00491917	9.85551e-08	496922	529	496393	9.94519	
187	0.0790451	0.000117738	0.0789274	9.94238e-08	7.97644e+06	11881	7.96456e+06	10.0328	
188	0.0109565	2.22971e-06	0.0109543	9.86595e-08	1.10562e+06	225	1.10539e+06	9.95572	
189	0.0125438	2.86393e-06	0.0125409	9.8403e-08	1.26579e+06	289	1.2655e+06	9.92985	
190	0.0133045	3.21078e-06	0.0133013	9.83067e-08	1.34256e+06	324	1.34223e+06	9.92012	
191	0.0120654	2.86393e-06	0.0120625	9.8173e-08	1.21751e+06	289	1.21723e+06	9.90664	
192	0.0174183	5.70805e-06	0.0174126	9.84015e-08	1.75768e+06	576	1.7571e+06	9.92969	
193	0.0135792	3.57744e-06	0.0135756	9.86559e-08	1.37027e+06	361	1.36991e+06	9.95536	
194	0.0220887	9.52334e-06	0.0220791	9.79408e-08	2.22897e+06	961	2.228e+06	9.8832	
195	0.024363	1.14557e-05	0.0243515	9.84825e-08	2.45847e+06	1156	2.45731e+06	9.93787	
196	0.164235	0.000585165	0.16365	9.52175e-08	1.6573e+07	59049	1.65139e+07	9.6084	
197	0.0145038	4.37023e-06	0.0144995	9.83869e-08	1.46358e+06	441	1.46314e+06	9.92822	
198	0.0151185	4.37023e-06	0.0151141	9.85147e-08	1.52561e+06	441	1.52517e+06	9.94111	
199	0.0123645	2.86393e-06	0.0123617	9.84347e-08	1.2477e+06	289	1.24741e+06	9.93304	
200	0.01776	4.37023e-06	0.0177556	9.84496e-08	1.79216e+06	441	1.79172e+06	9.93454	
201	0.243735	0.00111877	0.242616	1.01076e-07	2.45953e+07	112896	2.44824e+07	10.1996	
202	0.0123907	2.86393e-06	0.0123879	9.81592e-08	1.25035e+06	289	1.25006e+06	9.90524	
203	0.105173	0.000222971	0.10495	9.71116e-08	1.0613e+07	22500	1.05905e+07	9.79953	
204	0.0105473	2.22971e-06	0.010545	9.84031e-08	1.06432e+06	225	1.0641e+06	9.92985	
205	0.0116495	2.53691e-06	0.011647	9.82639e-08	1.17555e+06	256	1.1753e+06	9.9158	
206	0.0210132	9.52334e-06	0.0210036	9.85762e-08	2.12044e+06	961	2.11948e+06	9.94732	
207	0.0189667	6.69904e-06	0.01896	9.85403e-08	1.91393e+06	676	1.91326e+06	9.9437	
208	0.0212473	1.01476e-05	0.0212372	9.83189e-08	2.14407e+06	1024	2.14304e+06	9.92136	
209	0.17278	0.000570805	0.172209	9.80528e-08	1.74352e+07	57600	1.73776e+07	9.8945	
210	0.027469	1.43097e-05	0.0274546	9.81759e-08	2.77189e+06	1444	2.77045e+06	9.90693	
211	0.0123164	2.86393e-06	0.0123135	9.82183e-08	1.24285e+06	289	1.24256e+06	9.91121	
212	0.0201327	7.7693e-06	0.020125	9.8783e-08	2.03159e+06	784	2.03081e+06	9.96819	
213	0.0806785	0.000124308	0.0805542	9.76771e-08	8.14126e+06	12544	8.12872e+06	9.85659	
214	0.019417	7.22426e-06	0.0194098	9.85213e-08	1.95937e+06	729	1.95864e+06	9.94178	
215	0.0161422	5.70805e-06	0.0161365	9.86641e-08	1.62891e+06	576	1.62833e+06	9.95619	
216	0.0157844	4.79635e-06	0.0157796	9.80576e-08	1.5928e+06	484	1.59232e+06	9.89499	
217	0.0114026	2.86393e-06	0.0113998	9.86096e-08	1.15064e+06	289	1.15035e+06	9.95069	
218	0.0236345	1.07917e-05	0.0236237	9.85312e-08	2.38495e+06	1089	2.38386e+06	9.94278	
219	0.194919	0.00076587	0.194153	9.79345e-08	1.96692e+07	77284	1.9592e+07	9.88256	
220	0.0114168	2.53691e-06	0.0114143	9.83457e-08	1.15207e+06	256	1.15181e+06	9.92406	
221	0.0120524	2.86393e-06	0.0120495	9.85824e-08	1.2162e+06	289	1.21592e+06	9.94795	
222	0.00917509	2.86393e-06	0.00917223	9.8414e-08	925858	289	925569	9.93095	
223	0.0293274	2.8897e-05	0.0292985	9.89198e-08	2.95943e+06	2916	2.95651e+06	9.98199	
224	0.0112875	4.37023e-06	0.0112832	9.82345e-08	1.13902e+06	441	1.13858e+06	9.91284	
225	0.010226	3.57744e-06	0.0102224	9.85758e-08	1.0319e+06	361	1.03154e+06	9.94728	
226	0.00952787	3.21078e-06	0.00952466	9.84535e-08	961457	324	961133	9.93494	
227	0.00905065	2.86393e-06	0.00904779	9.83269e-08	913301	289	913012	9.92216	
228	0.0101353	3.57744e-06	0.0101317	9.82415e-08	1.02275e+06	361	1.02239e+06	9.91354	
229	0.0313415	3.44961e-05	0.031307	9.8797e-08	3.16267e+06	3481	3.15918e+06	9.9696	
230	0.0301105	3.2197e-05	0.0300783	9.84462e-08	3.03845e+06	3249	3.0352e+06	9.9342	
231	0.0494846	5.87553e-05	0.0494258	9.68413e-08	4.99349e+06	5929	4.98756e+06	9.77225	
232	0.0142041	7.22426e-06	0.0141968	9.83823e-08	1.43333e+06	729	1.4326e+06	9.92775	
233	0.010089	2.86393e-06	0.0100861	9.83483e-08	1.01808e+06	289	1.01779e+06	9.92432	
234	0.0177141	9.52334e-06	0.0177046	9.84102e-08	1.78753e+06	961	1.78657e+06	9.93057	
235	0.00706831	2.53691e-06	0.00706577	9.84255e-08	713263	256	713007	9.93211	
236	0.014951	1.07917e-05	0.0149402	9.82423e-08	1.5087e+06	1089	1.50761e+06	9.91363	
237	0.0126644	7.22426e-06	0.0126571	9.84921e-08	1.27796e+06	729	1.27723e+06	9.93883	
238	0.0552775	3.80933e-05	0.0552394	9.86786e-08	5.57805e+06	3844	5.5742e+06	9.95766	
239	0.00677888	2.22971e-06	0.00677665	9.8468e-08	684056	225	683831	9.9364	
240	0.0137994	6.19364e-06	0.0137932	9.83186e-08	1.3925e+06	625	1.39187e+06	9.92133	
241	0.00702816	2.53691e-06	0.00702563	9.83444e-08	709212	256	708956	9.92393	
242	0.00313379	3.21078e-06	0.00313058	9.82977e-08	316231	324	315907	9.91922	
243	0.0211425	2.37934e-05	0.0211187	9.83705e-08	2.13349e+06	2401	2.13109e+06	9.92656	
244	0.00890298	3.21078e-06	0.00889976	9.84352e-08	898399	324	898075	9.93309	
245	0.00847575	2.53691e-06	0.00847322	9.83924e-08	855288	256	855032	9.92878	
246	0.0360139	1.66584e-05	0.0359972	9.82354e-08	3.63416e+06	1681	3.63248e+06	9.91293	
247	0.00570124	2.22971e-06	0.00569901	9.84313e-08	575312	225	575087	9.9327	
248	0.014933	2.53691e-06	0.0149305	9.81674e-08	1.50689e+06	256	1.50664e+06	9.90607	
249	0.0338134	4.99554e-05	0.0337634	9.79545e-08	3.4121e+06	5041	3.40706e+06	9.88458	
250	0.0184857	4.79635e-06	0.018481	9.81786e-08	1.8654e+06	484	1.86491e+06	9.90719	
251	0.0167979	1.58557e-05	0.0167821	9.83625e-08	1.69508e+06	1600	1.69348e+06	9.92575	
252	0.00673564	2.22971e-06	0.00673341	9.8536e-08	679693	225	679468	9.94326	
253	0.00441661	3.57744e-06	0.00441303	9.83849e-08	445680	361	445319	9.92801	
254	0.00599725	2.53691e-06	0.00599471	9.84966e-08	605182	256	604926	9.93929	
255	4.31231	0.17606	4.13625	1.12046e-07	4.35155e+08	1.77662e+07	4.17389e+08	11.3065	
256	0.00605199	2.22971e-06	0.00604976	9.83502e-08	610706	225	610481	9.92451	
257	0.0605991	3.2197e-05	0.0605642	2.79544e-06	6.11506e+06	3249	6.11153e+06	282.088	
258	0.0277903	6.69904e-06	0.0277819	1.77441e-06	2.80431e+06	676	2.80347e+06	179.055	
259	0.0173395	2.53691e-06	0.0173291	8.03998e-06	1.74973e+06	256	1.74868e+06	811.315	
260	0.0173443	2.53691e-06	0.0173369	4.88028e-06	1.75021e+06	256	1.74947e+06	492.469	
261	0.110196	0.000119908	0.110058	1.86222e-05	1.11199e+07	12100	1.1106e+07	1879.17	
262	0.0174975	2.53691e-06	0.0174941	9.67278e-07	1.76567e+06	256	1.76532e+06	97.608	
263	0.0173803	2.53691e-06	0.0173771	7.09401e-07	1.75384e+06	256	1.75352e+06	71.5856	
264	0.061705	3.2197e-05	0.0616728	9.87551e-08	6.22665e+06	3249	6.2234e+06	9.96537	
265	1.41729	0.00971261	1.40755	2.59073e-05	1.43018e+08	980100	1.42036e+08	2614.31	
266	0.0299816	6.19364e-06	0.0299754	9.86796e-08	3.02544e+06	625	3.02481e+06	9.95775	
267	0.0527558	1.35665e-05	0.0527408	1.59839e-06	5.32359e+06	1369	5.32207e+06	161.294	
268	0.255175	0.000303488	0.254871	7.95136e-07	2.57497e+07	30625	2.5719e+07	80.2372	
269	0.274837	0.000369131	0.274467	9.89696e-08	2.77337e+07	37249	2.76965e+07	9.98701	
270	0.071142	2.37934e-05	0.0711151	3.17917e-06	7.17894e+06	2401	7.17623e+06	320.81	
271	0.715973	0.00234066	0.713632	3.83688e-07	7.22488e+07	236196	7.20126e+07	38.718	
272	0.0253486	3.57744e-06	0.0253448	3.1131e-07	2.55793e+06	361	2.55755e+06	31.4143	
273	0.0283711	5.24229e-06	0.0283658	9.73107e-08	2.86292e+06	529	2.8624e+06	9.81962	
274	0.079758	2.99772e-05	0.079728	1.36783e-07	8.04838e+06	3025	8.04535e+06	13.8027	
275	0.0875274	3.56753e-05	0.0874914	4.90994e-07	8.83239e+06	3600	8.82875e+06	49.5462	
276	0.117091	6.50183e-05	0.117026	3.02415e-07	1.18156e+07	6561	1.18091e+07	30.5167	
277	0.0470933	1.01476e-05	0.047083	2.17566e-07	4.75218e+06	1024	4.75115e+06	21.9546	
278	0.0568045	1.50728e-05	0.0567893	1.47784e-07	5.73214e+06	1521	5.73061e+06	14.9129	
279	0.0359774	6.19364e-06	0.035971	3.26491e-07	3.63048e+06	625	3.62983e+06	32.9462	
280	0.293729	0.000380695	0.293348	1.40658e-07	2.96402e+07	38416	2.96017e+07	14.1938	
281	0.0253113	3.57744e-06	0.0253074	3.30701e-07	2.55416e+06	361	2.55377e+06	33.371	
282	0.0298313	3.96392e-06	0.0298274	9.85588e-08	3.01028e+06	400	3.00988e+06	9.94556	
283	0.154691	0.000107184	0.154584	9.7413e-08	1.56099e+07	10816	1.5599e+07	9.82994	
284	0.0454595	1.14557e-05	0.0454454	2.726e-06	4.58731e+06	1156	4.58589e+06	275.08	
285	0.203904	0.000188722	0.203715	9.95571e-08	2.05759e+07	19044	2.05569e+07	10.0463	
286	0.28941	0.000365315	0.289045	1.09474e-07	2.92044e+07	36864	2.91675e+07	11.047	
287	0.061532	1.74809e-05	0.0615146	1.00752e-07	6.2092e+06	1764	6.20743e+06	10.1669	
288	0.0637484	1.91854e-05	0.0637292	9.78894e-08	6.43284e+06	1936	6.43091e+06	9.87802	
289	0.0477412	1.01476e-05	0.0476788	5.23475e-05	4.81756e+06	1024	4.81127e+06	5282.38	
290	0.455486	0.000874135	0.454612	9.6737e-08	4.5963e+07	88209	4.58748e+07	9.76173	
291	0.0650005	1.91854e-05	0.0649813	9.96456e-08	6.5592e+06	1936	6.55726e+06	10.0552	
292	0.0251811	2.86393e-06	0.0251782	9.89696e-08	2.54102e+06	289	2.54073e+06	9.98702	
293	0.231589	0.000235021	0.231354	9.84168e-08	2.33696e+07	23716	2.33459e+07	9.93124	
294	0.0303298	3.96392e-06	0.0303259	9.84174e-08	3.06058e+06	400	3.06018e+06	9.9313	
295	0.0392746	6.69904e-06	0.0392679	9.89599e-08	3.9632e+06	676	3.96252e+06	9.98604	
296	0.315826	0.000408373	0.315418	1.04232e-07	3.187e+07	41209	3.18288e+07	10.518	
297	0.0289309	3.57744e-06	0.0289274	9.82135e-08	2.91942e+06	361	2.91906e+06	9.91072	
298	0.0223746	2.22971e-06	0.0223723	9.84606e-08	2.25782e+06	225	2.25759e+06	9.93566	
299	0.0464119	8.91884e-06	0.046403	9.9529e-08	4.68343e+06	900	4.68253e+06	10.0434	
300	0.171785	0.000124308	0.171456	0.000205258	1.73348e+07	12544	1.73016e+07	20712.6	
301	0.0402822	6.69904e-06	0.0402755	9.88445e-08	4.06487e+06	676	4.0642e+06	9.9744	
302	0.592668	0.00143852	0.59123	1.11902e-07	5.98061e+07	145161	5.9661e+07	11.2921	
303	0.0260041	2.86393e-06	0.0260012	9.84866e-08	2.62407e+06	289	2.62378e+06	9.93828	
304	0.0224528	2.22971e-06	0.0224506	9.81954e-08	2.26571e+06	225	2.26549e+06	9.90889	
305	0.0235607	2.22971e-06	0.0235582	3.93395e-07	2.37751e+06	225	2.37726e+06	39.6975	
306	0.0298978	3.57744e-06	0.0298942	1.52864e-07	3.01699e+06	361	3.01662e+06	15.4255	
307	0.0743046	2.28322e-05	0.0742818	9.82237e-08	7.49808e+06	2304	7.49577e+06	9.91175	
308	0.0252549	2.53691e-06	0.0252523	9.87113e-08	2.54847e+06	256	2.54821e+06	9.96096	
309	0.0863133	2.99772e-05	0.0862833	1.0779e-07	8.70987e+06	3025	8.70684e+06	10.8771	
310	0.0284643	3.21078e-06	0.028461	1.05198e-07	2.87233e+06	324	2.872e+06	10.6155	
311	0.171778	0.000115588	0.171663	9.86961e-08	1.73341e+07	11664	1.73225e+07	9.95942	
312	0.0342422	5.24229e-06	0.034237	9.83867e-08	3.45538e+06	529	3.45485e+06	9.92819	
313	0.00582335	8.33416e-06	0.00581501	9.84155e-08	587634	841	586793	9.9311	
314	0.135966	7.50074e-05	0.135884	7.2042e-06	1.37203e+07	7569	1.3712e+07	726.975	
315	0.0551433	1.43097e-05	0.055129	9.82909e-08	5.56451e+06	1444	5.56307e+06	9.91853	
316	0.035232	4.79635e-06	0.0351775	4.98002e-05	3.55526e+06	484	3.54976e+06	5025.33	
317	0.0421322	6.69904e-06	0.0421255	9.85745e-08	4.25156e+06	676	4.25088e+06	9.94715	
318	0.0832484	2.57754e-05	0.0832227	9.87407e-08	8.4006e+06	2601	8.398e+06	9.96392	
319	0.0324943	3.96392e-06	0.0324904	9.88039e-08	3.279e+06	400	3.2786e+06	9.9703	
320	0.0344132	4.79635e-06	0.0344084	9.79369e-08	3.47263e+06	484	3.47215e+06	9.88281	
321	0.264902	0.000253691	0.264648	8.28121e-07	2.67313e+07	25600	2.67056e+07	83.5657	
322	0.17127	0.000105133	0.171165	9.71454e-08	1.72828e+07	10609	1.72722e+07	9.80294	
323	0.143402	7.50074e-05	0.143327	1.10118e-07	1.44707e+07	7569	1.44631e+07	11.112	
324	0.0298845	3.21078e-06	0.0298813	9.83838e-08	3.01564e+06	324	3.01532e+06	9.9279	
325	0.073372	1.91854e-05	0.0733528	9.69908e-08	7.40396e+06	1936	7.40203e+06	9.78733	
326	0.0800556	2.37934e-05	0.0800319	9.97873e-08	8.07841e+06	2401	8.07601e+06	10.0695	
327	0.149332	8.02695e-05	0.149252	9.65534e-08	1.50691e+07	8100	1.5061e+07	9.7432	
328	2.2368	0.017635	2.21916	1.35537e-07	2.25715e+08	1.77955e+06	2.23935e+08	13.677	
329	0.0264778	2.53691e-06	0.0264753	9.81185e-08	2.67188e+06	256	2.67162e+06	9.90114	
330	0.0363801	4.79635e-06	0.0363753	9.84908e-08	3.67111e+06	484	3.67063e+06	9.9387	
331	0.126642	5.57427e-05	0.126587	9.88256e-08	1.27795e+07	5625	1.27739e+07	9.97249	
332	0.11426	4.5823e-05	0.114214	9.93153e-08	1.15299e+07	4624	1.15253e+07	10.0219	
333	0.046844	7.7693e-06	0.0468362	9.84213e-08	4.72703e+06	784	4.72624e+06	9.93169	
334	0.170831	0.00010109	0.17073	1.00207e-07	1.72385e+07	10201	1.72283e+07	10.1119	
335	0.0305943	3.21078e-06	0.030591	1.21772e-07	3.08727e+06	324	3.08694e+06	12.288	
336	0.037351	4.79635e-06	0.0373457	6.50211e-07	3.76909e+06	484	3.76855e+06	65.6128	
337	0.0956152	3.2197e-05	0.095583	9.69638e-08	9.64852e+06	3249	9.64527e+06	9.78462	
338	0.0404302	5.70805e-06	0.0404245	9.85941e-08	4.07981e+06	576	4.07924e+06	9.94912	
339	0.0359589	4.37023e-06	0.0359545	9.86782e-08	3.62861e+06	441	3.62817e+06	9.95761	
340	0.0958481	3.10772e-05	0.095817	9.95893e-08	9.67203e+06	3136	9.66889e+06	10.0495	
341	0.0271762	2.53691e-06	0.0271737	9.88193e-08	2.74235e+06	256	2.74209e+06	9.97185	
342	45.9224	8.37732	37.5449	0.000172159	4.63403e+09	8.45355e+08	3.78866e+09	17372.5	
343	0.0627839	1.35665e-05	0.0627703	9.85645e-08	6.33552e+06	1369	6.33415e+06	9.94614	
344	0.0307532	3.21078e-06	0.03075	9.87823e-08	3.10331e+06	324	3.10298e+06	9.96812	
345	0.0165459	1.01476e-05	0.0165357	9.85528e-08	1.66965e+06	1024	1.66862e+06	9.94496	
346	0.0967411	3.10772e-05	0.0967101	9.72877e-08	9.76214e+06	3136	9.75901e+06	9.8173	
347	0.0325074	3.57744e-06	0.0325038	9.85099e-08	3.28032e+06	361	3.27996e+06	9.94063	
348	0.0328331	3.57744e-06	0.0328296	9.83877e-08	3.31319e+06	361	3.31283e+06	9.9283	
349	0.137311	6.18472e-05	0.137249	9.80379e-08	1.3856e+07	6241	1.38498e+07	9.893	
350	0.0504889	8.33416e-06	0.0504676	1.30029e-05	5.09483e+06	841	5.09268e+06	1312.13	
351	0.0816824	2.18908e-05	0.0816605	9.7492e-08	8.24256e+06	2209	8.24036e+06	9.83791	
352	0.0304087	3.57744e-06	0.0304051	9.8768e-08	3.06854e+06	361	3.06818e+06	9.96667	
353	0.0248391	2.22971e-06	0.0248368	9.84059e-08	2.50651e+06	225	2.50629e+06	9.93013	
354	0.0381828	4.79635e-06	0.038178	9.89389e-08	3.85302e+06	484	3.85254e+06	9.98392	
355	0.0756193	1.91854e-05	0.0756001	1.5025e-07	7.63074e+06	1936	7.6288e+06	15.1617	
356	0.034926	3.96392e-06	0.034922	9.75539e-08	3.52438e+06	400	3.52398e+06	9.84416	
357	0.0382814	5.24229e-06	0.0382761	9.85022e-08	3.86297e+06	529	3.86244e+06	9.93985	
358	0.0927416	2.78367e-05	0.0926987	1.51753e-05	9.35855e+06	2809	9.35422e+06	1531.33	
359	0.0230855	2.22971e-06	0.0230833	9.79893e-08	2.32956e+06	225	2.32934e+06	9.88809	
360	0.0279147	2.53691e-06	0.0279122	9.80703e-08	2.81687e+06	256	2.81661e+06	9.89627	
361	0.067627	1.50728e-05	0.0676119	9.75698e-08	6.82424e+06	1521	6.82272e+06	9.84576	
362	0.0768541	2.18908e-05	0.076832	3.85783e-07	7.75535e+06	2209	7.75311e+06	38.9293	
363	0.180657	0.000126538	0.18053	9.59705e-08	1.823e+07	12769	1.82173e+07	9.68438	
364	0.0277344	2.53691e-06	0.0277319	9.84848e-08	2.79868e+06	256	2.79843e+06	9.93809	
365	0.0502478	9.52334e-06	0.0502383	9.83221e-08	5.0705e+06	961	5.06954e+06	9.92168	
366	0.0631546	1.28431e-05	0.0631414	4.25616e-07	6.37293e+06	1296	6.3716e+06	42.9489	
367	0.0265406	2.22971e-06	0.0265154	2.29769e-05	2.67821e+06	225	2.67567e+06	2318.6	
368	0.0652009	1.74809e-05	0.0651835	1.15103e-07	6.57943e+06	1764	6.57766e+06	11.6151	
369	0.209822	0.000142701	0.209679	1.40834e-07	2.11731e+07	14400	2.11587e+07	14.2115	
370	0.0718028	2.09691e-05	0.0717818	9.79563e-08	7.24562e+06	2116	7.2435e+06	9.88477	
371	0.0765322	2.28322e-05	0.0765094	9.97103e-08	7.72286e+06	2304	7.72056e+06	10.0617	
372	0.129917	7.3293e-05	0.129844	9.69461e-08	1.311e+07	7396	1.31026e+07	9.78283	
373	0.446678	0.000804925	0.445873	9.96011e-08	4.50742e+07	81225	4.4993e+07	10.0507	
374	0.0305433	3.57744e-06	0.0305397	1.13897e-07	3.08212e+06	361	3.08176e+06	11.4933	
375	0.130611	6.82687e-05	0.130543	9.80052e-08	1.31799e+07	6889	1.3173e+07	9.8897	
376	0.0879631	2.57754e-05	0.0879367	6.7915e-07	8.87635e+06	2601	8.87369e+06	68.533	
377	0.0315293	3.57744e-06	0.0315257	9.81901e-08	3.18162e+06	361	3.18126e+06	9.90836	
378	0.090431	2.67961e-05	0.0904042	1.0182e-07	9.12539e+06	2704	9.12268e+06	10.2746	
379	0.0267729	2.86393e-06	0.02677	9.83946e-08	2.70165e+06	289	2.70136e+06	9.92899	
380	0.0115341	4.79635e-06	0.0115293	9.82972e-08	1.1639e+06	484	1.16342e+06	9.91917	
381	0.0374919	5.24229e-06	0.0374866	1.04187e-07	3.78331e+06	529	3.78278e+06	10.5135	
382	0.0283404	2.86393e-06	0.0283375	9.83599e-08	2.85983e+06	289	2.85954e+06	9.9255	
383	0.0637243	1.35665e-05	0.0637107	9.96212e-08	6.43042e+06	1369	6.42905e+06	10.0527	
384	0.0327547	3.57744e-06	0.0327511	1.81738e-07	3.30528e+06	361	3.30491e+06	18.3392	
385	0.0508371	8.33416e-06	0.0508285	3.8304e-07	5.12997e+06	841	5.1291e+06	38.6525	
386	0.0537147	8.91884e-06	0.0535453	0.000160624	5.42035e+06	900	5.40325e+06	16208.6	
387	0.0550969	1.07917e-05	0.0550861	9.7922e-08	5.55983e+06	1089	5.55874e+06	9.88131	
388	0.0293862	2.86393e-06	0.0293833	9.81121e-08	2.96536e+06	289	2.96507e+06	9.90048	
389	0.14573	6.82687e-05	0.145661	9.74419e-08	1.47056e+07	6889	1.46987e+07	9.83286	
390	0.0407524	6.19364e-06	0.0407462	9.79012e-08	4.11232e+06	625	4.1117e+06	9.8792	
391	0.044807	7.7693e-06	0.0447991	2.36515e-07	4.52148e+06	784	4.52068e+06	23.8667	
392	0.0685589	1.83232e-05	0.0685405	9.8371e-08	6.91827e+06	1849	6.91642e+06	9.92661	
393	0.0939755	3.2197e-05	0.0939433	1.82671e-07	9.48307e+06	3249	9.47981e+06	18.4333	
394	0.0833	2.8897e-05	0.0832711	9.65519e-08	8.4058e+06	2916	8.40288e+06	9.74304	
395	0.0282968	2.53691e-06	0.0282937	6.99659e-07	2.85543e+06	256	2.85511e+06	70.6026	
396	0.0746261	1.91854e-05	0.0746069	9.90269e-08	7.53052e+06	1936	7.52858e+06	9.9928	
397	0.41698	0.000556624	0.416421	2.61047e-06	4.20775e+07	56169	4.2021e+07	263.422	
398	0.123911	5.13725e-05	0.12386	7.10191e-07	1.25039e+07	5184	1.24987e+07	71.6654	
399	0.0556248	9.52334e-06	0.0556139	1.38655e-06	5.61309e+06	961	5.612e+06	139.916	
400	0.10905	3.68744e-05	0.109013	4.61432e-07	1.10043e+07	3721	1.10005e+07	46.5631	
401	0.061949	1.35665e-05	0.0619354	9.74185e-08	6.25127e+06	1369	6.2499e+06	9.83049	
402	0.125561	5.13725e-05	0.12551	4.00841e-07	1.26704e+07	5184	1.26652e+07	40.4489	
403	0.466704	0.000675067	0.466027	1.62489e-06	4.70951e+07	68121	4.70268e+07	163.967	
404	0.108726	3.56753e-05	0.108689	7.43942e-07	1.09715e+07	3600	1.09678e+07	75.0712	
405	0.047453	7.7693e-06	0.0474452	9.88264e-08	4.78848e+06	784	4.78769e+06	9.97257	
406	0.382292	0.000437023	0.381831	2.43742e-05	3.85771e+07	44100	3.85306e+07	2459.6	
407	0.0361004	3.96392e-06	0.0360964	9.80743e-08	3.64289e+06	400	3.64249e+06	9.89667	
408	0.0399617	4.79635e-06	0.0399545	2.51907e-06	4.03254e+06	484	4.03181e+06	254.199	
409	0.0303675	2.86393e-06	0.0303647	9.808e-08	3.06439e+06	289	3.0641e+06	9.89725	
410	0.105494	3.33366e-05	0.10545	1.07675e-05	1.06454e+07	3364	1.0641e+07	1086.55	
411	0.638771	0.00126299	0.637508	9.14295e-08	6.44583e+07	127449	6.43309e+07	9.22615	
412	0.0309277	2.86393e-06	0.0309223	2.67854e-06	3.12092e+06	289	3.12037e+06	270.292	
413	0.165781	8.38767e-05	0.165697	1.14097e-07	1.67289e+07	8464	1.67205e+07	11.5135	
414	0.0296081	2.53691e-06	0.0293582	0.000247457	2.98775e+06	256	2.96253e+06	24970.9	
415	2.54863	0.0193955	2.52921	1.86329e-05	2.57182e+08	1.9572e+06	2.55223e+08	1880.25	
416	0.0967737	3.56753e-05	0.096738	1.52562e-07	9.76543e+06	3600	9.76183e+06	15.395	
417	0.057979	1.01476e-05	0.0579688	9.87573e-08	5.85066e+06	1024	5.84963e+06	9.9656	
418	0.0380665	4.37023e-06	0.0380619	3.20553e-07	3.84129e+06	441	3.84083e+06	32.347	
419	0.0316564	3.57744e-06	0.0316528	9.86108e-08	3.19444e+06	361	3.19408e+06	9.95081	
420	0.160255	0.000266534	0.159989	9.6741e-08	1.61713e+07	26896	1.61444e+07	9.76213	
421	0.344997	0.000346536	0.344047	0.000604471	3.48137e+07	34969	3.47177e+07	60997.2	
422	0.0554647	8.91884e-06	0.0542367	0.0012192	5.59694e+06	900	5.47302e+06	123030	
423	0.205725	0.000152373	0.205565	7.72692e-06	2.07597e+07	15376	2.07436e+07	779.723	
424	0.0275064	2.22971e-06	0.0275042	9.86284e-08	2.77567e+06	225	2.77545e+06	9.95259	
425	0.0313555	2.86393e-06	0.0313526	1.12986e-07	3.16408e+06	289	3.16379e+06	11.4015	
426	0.0294165	2.53691e-06	0.0294139	1.31415e-07	2.96842e+06	256	2.96816e+06	13.2611	
427	0.0616616	1.14557e-05	0.0615838	6.64542e-05	6.22227e+06	1156	6.21442e+06	6705.89	
428	0.0373205	3.96392e-06	0.0373165	1.02634e-07	3.76601e+06	400	3.76561e+06	10.3568	
429	0.242978	0.000220008	0.242758	2.31508e-07	2.45189e+07	22201	2.44967e+07	23.3614	
430	0.0941971	3.33366e-05	0.0941396	2.43051e-05	9.50543e+06	3364	9.49962e+06	2452.63	
431	0.0139084	2.22971e-06	0.0139062	9.86185e-08	1.4035e+06	225	1.40327e+06	9.95159	
432	0.0334979	3.21078e-06	0.0334947	9.84538e-08	3.38027e+06	324	3.37995e+06	9.93496	
433	0.0310919	2.86393e-06	0.0310873	1.84442e-06	3.13749e+06	289	3.13702e+06	186.121	
434	0.0296986	2.53691e-06	0.0296961	9.82459e-08	2.99689e+06	256	2.99663e+06	9.91399	
435	0.0316756	2.86393e-06	0.0316702	2.58266e-06	3.19638e+06	289	3.19584e+06	260.616	
436	0.0619153	1.14557e-05	0.0619038	9.85917e-08	6.24787e+06	1156	6.24671e+06	9.94888	
437	0.0973882	3.56753e-05	0.0973518	7.68263e-07	9.82744e+06	3600	9.82377e+06	77.5254	
438	0.03724	3.96392e-06	0.0372349	1.26365e-06	3.75789e+06	400	3.75737e+06	127.515	
439	0.0290546	2.53691e-06	0.0290521	9.8746e-08	2.9319e+06	256	2.93164e+06	9.96446	
440	1.04464	0.0031411	1.0415	3.18878e-06	1.05415e+08	316969	1.05098e+08	321.78	
441	0.0425196	6.69904e-06	0.0424574	5.55729e-05	4.29065e+06	676	4.28438e+06	5607.86	
442	0.307511	0.000269794	0.307242	9.2981e-08	3.1031e+07	27225	3.10037e+07	9.38271	
443	0.0859512	2.09691e-05	0.085916	1.42914e-05	8.67333e+06	2116	8.66978e+06	1442.14	
444	0.143528	7.67416e-05	0.14345	5.90201e-07	1.44834e+07	7744	1.44756e+07	59.5572	
445	0.101891	3.80933e-05	0.101853	9.85045e-08	1.02818e+07	3844	1.0278e+07	9.94008	
446	0.0471161	6.69904e-06	0.0471062	3.29031e-06	4.75448e+06	676	4.75348e+06	332.025	
447	0.0595686	1.01476e-05	0.0595585	9.93594e-08	6.01107e+06	1024	6.01004e+06	10.0263	
448	0.0391172	4.37023e-06	0.0391128	9.91335e-08	3.94731e+06	441	3.94687e+06	10.0035	
449	0.139726	6.02913e-05	0.139666	9.9617e-08	1.40997e+07	6084	1.40937e+07	10.0523	
450	0.0353262	3.57744e-06	0.0353226	1.00533e-07	3.56476e+06	361	3.5644e+06	10.1448	
451	0.0459124	6.19364e-06	0.0459062	9.91101e-08	4.63301e+06	625	4.63239e+06	10.0012	
452	0.0661053	1.28431e-05	0.0659968	9.57018e-05	6.67068e+06	1296	6.65974e+06	9657.27	
453	0.0748916	1.66584e-05	0.0748748	2.30989e-07	7.55731e+06	1681	7.55561e+06	23.3091	
454	0.0314796	2.86393e-06	0.0314767	9.85727e-08	3.17661e+06	289	3.17632e+06	9.94697	
455	0.0457055	6.19364e-06	0.0456993	1.02785e-07	4.61214e+06	625	4.61152e+06	10.3721	
456	0.0727405	1.66584e-05	0.0727238	9.76149e-08	7.34024e+06	1681	7.33856e+06	9.85032	
457	0.0602225	1.07917e-05	0.0602115	2.74444e-07	6.07705e+06	1089	6.07594e+06	27.6942	
458	36.5309	5.16237	31.3685	4.9472e-06	3.68633e+09	5.20934e+08	3.16539e+09	499.222	
459	0.0938853	2.57754e-05	0.0938596	9.82298e-08	9.47397e+06	2601	9.47137e+06	9.91236	
460	0.0379951	4.37023e-06	0.0379895	1.25892e-06	3.83408e+06	441	3.83352e+06	127.038	
461	0.0443796	5.70805e-06	0.0443739	9.77525e-08	4.47834e+06	576	4.47777e+06	9.8642	
462	0.0501178	7.22426e-06	0.0500229	8.77835e-05	5.05739e+06	729	5.04781e+06	8858.23	
463	0.0367665	3.96392e-06	0.0367624	2.45011e-07	3.71011e+06	400	3.70969e+06	24.724	
464	0.0294984	3.21078e-06	0.0294952	9.81327e-08	2.97668e+06	324	2.97636e+06	9.90257	
465	0.0937269	2.67961e-05	0.0937	1.9789e-07	9.45798e+06	2704	9.45526e+06	19.969	
466	0.039668	5.70805e-06	0.0396622	1.95303e-07	4.00289e+06	576	4.00231e+06	19.708	
467	0.194682	0.000115588	0.194566	9.879e-08	1.96453e+07	11664	1.96337e+07	9.96889	
468	0.037924	5.24229e-06	0.0379188	1.04118e-07	3.82691e+06	529	3.82638e+06	10.5066	
469	0.0447395	7.22426e-06	0.0447322	1.6131e-07	4.51466e+06	729	4.51393e+06	16.2777	
470	0.0397613	5.24229e-06	0.039756	9.91037e-08	4.01231e+06	529	4.01178e+06	10.0005	
471	0.0839483	2.28322e-05	0.083901	2.45579e-05	8.47122e+06	2304	8.46645e+06	2478.14	
472	0.0648271	1.43097e-05	0.0648125	3.68197e-07	6.5417e+06	1444	6.54023e+06	37.1548	
473	0.0645214	1.50728e-05	0.0645063	1.15825e-07	6.51085e+06	1521	6.50932e+06	11.6879	
474	0.043799	6.69904e-06	0.0437923	9.96216e-08	4.41976e+06	676	4.41908e+06	10.0528	
475	0.0372606	4.79635e-06	0.0372465	9.41892e-06	3.75997e+06	484	3.75854e+06	950.463	
476	0.0389703	4.79635e-06	0.0389655	1.108e-07	3.93249e+06	484	3.93201e+06	11.1808	
477	0.0683176	1.83232e-05	0.0682993	9.86991e-08	6.89393e+06	1849	6.89208e+06	9.95973	
478	0.0357383	4.37023e-06	0.0357339	9.83576e-08	3.60635e+06	441	3.60591e+06	9.92526	
479	0.0382887	5.24229e-06	0.0382835	1.0807e-07	3.86371e+06	529	3.86318e+06	10.9053	
480	0.0726009	1.91854e-05	0.0725503	3.14995e-05	7.32615e+06	1936	7.32105e+06	3178.61	
481	0.0312276	2.86393e-06	0.0312236	1.20973e-06	3.15118e+06	289	3.15078e+06	122.074	
482	0.120135	5.72391e-05	0.120078	9.77655e-08	1.21228e+07	5776	1.21171e+07	9.86551	
483	0.0367885	5.70805e-06	0.0367824	4.58498e-07	3.71233e+06	576	3.71172e+06	46.267	
484	0.0446503	7.7693e-06	0.0446426	9.87888e-08	4.50566e+06	784	4.50488e+06	9.96877	
485	0.0375984	4.79635e-06	0.0375936	9.77293e-08	3.79406e+06	484	3.79357e+06	9.86186	
486	0.0272888	2.53691e-06	0.0272863	9.86135e-08	2.75371e+06	256	2.75346e+06	9.95108	
487	0.0617944	1.28431e-05	0.0617816	9.7826e-08	6.23567e+06	1296	6.23438e+06	9.87162	
488	0.120171	5.28094e-05	0.120118	9.98238e-08	1.21265e+07	5329	1.21211e+07	10.0732	
489	0.0290432	2.86393e-06	0.0290404	9.82293e-08	2.93075e+06	289	2.93046e+06	9.91231	
490	0.140275	6.66336e-05	0.140208	2.79023e-07	1.41551e+07	6724	1.41484e+07	28.1562	
491	0.154459	9.13289e-05	0.154367	7.87395e-07	1.55865e+07	9216	1.55772e+07	79.456	
492	0.234152	0.000170062	0.233967	1.5098e-05	2.36283e+07	17161	2.36096e+07	1523.54	
493	0.0608454	1.35665e-05	0.0608319	9.77456e-08	6.13991e+06	1369	6.13854e+06	9.86351	
494	0.0276973	3.21078e-06	0.0276941	9.86218e-08	2.79493e+06	324	2.79461e+06	9.95192	
495	0.0477558	7.7693e-06	0.047748	9.8057e-08	4.81903e+06	784	4.81825e+06	9.89492	
496	0.293697	0.000296591	0.2934	9.99624e-08	2.96369e+07	29929	2.9607e+07	10.0872	
497	0.290125	0.000289773	0.289835	3.18505e-07	2.92765e+07	29241	2.92473e+07	32.1404	
498	0.0301176	2.86393e-06	0.0301147	1.33432e-07	3.03917e+06	289	3.03887e+06	13.4646	
499	0.0440736	6.69904e-06	0.0440669	9.81282e-08	4.44747e+06	676	4.44679e+06	9.90211	
500	0.0525041	1.01476e-05	0.052494	9.9076e-08	5.29819e+06	1024	5.29716e+06	9.99776	
501	0.023467	2.22971e-06	0.0234647	9.82325e-08	2.36805e+06	225	2.36783e+06	9.91263	
502	2.17808	0.0185726	2.1595	1.36511e-07	2.1979e+08	1.87416e+06	2.17916e+08	13.7753	
503	0.03403	4.37023e-06	0.0340256	1.05231e-07	3.43396e+06	441	3.43352e+06	10.6188	
504	0.146163	7.84957e-05	0.146084	9.96693e-08	1.47493e+07	7921	1.47414e+07	10.0576	
505	0.0253797	2.22971e-06	0.0253769	6.85411e-07	2.56107e+06	225	2.56079e+06	69.1648	
506	0.0246455	2.22971e-06	0.0246433	9.89325e-08	2.48698e+06	225	2.48676e+06	9.98327	
507	0.140798	7.3293e-05	0.140724	9.89072e-08	1.42079e+07	7396	1.42005e+07	9.98072	
508	0.0494376	7.7693e-06	0.0494299	1.18369e-07	4.98875e+06	784	4.98797e+06	11.9447	
509	0.0583723	1.07917e-05	0.0583615	9.90286e-08	5.89035e+06	1089	5.88926e+06	9.99297	
510	0.191559	0.000137984	0.191421	9.49955e-08	1.93302e+07	13924	1.93163e+07	9.586	
511	0.0825138	2.09691e-05	0.0824929	9.67171e-08	8.32647e+06	2116	8.32435e+06	9.75972	
512	0.0589976	1.28431e-05	0.0589847	1.0159e-07	5.95344e+06	1296	5.95215e+06	10.2514	
513	0.0500472	7.7693e-06	0.0500317	7.76313e-06	5.05026e+06	784	5.0487e+06	783.377	
514	0.110509	4.05906e-05	0.110469	9.96589e-08	1.11515e+07	4096	1.11474e+07	10.0565	
515	0.0348794	3.96392e-06	0.0348754	9.84038e-08	3.51968e+06	400	3.51928e+06	9.92993	
516	0.110233	4.44852e-05	0.110188	9.85401e-08	1.11236e+07	4489	1.11191e+07	9.94368	
517	0.0491584	8.91884e-06	0.0491495	9.81851e-08	4.96057e+06	900	4.95967e+06	9.90786	
518	0.45526	0.000659637	0.4546	9.63479e-07	4.59403e+07	66564	4.58737e+07	97.2246	
519	0.0276511	2.86393e-06	0.0276483	9.91729e-08	2.79028e+06	289	2.78999e+06	10.0075	
520	0.0297367	3.21078e-06	0.0297333	2.19426e-07	3.00073e+06	324	3.00039e+06	22.1423	
521	0.174832	0.000109255	0.174723	9.7487e-08	1.76423e+07	11025	1.76313e+07	9.8374	
522	0.0447845	6.69904e-06	0.0447778	1.04113e-07	4.5192e+06	676	4.51852e+06	10.5061	
523	0.0815424	2.47745e-05	0.0815176	9.72558e-08	8.22844e+06	2500	8.22594e+06	9.81408	
524	0.025157	2.22971e-06	0.0251544	3.93823e-07	2.53859e+06	225	2.53833e+06	39.7407	
525	0.0292335	3.21078e-06	0.0292303	9.84399e-08	2.94995e+06	324	2.94962e+06	9.93356	
526	0.0392352	5.70805e-06	0.0392295	1.42277e-07	3.95922e+06	576	3.95864e+06	14.3571	
527	0.181479	0.000122098	0.181357	9.67138e-08	1.83131e+07	12321	1.83007e+07	9.75939	
528	0.0377836	4.79635e-06	0.0377788	9.81002e-08	3.81274e+06	484	3.81226e+06	9.89929	
529	0.165927	8.94361e-05	0.165837	1.16133e-06	1.67437e+07	9025	1.67346e+07	117.19	
530	3.89277	0.0564165	3.83635	8.39825e-07	3.92819e+08	5.69299e+06	3.87126e+08	84.7467	
531	0.0444706	6.69904e-06	0.0444638	1.58227e-07	4.48752e+06	676	4.48684e+06	15.9667	
532	0.4931	0.000952334	0.492148	1.98782e-07	4.97587e+07	96100	4.96626e+07	20.0591	
533	0.0409355	5.70805e-06	0.0409296	3.02364e-07	4.1308e+06	576	4.13021e+06	30.5116	
534	0.0490416	7.7693e-06	0.0490339	9.85024e-08	4.94879e+06	784	4.948e+06	9.93987	
535	0.0425626	6.69904e-06	0.0425559	9.87183e-08	4.29499e+06	676	4.29431e+06	9.96166	
536	0.0397995	5.24229e-06	0.0397943	9.86891e-08	4.01617e+06	529	4.01564e+06	9.95872	
537	0.0469736	8.33416e-06	0.0469652	1.26759e-07	4.7401e+06	841	4.73926e+06	12.7912	
538	0.0339427	3.96392e-06	0.0339388	9.80941e-08	3.42516e+06	400	3.42476e+06	9.89867	
539	0.0350449	4.37023e-06	0.0350374	3.23263e-06	3.53638e+06	441	3.53562e+06	326.204	
540	0.0420223	5.70805e-06	0.0420166	1.07784e-07	4.24047e+06	576	4.23989e+06	10.8764	
541	0.0453128	7.22426e-06	0.0453056	9.93047e-08	4.57251e+06	729	4.57178e+06	10.0208	
542	0.065037	1.66584e-05	0.0650203	9.84573e-08	6.56288e+06	1681	6.5612e+06	9.93532	
543	0.0786258	2.09691e-05	0.0786048	9.80556e-08	7.93413e+06	2116	7.93201e+06	9.89479	
544	0.00336735	2.86393e-06	0.00336449	9.84123e-08	339800	289	339511	9.93078	
545	0.0621707	1.21395e-05	0.0621586	9.95746e-08	6.27365e+06	1225	6.27242e+06	10.048	
546	0.108061	3.68744e-05	0.108024	9.9279e-08	1.09044e+07	3721	1.09007e+07	10.0182	
547	0.0285205	3.21078e-06	0.0285173	9.85084e-08	2.87801e+06	324	2.87768e+06	9.94047	
548	0.0270962	2.22971e-06	0.0270645	2.95699e-05	2.73427e+06	225	2.73107e+06	2983.9	
549	0.0336727	3.96392e-06	0.0336687	1.0193e-07	3.39791e+06	400	3.39751e+06	10.2857	
550	0.0812624	2.28322e-05	0.0812396	1.38622e-07	8.20019e+06	2304	8.19788e+06	13.9883	
551	0.0323032	3.57744e-06	0.0322981	1.58805e-06	3.25971e+06	361	3.2592e+06	160.25	
552	0.0519173	1.01476e-05	0.0519071	9.80686e-08	5.23897e+06	1024	5.23795e+06	9.8961	
553	0.0336868	3.96392e-06	0.0336828	1.16324e-07	3.39934e+06	400	3.39893e+06	11.7383	
554	0.0529823	8.91884e-06	0.0529712	2.30223e-06	5.34644e+06	900	5.34532e+06	232.318	
555	0.062018	1.28431e-05	0.0620051	1.343e-07	6.25823e+06	1296	6.25693e+06	13.5522	
556	0.0290527	2.86393e-06	0.0290498	9.8453e-08	2.9317e+06	289	2.93142e+06	9.93488	
557	0.0270801	2.22971e-06	0.027075	2.96266e-06	2.73265e+06	225	2.73213e+06	298.962	
558	0.0469447	9.52334e-06	0.0469352	9.84025e-08	4.73719e+06	961	4.73623e+06	9.92979	
559	0.101795	3.33366e-05	0.101757	4.55086e-06	1.02721e+07	3364	1.02683e+07	459.227	
560	0.0708561	1.74809e-05	0.0708386	9.81781e-08	7.15008e+06	1764	7.14832e+06	9.90715	
561	0.0570521	1.14557e-05	0.0570406	9.85248e-08	5.75712e+06	1156	5.75597e+06	9.94214	
562	0.0331567	4.37023e-06	0.0331524	1.05839e-07	3.34585e+06	441	3.3454e+06	10.6803	
563	0.0430696	6.19364e-06	0.0430599	3.58661e-06	4.34615e+06	625	4.34518e+06	361.925	
564	0.418989	0.000711753	0.418277	2.42602e-07	4.22801e+07	71823	4.22083e+07	24.4809	
565	0.027977	3.21078e-06	0.027973	9.50404e-07	2.82316e+06	324	2.82275e+06	95.9053	
566	0.0240461	2.53691e-06	0.0240435	9.83578e-08	2.42649e+06	256	2.42623e+06	9.92528	
567	0.0304534	3.21078e-06	0.0304501	1.36983e-07	3.07305e+06	324	3.07272e+06	13.823	
568	0.026534	2.86393e-06	0.0265312	9.84408e-08	2.67755e+06	289	2.67726e+06	9.93366	
569	0.0493187	9.52334e-06	0.0493089	3.27441e-07	4.97674e+06	961	4.97576e+06	33.0421	
570	0.0845269	2.8897e-05	0.084498	9.93878e-08	8.5296e+06	2916	8.52669e+06	10.0292	
571	0.347629	0.00041646	0.347211	1.57211e-06	3.50792e+07	42025	3.5037e+07	158.642	
572	0.0256765	2.22971e-06	0.0256737	6.37233e-07	2.59101e+06	225	2.59073e+06	64.3031	
573	0.0274512	2.53691e-06	0.0274486	9.86205e-08	2.7701e+06	256	2.76984e+06	9.95179	
574	0.04025	5.70805e-06	0.0402442	1.04335e-07	4.06162e+06	576	4.06104e+06	10.5285	
575	0.292926	0.000303488	0.292623	1.20015e-07	2.95592e+07	30625	2.95286e+07	12.1107	
576	0.0927248	2.8897e-05	0.0926953	6.3327e-07	9.35685e+06	2916	9.35388e+06	63.9033	
577	0.109848	4.5823e-05	0.1098	2.05625e-06	1.10847e+07	4624	1.10799e+07	207.497	
578	0.0688198	1.66584e-05	0.0688031	1.1543e-07	6.9446e+06	1681	6.94292e+06	11.648	
579	0.0743679	2.28322e-05	0.0743451	9.75688e-08	7.50447e+06	2304	7.50216e+06	9.84566	
580	0.087846	2.8897e-05	0.087817	1.923e-07	8.86454e+06	2916	8.86161e+06	19.405	
581	0.0627792	1.28431e-05	0.0627625	3.97052e-06	6.33505e+06	1296	6.33336e+06	400.665	
582	0.213877	0.000157328	0.213718	1.59707e-06	2.15823e+07	15876	2.15663e+07	161.161	
583	0.041676	6.19364e-06	0.0416693	6.37383e-07	4.20553e+06	625	4.20485e+06	64.3183	
584	0.0271553	2.53691e-06	0.0271474	5.44878e-06	2.74024e+06	256	2.73945e+06	549.836	
585	0.0977878	3.44961e-05	0.0977486	4.84909e-06	9.86777e+06	3481	9.86381e+06	489.322	
586	0.0259723	2.53691e-06	0.0259694	5.03158e-07	2.62087e+06	256	2.62057e+06	50.7737	
587	0.144263	7.50074e-05	0.144188	9.89057e-08	1.45575e+07	7569	1.455e+07	9.98056	
588	0.0423397	6.19364e-06	0.0423332	4.10059e-07	4.2725e+06	625	4.27184e+06	41.379	
589	0.114216	4.31671e-05	0.114139	3.37562e-05	1.15255e+07	4356	1.15178e+07	3406.33	
590	0.0319117	3.57744e-06	0.0319081	9.85204e-08	3.2202e+06	361	3.21984e+06	9.94169	
591	0.0282853	2.86393e-06	0.0282825	9.84635e-08	2.85427e+06	289	2.85398e+06	9.93594	
592	0.0457436	1.28431e-05	0.0457308	9.83517e-08	4.61599e+06	1296	4.61469e+06	9.92467	
593	0.663148	0.00272099	0.660427	1.07993e-07	6.69182e+07	274576	6.66436e+07	10.8975	
594	0.0233982	3.21078e-06	0.0233946	4.29884e-07	2.36111e+06	324	2.36075e+06	43.3796	
595	0.209265	0.000260073	0.209003	1.53936e-06	2.11169e+07	26244	2.10905e+07	155.337	
596	0.0322579	6.19364e-06	0.0322502	1.58857e-06	3.25515e+06	625	3.25437e+06	160.303	
597	0.0323107	6.19364e-06	0.0323039	7.2993e-07	3.26047e+06	625	3.25979e+06	73.6572	
598	0.452375	0.00124888	0.451125	1.52675e-06	4.56491e+07	126025	4.5523e+07	154.064	
599	0.113974	7.84957e-05	0.113895	1.17793e-07	1.15011e+07	7921	1.14932e+07	11.8865	
600	0.0292483	5.24229e-06	0.029243	1.36073e-07	2.95145e+06	529	2.95091e+06	13.7312	
601	0.0454508	1.28431e-05	0.045438	9.71478e-08	4.58644e+06	1296	4.58515e+06	9.80318	
602	0.0944849	5.72391e-05	0.0944276	1.0906e-07	9.53447e+06	5776	9.52869e+06	11.0052	
603	0.235138	0.000350252	0.234787	5.5204e-07	2.37277e+07	35344	2.36923e+07	55.7063	
604	0.215701	0.000293172	0.215407	3.34471e-07	2.17664e+07	29584	2.17368e+07	33.7514	
605	0.124625	9.71261e-05	0.124528	9.75665e-08	1.25759e+07	9801	1.25661e+07	9.84543	
606	0.0288651	5.24229e-06	0.0288597	2.63072e-07	2.91278e+06	529	2.91223e+06	26.5466	
607	0.0635907	2.57754e-05	0.0635638	1.22666e-06	6.41693e+06	2601	6.41422e+06	123.782	
608	0.00387107	3.21078e-06	0.00386786	9.83166e-08	390630	324	390306	9.92113	
609	0.0278519	1.28431e-05	0.0278391	9.83018e-08	2.81054e+06	1296	2.80924e+06	9.91963	
610	0.00860654	2.53691e-06	0.008604	9.82641e-08	868485	256	868229	9.91583	
611	0.0171378	2.86393e-06	0.0171349	9.83925e-08	1.72938e+06	289	1.72909e+06	9.92878	
612	0.021137	7.22426e-06	0.0211297	9.80147e-08	2.13293e+06	729	2.1322e+06	9.89066	
613	0.0435515	2.99772e-05	0.0435216	9.8064e-08	4.39478e+06	3025	4.39176e+06	9.89563	
614	0.026994	6.69904e-06	0.0269873	9.84958e-08	2.72396e+06	676	2.72328e+06	9.9392	
615	0.0509861	2.37934e-05	0.0509623	9.77524e-08	5.145e+06	2401	5.1426e+06	9.86419	
616	0.0167189	2.53691e-06	0.0167164	9.81312e-08	1.68711e+06	256	1.68685e+06	9.90242	
617	0.0253167	2.00673e-05	0.0252966	9.77765e-08	2.55471e+06	2025	2.55268e+06	9.86662	
618	0.0135703	3.57744e-06	0.0135667	9.84232e-08	1.36938e+06	361	1.36902e+06	9.93188	
619	0.0335167	1.01476e-05	0.0335066	9.86462e-08	3.38217e+06	1024	3.38115e+06	9.95438	
620	0.0167111	2.53691e-06	0.0167085	9.83471e-08	1.68631e+06	256	1.68606e+06	9.9242	
621	0.0168189	2.53691e-06	0.0168164	9.83591e-08	1.6972e+06	256	1.69694e+06	9.92541	
622	0.0252403	5.70805e-06	0.0252346	9.83298e-08	2.547e+06	576	2.54642e+06	9.92246	
623	0.0284631	7.22426e-06	0.0284559	9.81157e-08	2.87221e+06	729	2.87148e+06	9.90085	
624	0.357141	0.00113213	0.356009	1.03719e-07	3.60391e+07	114244	3.59248e+07	10.4663	
625	0.0222492	4.37023e-06	0.0222448	9.90093e-08	2.24516e+06	441	2.24472e+06	9.99102	
626	0.0421549	1.74809e-05	0.0421374	9.75901e-08	4.25385e+06	1764	4.25209e+06	9.84781	
627	0.088921	6.99237e-05	0.0888511	9.65119e-08	8.97302e+06	7056	8.96596e+06	9.73902	
628	0.016253	2.86393e-06	0.0162501	9.8321e-08	1.64009e+06	289	1.6398e+06	9.92157	
629	0.0449346	2.28322e-05	0.0449117	9.82638e-08	4.53434e+06	2304	4.53204e+06	9.9158	
630	0.0107352	3.57744e-06	0.0107316	9.84674e-08	1.08329e+06	361	1.08292e+06	9.93634	
631	0.087977	8.38767e-05	0.0878931	9.82738e-08	8.87776e+06	8464	8.86929e+06	9.91681	
632	0.0674439	4.85581e-05	0.0673953	1.00085e-07	6.80576e+06	4900	6.80086e+06	10.0996	
633	0.0756653	6.18472e-05	0.0756034	9.88203e-08	7.63538e+06	6241	7.62914e+06	9.97196	
634	0.0144104	3.21078e-06	0.0144071	9.85134e-08	1.45415e+06	324	1.45382e+06	9.94098	
635	0.0169164	2.53691e-06	0.0169139	9.83686e-08	1.70703e+06	256	1.70678e+06	9.92637	
636	0.0262901	7.22426e-06	0.0262829	9.77636e-08	2.65294e+06	729	2.65221e+06	9.86532	
637	0.0156633	2.53691e-06	0.0156608	9.83021e-08	1.58059e+06	256	1.58033e+06	9.91966	
638	0.234379	0.000639321	0.23374	9.69908e-08	2.36512e+07	64513.8	2.35866e+07	9.78734	
639	0.0202823	4.79635e-06	0.0202775	9.81588e-08	2.04668e+06	484	2.0462e+06	9.9052	
640	0.0162882	7.22426e-06	0.016281	9.85159e-08	1.64364e+06	729	1.64291e+06	9.94124	
641	0.0663098	3.9332e-05	0.0662704	9.94626e-08	6.69132e+06	3969	6.68735e+06	10.0367	
642	0.0752204	8.02695e-05	0.0751401	1.00387e-07	7.59049e+06	8100	7.58239e+06	10.1301	
643	0.0153398	3.57744e-06	0.0153362	9.85152e-08	1.54793e+06	361	1.54757e+06	9.94116	
644	0.0529765	2.57754e-05	0.0529507	9.75012e-08	5.34585e+06	2601	5.34325e+06	9.83884	
645	0.0449132	2.37934e-05	0.0448894	9.89296e-08	4.53218e+06	2401	4.52978e+06	9.98299	
646	0.0493693	2.99772e-05	0.0493393	9.7873e-08	4.98185e+06	3025	4.97883e+06	9.87636	
647	0.0137099	2.22971e-06	0.0137076	9.85034e-08	1.38346e+06	225	1.38324e+06	9.93997	
648	0.0291827	1.01476e-05	0.0291726	9.81647e-08	2.94483e+06	1024	2.9438e+06	9.9058	
649	0.0978808	8.75632e-05	0.0977932	9.82966e-08	9.87715e+06	8836	9.86831e+06	9.9191	
650	0.0933351	0.000105133	0.09323	9.83005e-08	9.41844e+06	10609	9.40783e+06	9.9195	
651	0.0149569	2.53691e-06	0.0149544	9.84342e-08	1.50931e+06	256	1.50905e+06	9.933	
652	0.022142	6.19364e-06	0.0221358	9.86315e-08	2.23435e+06	625	2.23373e+06	9.95289	
653	0.0235494	6.69904e-06	0.0235427	9.86969e-08	2.37637e+06	676	2.37569e+06	9.9595	
654	0.0121603	2.22971e-06	0.0121581	9.80723e-08	1.2271e+06	225	1.22687e+06	9.89647	
655	0.0207395	4.37023e-06	0.0207352	9.82743e-08	2.09283e+06	441	2.09238e+06	9.91686	
656	0.0180443	3.96392e-06	0.0180403	9.8556e-08	1.82085e+06	400	1.82045e+06	9.94528	
657	0.0143828	2.22971e-06	0.0143806	9.87409e-08	1.45137e+06	225	1.45114e+06	9.96394	
658	0.0164988	2.86393e-06	0.0164959	9.81866e-08	1.66489e+06	289	1.6646e+06	9.90801	
659	0.0151352	6.19364e-06	0.015129	9.82037e-08	1.5273e+06	625	1.52667e+06	9.90973	
660	0.0252607	6.69904e-06	0.025254	9.77464e-08	2.54905e+06	676	2.54838e+06	9.86358	
661	0.0257067	6.69904e-06	0.0257	9.86152e-08	2.59406e+06	676	2.59338e+06	9.95125	
662	0.016404	2.86393e-06	0.0164011	9.82835e-08	1.65533e+06	289	1.65504e+06	9.91778	
663	0.0416353	1.83232e-05	0.041617	9.73547e-08	4.20142e+06	1849	4.19957e+06	9.82406	
664	0.0479664	2.47745e-05	0.0479417	9.85013e-08	4.84029e+06	2500	4.83779e+06	9.93976	
665	0.065942	4.1869e-05	0.0659001	9.81936e-08	6.6542e+06	4225	6.64998e+06	9.90871	
666	0.0229603	5.70805e-06	0.0229546	9.86271e-08	2.31693e+06	576	2.31635e+06	9.95246	
667	0.0215179	1.21395e-05	0.0215057	9.88714e-08	2.17137e+06	1225	2.17014e+06	9.9771	
668	0.0516818	4.99554e-05	0.0516318	9.94569e-08	5.2152e+06	5041	5.21016e+06	10.0361	
669	0.0139291	3.57744e-06	0.0139255	9.83039e-08	1.40558e+06	361	1.40522e+06	9.91984	
670	0.0332323	2.09691e-05	0.0332114	9.81881e-08	3.35347e+06	2116	3.35136e+06	9.90815	
671	0.0307424	1.74809e-05	0.0307249	9.86706e-08	3.10222e+06	1764	3.10045e+06	9.95684	
672	0.0639619	7.67416e-05	0.0638852	9.89804e-08	6.4544e+06	7744	6.44665e+06	9.9881	
673	0.0145735	3.96392e-06	0.0145696	9.83998e-08	1.47062e+06	400	1.47022e+06	9.92952	
674	0.0102101	7.22426e-06	0.0102029	9.85797e-08	1.0303e+06	729	1.02957e+06	9.94768	
675	0.00819951	4.79635e-06	0.00819472	9.82852e-08	827412	484	826928	9.91795	
676	0.00812245	3.96392e-06	0.00811848	9.8588e-08	819636	400	819236	9.94851	
677	0.0128246	7.7693e-06	0.0128169	9.83291e-08	1.29413e+06	784	1.29335e+06	9.92238	
678	0.0178985	1.83232e-05	0.0178801	9.82899e-08	1.80613e+06	1849	1.80428e+06	9.91843	
679	0.00684153	2.22971e-06	0.0068393	9.84089e-08	690379	225	690154	9.93043	
680	0.0207225	2.00673e-05	0.0207024	9.83452e-08	2.09111e+06	2025	2.08908e+06	9.92401	
681	0.00794211	3.96392e-06	0.00793815	9.85161e-08	801438	400	801038	9.94126	
682	0.0130551	1.21395e-05	0.013043	9.83273e-08	1.31739e+06	1225	1.31617e+06	9.9222	
683	0.0101128	4.79635e-06	0.010108	9.84763e-08	1.02048e+06	484	1.02e+06	9.93724	
684	0.0208974	2.00673e-05	0.0208773	9.86463e-08	2.10876e+06	2025	2.10673e+06	9.95439	
685	0.00672039	2.22971e-06	0.00671816	9.84413e-08	678155	225	677930	9.93371	
686	0.0145708	1.01476e-05	0.0145607	9.82485e-08	1.47034e+06	1024	1.46932e+06	9.91425	
687	0.0102149	5.24229e-06	0.0102096	9.84555e-08	1.03078e+06	529	1.03025e+06	9.93514	
688	0.0148869	1.07917e-05	0.0148761	9.84785e-08	1.50224e+06	1089	1.50115e+06	9.93746	
689	0.0161564	1.28431e-05	0.0161435	9.84508e-08	1.63034e+06	1296	1.62904e+06	9.93467	
690	0.020049	3.44961e-05	0.0200145	9.83358e-08	2.02314e+06	3481	2.01966e+06	9.92306	
691	0.0116708	6.19364e-06	0.0116646	9.85508e-08	1.1777e+06	625	1.17707e+06	9.94475	
692	0.0140471	1.35665e-05	0.0140336	9.82484e-08	1.4175e+06	1369	1.41613e+06	9.91424	
693	0.0169217	1.35665e-05	0.0169081	9.80897e-08	1.70757e+06	1369	1.7062e+06	9.89823	
694	0.00661038	3.21078e-06	0.00660717	9.84497e-08	667053	324	666729	9.93455	
695	0.00717939	3.57744e-06	0.00717581	9.85453e-08	724471	361	724110	9.9442	
696	0.0165183	2.47745e-05	0.0164935	9.84325e-08	1.66686e+06	2500	1.66436e+06	9.93282	
697	0.00851074	4.79635e-06	0.00850594	9.84191e-08	858818	484	858334	9.93146	
698	0.0128536	7.7693e-06	0.0128459	9.8572e-08	1.29706e+06	784	1.29628e+06	9.94689	
699	0.010272	8.33416e-06	0.0102637	9.84527e-08	1.03655e+06	841	1.0357e+06	9.93486	
700	0.0359266	5.72391e-05	0.0358693	9.79547e-08	3.62535e+06	5776	3.61957e+06	9.88461	
701	0.0126221	7.22426e-06	0.0126149	9.85416e-08	1.2737e+06	729	1.27297e+06	9.94383	
702	0.00785694	3.21078e-06	0.00785373	9.81367e-08	792844	324	792520	9.90297	
703	0.0440404	0.000162362	0.043878	9.78065e-08	4.44411e+06	16384	4.42773e+06	9.86965	
704	0.010937	5.70805e-06	0.0109313	9.84847e-08	1.10365e+06	576	1.10308e+06	9.93809	
705	0.0111707	7.22426e-06	0.0111635	9.8415e-08	1.12723e+06	729	1.12651e+06	9.93105	
706	0.0203082	2.18908e-05	0.0202863	9.79043e-08	2.0493e+06	2209	2.04709e+06	9.87952	
707	0.00807	5.24229e-06	0.00806476	9.82189e-08	814343	529	813814	9.91127	
708	0.0152475	1.74809e-05	0.01523	9.85455e-08	1.53862e+06	1764	1.53686e+06	9.94422	
709	0.00876503	4.79635e-06	0.00876023	9.86004e-08	884479	484	883995	9.94976	
710	0.0278827	4.85581e-05	0.0278341	9.85634e-08	2.81364e+06	4900	2.80874e+06	9.94603	
711	0.0129267	1.21395e-05	0.0129146	9.82616e-08	1.30443e+06	1225	1.30321e+06	9.91557	
712	0.0259341	5.13725e-05	0.0258827	9.79922e-08	2.61701e+06	5184	2.61182e+06	9.88839	
713	0.043865	0.00017794	0.043687	9.81515e-08	4.42641e+06	17956	4.40846e+06	9.90446	
714	0.00957536	3.57744e-06	0.00957178	9.85585e-08	966249	361	965888	9.94554	
715	0.0143424	1.50728e-05	0.0143273	9.82444e-08	1.44729e+06	1521	1.44577e+06	9.91383	
716	0.00567345	2.22971e-06	0.00567122	9.84535e-08	572507	225	572282	9.93494	
717	0.00656376	3.21078e-06	0.00656055	9.83762e-08	662348	324	662024	9.92714	
718	0.0345293	9.90982e-05	0.0344302	9.87909e-08	3.48435e+06	10000	3.47435e+06	9.96899	
719	0.00597725	1.58557e-05	0.00596139	9.84118e-08	603164	1600	601564	9.93073	
720	0.0121388	7.7693e-06	0.012131	9.843e-08	1.22493e+06	784	1.22414e+06	9.93257	
721	0.00764646	2.22971e-06	0.00764423	9.83046e-08	771604	225	771379	9.91991	
722	0.00945352	6.69904e-06	0.00944682	9.83539e-08	953954	676	953278	9.92489	
723	0.0472164	0.000188722	0.0470276	9.87802e-08	4.7646e+06	19044	4.74556e+06	9.96791	
724	0.0525726	0.000256872	0.0523158	9.89901e-08	5.3051e+06	25921	5.27918e+06	9.98909	
725	0.0054813	1.28431e-05	0.00546846	9.82895e-08	553118	1296	551822	9.91839	
726	0.00745244	2.28322e-05	0.00742961	9.82009e-08	752026	2304	749722	9.90945	
727	0.0271795	6.02913e-05	0.0271192	9.8458e-08	2.74268e+06	6084	2.7366e+06	9.9354	
728	0.00674982	3.57744e-06	0.00674624	9.83821e-08	681124	361	680763	9.92774	
729	0.0810251	0.00226423	0.0787608	9.93823e-08	8.17623e+06	228484	7.94775e+06	10.0286	
730	0.00723587	2.86393e-06	0.00723301	9.83889e-08	730172	289	729883	9.92842	
731	0.00512869	2.22971e-06	0.00512646	9.83455e-08	517536	225	517311	9.92404	
732	0.0145744	1.14557e-05	0.014563	9.85814e-08	1.4707e+06	1156	1.46955e+06	9.94784	
733	0.0460437	0.000214141	0.0458296	9.80485e-08	4.64627e+06	21609	4.62466e+06	9.89407	
734	0.00691045	3.96392e-06	0.00690648	9.84331e-08	697333	400	696933	9.93288	
735	0.006955	2.53691e-06	0.00695246	9.82967e-08	701828	256	701572	9.91912	
736	0.0056083	2.53691e-06	0.00560576	9.8467e-08	565933	256	565677	9.9363	
737	0.00970967	4.79635e-06	0.00970487	9.8282e-08	979802	484	979318	9.91763	
738	0.0214389	4.71806e-05	0.0213918	9.86659e-08	2.1634e+06	4761	2.15864e+06	9.95637	
739	0.00512102	8.33416e-06	0.00511269	9.82426e-08	516762	841	515921	9.91365	
740	0.00306237	3.21078e-06	0.00305916	9.83579e-08	309024	324	308700	9.92529	
741	0.010387	3.80933e-05	0.0103489	9.86483e-08	1.04816e+06	3844	1.04431e+06	9.95459	
742	0.0116799	4.05906e-05	0.0116393	9.85637e-08	1.17861e+06	4096	1.17452e+06	9.94605	
743	0.00309487	3.21078e-06	0.00309166	9.83999e-08	312303	324	311979	9.92953	
744	0.0267142	0.000214141	0.0265001	9.83922e-08	2.69573e+06	21609	2.67412e+06	9.92875	
745	0.00461914	2.22971e-06	0.00461691	9.84019e-08	466117	225	465892	9.92973	
746	0.0477413	0.000701179	0.0470401	9.89367e-08	4.81757e+06	70756	4.74681e+06	9.9837	
747	0.00335592	3.57744e-06	0.00335234	9.84334e-08	338646	361	338285	9.93291	
748	0.00359664	3.57744e-06	0.00359307	9.83547e-08	362937	361	362576	9.92496	
749	0.0336922	0.000303488	0.0333887	9.80609e-08	3.39988e+06	30625	3.36926e+06	9.89533	
750	0.00980753	2.86393e-06	0.00980467	9.85025e-08	989678	289	989389	9.93988	
751	0.0195111	0.000133346	0.0193777	9.88569e-08	1.96886e+06	13456	1.9554e+06	9.97565	
752	0.00366701	3.96392e-06	0.00366305	9.83158e-08	370038	400	369638	9.92105	
753	0.00283498	2.22971e-06	0.00283276	9.83758e-08	286078	225	285853	9.9271	
754	0.00295427	2.86393e-06	0.00295141	9.83938e-08	298116	289	297827	9.92891	
755	0.0192651	1.07917e-05	0.0192543	9.84754e-08	1.94404e+06	1089	1.94295e+06	9.93715	
756	0.0426344	0.000506154	0.0421283	9.74454e-08	4.30224e+06	51076	4.25116e+06	9.83321	
757	0.0212009	0.000133346	0.0210676	9.83096e-08	2.13939e+06	13456	2.12593e+06	9.92042	
758	0.00925494	2.99772e-05	0.00922496	9.84914e-08	933915	3025	930890	9.93876	
759	0.015949	7.22426e-06	0.0159418	9.85313e-08	1.60942e+06	729	1.60869e+06	9.94279	
760	0.0177718	0.000109255	0.0176626	9.83916e-08	1.79335e+06	11025	1.78233e+06	9.92869	
761	0.0050042	6.69904e-06	0.0049975	9.83961e-08	504973	676	504297	9.92915	
762	0.00447508	5.24229e-06	0.00446983	9.85081e-08	451580	529	451051	9.94045	
763	0.0089165	3.57744e-06	0.00891292	9.83568e-08	899763	361	899402	9.92518	
764	0.00352107	3.21078e-06	0.00351785	9.84679e-08	355311	324	354987	9.93639	
765	0.0242802	1.58557e-05	0.0242643	9.83766e-08	2.45011e+06	1600	2.44851e+06	9.92718	
766	0.0039002	3.96392e-06	0.00389624	9.85336e-08	393569	400	393169	9.94302	
767	0.106814	0.00265904	0.104155	9.94096e-08	1.07786e+07	268324	1.05102e+07	10.0314	
768	0.00724854	1.35665e-05	0.00723498	9.83566e-08	731450	1369	730081	9.92516	
769	0.0201494	1.07917e-05	0.0201386	9.8794e-08	2.03328e+06	1089	2.03219e+06	9.9693	
770	0.0478256	0.00064945	0.0471761	9.88167e-08	4.82608e+06	65536	4.76054e+06	9.97159	
771	0.0034939	3.21078e-06	0.00349069	9.84415e-08	352569	324	352245	9.93372	
772	0.00253049	2.53691e-06	0.00252796	9.84679e-08	255352	256	255096	9.93639	
773	0.00240508	2.22971e-06	0.00240285	9.84154e-08	242697	225	242472	9.9311	
774	0.0283131	1.14557e-05	0.0283016	9.90025e-08	2.85707e+06	1156	2.85591e+06	9.99033	
775	0.0120045	3.96392e-06	0.0120005	9.85876e-08	1.21137e+06	400	1.21097e+06	9.94847	
776	0.0258562	1.74809e-05	0.0258387	9.8616e-08	2.60915e+06	1764	2.60738e+06	9.95134	
777	0.00247944	2.86393e-06	0.00247657	9.84085e-08	250200	289	249911	9.9304	
778	0.00449487	6.19364e-06	0.00448867	9.84416e-08	453577	625	452952	9.93374	
779	0.0132074	4.79635e-06	0.0132026	9.8647e-08	1.33276e+06	484	1.33227e+06	9.95446	
780	0.0217836	1.28431e-05	0.0217707	9.8514e-08	2.19818e+06	1296	2.19688e+06	9.94105	
781	0.0367647	3.56753e-05	0.036729	9.85874e-08	3.70992e+06	3600	3.70632e+06	9.94845	
782	0.0272718	2.00673e-05	0.0272517	9.85104e-08	2.75199e+06	2025	2.74997e+06	9.94068	
783	0.0270612	1.91854e-05	0.027042	9.81153e-08	2.73074e+06	1936	2.72881e+06	9.90081	
784	0.0042919	4.37023e-06	0.00428753	9.8376e-08	433095	441	432654	9.92712	
785	0.0110265	3.21078e-06	0.0110233	9.84488e-08	1.11268e+06	324	1.11236e+06	9.93447	
786	0.00802296	1.50728e-05	0.00800788	9.83242e-08	809596	1521	808075	9.92189	
787	0.0482384	0.000488395	0.04775	9.8216e-08	4.86773e+06	49284	4.81845e+06	9.91097	
788	0.0111309	2.67961e-05	0.0111041	9.83e-08	1.12322e+06	2704	1.12051e+06	9.91945	
789	0.00927805	2.22971e-06	0.00927582	9.83124e-08	936248	225	936023	9.9207	
790	0.00372051	2.86393e-06	0.00371764	9.8302e-08	375436	289	375147	9.91965	
791	0.00905741	1.83232e-05	0.00903908	9.83922e-08	913982	1849	912133	9.92876	
792	0.0148125	3.21078e-06	0.0148093	9.84543e-08	1.49473e+06	324	1.49441e+06	9.93502	
793	0.00435218	3.96392e-06	0.00434821	9.84473e-08	439178	400	438778	9.93431	
794	0.0145283	3.57744e-06	0.0145248	9.81493e-08	1.46605e+06	361	1.46569e+06	9.90424	
795	0.00395748	3.21078e-06	0.00395427	9.83598e-08	399349	324	399025	9.92548	
796	0.012266	2.78367e-05	0.0122382	9.84681e-08	1.23776e+06	2809	1.23496e+06	9.93641	
797	0.00676333	9.52334e-06	0.00675381	9.85935e-08	682487	961	681526	9.94906	
798	0.00507402	5.24229e-06	0.00506878	9.83675e-08	512019	529	511490	9.92626	
799	0.0116142	2.47745e-05	0.0115894	9.83218e-08	1.17199e+06	2500	1.16949e+06	9.92164	
800	0.00533494	5.70805e-06	0.00532923	9.83926e-08	538349	576	537773	9.92879	
801	0.0560545	4.44852e-05	0.0560101	9.782e-08	5.65646e+06	4489	5.65197e+06	9.87101	
802	0.0144511	4.79635e-06	0.0144463	9.86121e-08	1.45826e+06	484	1.45778e+06	9.95095	
803	0.0707384	0.000105133	0.0706333	9.97494e-08	7.13821e+06	10609	7.1276e+06	10.0657	
804	0.0396268	3.33366e-05	0.0395934	9.84473e-08	3.99874e+06	3364	3.99537e+06	9.93431	
805	0.0288984	1.14557e-05	0.0288869	9.85625e-08	2.91613e+06	1156	2.91498e+06	9.94594	
806	0.0333376	1.74809e-05	0.0333202	9.88376e-08	3.3641e+06	1764	3.36234e+06	9.9737	
807	0.012066	3.21078e-06	0.0120628	9.83822e-08	1.21758e+06	324	1.21725e+06	9.92774	
808	0.00986333	2.22971e-06	0.0098611	9.82428e-08	995308	225	995083	9.91367	
809	0.0112905	2.86393e-06	0.0112876	9.86153e-08	1.13932e+06	289	1.13903e+06	9.95127	
810	0.379654	0.00283643	0.376818	1.00316e-07	3.83109e+07	286225	3.80247e+07	10.1229	
811	0.0388976	3.56753e-05	0.0388619	9.81414e-08	3.92516e+06	3600	3.92156e+06	9.90345	
812	0.0214638	8.91884e-06	0.0214549	9.83965e-08	2.16591e+06	900	2.16501e+06	9.92919	
813	0.0329278	2.18908e-05	0.0329059	9.84705e-08	3.32274e+06	2209	3.32053e+06	9.93666	
814	0.0165443	5.24229e-06	0.0165391	9.79483e-08	1.66948e+06	529	1.66896e+06	9.88396	
815	0.0822234	0.000128788	0.0820946	9.82083e-08	8.29716e+06	12996	8.28416e+06	9.91019	
816	0.0532367	5.28094e-05	0.0531839	9.80299e-08	5.37211e+06	5329	5.36678e+06	9.89219	
817	0.0274768	1.74809e-05	0.0274593	9.8786e-08	2.77269e+06	1764	2.77092e+06	9.96849	
818	0.0242385	1.35665e-05	0.0242249	9.84498e-08	2.4459e+06	1369	2.44454e+06	9.93456	
819	0.0260168	1.07917e-05	0.026006	9.90913e-08	2.62536e+06	1089	2.62427e+06	9.9993	
820	0.01254	3.57744e-06	0.0125364	9.84571e-08	1.26541e+06	361	1.26505e+06	9.9353	
821	0.184449	0.000589991	0.183859	9.93886e-08	1.86128e+07	59536	1.85532e+07	10.0293	
822	0.0905884	0.000191467	0.090397	9.8579e-08	9.14128e+06	19321	9.12196e+06	9.9476	
823	1.16212	0.0211816	1.14094	7.37074e-08	1.1727e+08	2.13744e+06	1.15132e+08	7.43781	
824	0.0165069	6.19364e-06	0.0165007	9.84688e-08	1.66571e+06	625	1.66509e+06	9.93648	
825	0.0960731	0.000191467	0.0958817	9.70633e-08	9.69474e+06	19321	9.67542e+06	9.79465	
826	0.0806673	0.000115588	0.0805517	9.78601e-08	8.14013e+06	11664	8.12847e+06	9.87506	
827	0.0556217	5.42662e-05	0.0555675	9.86311e-08	5.61279e+06	5476	5.60731e+06	9.95286	
828	0.0853856	0.000159835	0.0852257	9.90525e-08	8.61625e+06	16129	8.60012e+06	9.99538	
829	0.035885	2.28322e-05	0.0358622	9.87104e-08	3.62116e+06	2304	3.61885e+06	9.96087	
830	0.106312	0.000208354	0.106104	9.71473e-08	1.07279e+07	21025	1.07069e+07	9.80313	
831	0.0110883	2.22971e-06	0.011086	9.84056e-08	1.11892e+06	225	1.11869e+06	9.9301	
832	0.0185087	7.7693e-06	0.0185009	9.82553e-08	1.86771e+06	784	1.86693e+06	9.91494	
