Node	dPC	dPCintra	dPCflux	dPCconnector	varPC	varPCintra	varPCflux	varPCconnector	
1	0.0319701	1.76015e-05	0.0319525	0	1.3241e+06	729	1.32337e+06	0	
2	0.00667795	8.71626e-06	0.00666924	0	276579	361	276218	0	
3	0.0179747	6.52874e-05	0.0179094	0	744457	2704	741753	0	
4	0.0341782	1.89295e-05	0.0341593	0	1.41555e+06	784	1.41476e+06	0	
5	0.0339182	2.17303e-05	0.0338965	0	1.40478e+06	900	1.40388e+06	0	
6	0.0183842	6.18106e-06	0.018378	0	761416	256	761160	0	
7	0.0226664	7.8229e-06	0.0226586	0	938773	324	938449	0	
8	0.0290915	1.27725e-05	0.0290787	0	1.20487e+06	529	1.20435e+06	0	
9	0.00970588	1.39073e-05	0.00969197	0	401986	576	401410	0	
10	0.0216368	6.97784e-06	0.0216298	0	896130	289	895841	0	
11	0.162912	0.000414348	0.162498	0	6.74732e+06	17161	6.73016e+06	0	
12	0.00745777	8.71626e-06	0.00744905	0	308877	361	308516	0	
13	0.0492877	3.67242e-05	0.0492509	0	2.04134e+06	1521	2.03981e+06	0	
14	0.15117	0.00035937	0.150811	0	6.261e+06	14884	6.24611e+06	0	
15	0.0302891	1.39073e-05	0.0302752	0	1.25448e+06	576	1.2539e+06	0	
16	0.0666318	6.78226e-05	0.066564	0	2.75967e+06	2809	2.75686e+06	0	
17	0.0551983	4.46437e-05	0.0551537	0	2.28614e+06	1849	2.28429e+06	0	
18	0.00609643	6.97784e-06	0.00608946	0	252495	289	252206	0	
19	0.0088092	1.1686e-05	0.00879751	0	364849	484	364365	0	
20	0.0740409	8.40479e-05	0.0739569	0	3.06654e+06	3481	3.06306e+06	0	
21	0.00635483	6.18106e-06	0.00634864	0	263196	256	262940	0	
22	0.0380176	2.17303e-05	0.0379958	0	1.57456e+06	900	1.57366e+06	0	
23	0.648013	0.0111317	0.636881	0	2.68386e+07	461041	2.63776e+07	0	
24	0.0364987	2.03057e-05	0.0364784	0	1.51166e+06	841	1.51082e+06	0	
25	0.0226682	7.8229e-06	0.0226603	0	938844	324	938520	0	
26	0.00717727	5.43257e-06	0.00717184	0	297259	225	297034	0	
27	0.0179371	2.79113e-05	0.0179092	0	742901	1156	741745	0	
28	0.0118101	1.06478e-05	0.0117994	0	489137	441	488696	0	
29	0.0443743	2.79113e-05	0.0443464	0	1.83784e+06	1156	1.83668e+06	0	
30	0.0201026	5.43257e-06	0.0200972	0	832587	225	832362	0	
31	0.0579592	6.28005e-05	0.0578964	0	2.40048e+06	2601	2.39788e+06	0	
32	0.0314833	2.17303e-05	0.0314616	0	1.30393e+06	900	1.30303e+06	0	
33	0.0448767	2.47242e-05	0.044852	0	1.85865e+06	1024	1.85762e+06	0	
34	0.0206669	5.43257e-06	0.0206615	0	855961	225	855736	0	
35	0.0369177	1.76015e-05	0.0369001	0	1.52901e+06	729	1.52828e+06	0	
36	0.0312281	1.27725e-05	0.0312154	0	1.29337e+06	529	1.29284e+06	0	
37	1.47018	0.0269247	1.44326	0	6.08905e+07	1.11513e+06	5.97753e+07	0	
38	0.0163096	1.27725e-05	0.0162969	0	675494	529	674965	0	
39	0.00988819	5.43257e-06	0.00988276	0	409537	225	409312	0	
40	0.0357382	1.50904e-05	0.0357231	0	1.48016e+06	625	1.47953e+06	0	
41	0.0507191	4.05873e-05	0.0506785	0	2.10062e+06	1681	2.09894e+06	0	
42	0.019651	5.43257e-06	0.0196455	0	813882	225	813657	0	
43	0.0253273	7.8229e-06	0.0253195	0	1.04898e+06	324	1.04865e+06	0	
44	0.025086	7.8229e-06	0.0250781	0	1.03898e+06	324	1.03865e+06	0	
45	0.0370099	1.63218e-05	0.0369936	0	1.53283e+06	676	1.53215e+06	0	
46	0.249351	0.00117925	0.248172	0	1.03273e+07	48841	1.02785e+07	0	
47	0.0901687	9.8897e-05	0.0900698	0	3.7345e+06	4096	3.7304e+06	0	
48	0.065969	4.88931e-05	0.0659201	0	2.73222e+06	2025	2.7302e+06	0	
49	0.0359591	1.50904e-05	0.035944	0	1.48931e+06	625	1.48868e+06	0	
50	0.00695583	1.27725e-05	0.00694305	0	288088	529	287559	0	
51	0.0206973	5.43257e-06	0.0206918	0	857216	225	856991	0	
52	0.236661	0.000618106	0.236043	0	9.80177e+06	25600	9.77617e+06	0	
53	0.0564682	3.67242e-05	0.0564315	0	2.33873e+06	1521	2.33721e+06	0	
54	0.382	0.00168279	0.380317	0	1.58212e+07	69696	1.57515e+07	0	
55	0.0226072	6.18106e-06	0.0226011	0	936321	256	936065	0	
56	5.17391	0.299503	4.87441	0	2.14287e+08	1.24044e+07	2.01882e+08	0	
57	0.0279667	7.8229e-06	0.0279588	0	1.15829e+06	324	1.15796e+06	0	
58	0.0669587	4.46437e-05	0.066914	0	2.77321e+06	1849	2.77136e+06	0	
59	0.0324021	1.06478e-05	0.0323914	0	1.34199e+06	441	1.34155e+06	0	
60	0.0545892	2.95773e-05	0.0545597	0	2.26091e+06	1225	2.25968e+06	0	
61	0.401447	0.00170838	0.399739	0	1.66266e+07	70756	1.65559e+07	0	
62	0.0675305	0.000143154	0.0673874	0	2.7969e+06	5929	2.79097e+06	0	
63	0.0152391	6.97784e-06	0.0152321	0	631156	289	630867	0	
64	0.0350169	1.76015e-05	0.0349993	0	1.45029e+06	729	1.44956e+06	0	
65	0.131471	0.000204361	0.131267	0	5.44512e+06	8464	5.43666e+06	0	
66	0.020839	6.18106e-06	0.0208328	0	863087	256	862831	0	
67	0.0227016	7.8229e-06	0.0226938	0	940231	324	939907	0	
68	0.0210804	6.18106e-06	0.0210742	0	873085	256	872829	0	
69	0.0229711	6.18106e-06	0.0229649	0	951392	256	951136	0	
70	0.259596	0.000765003	0.258831	0	1.07516e+07	31684	1.07199e+07	0	
71	0.132008	0.000241447	0.131766	0	5.46735e+06	10000	5.45735e+06	0	
72	0.0186376	5.43257e-06	0.0186321	0	771910	225	771685	0	
73	0.0295961	8.71626e-06	0.0295874	0	1.22577e+06	361	1.22541e+06	0	
74	0.106108	0.000111645	0.105996	0	4.39465e+06	4624	4.39003e+06	0	
75	0.0234182	5.43257e-06	0.0234127	0	969907	225	969682	0	
76	0.0232917	5.43257e-06	0.0232863	0	964672	225	964447	0	
77	0.072725	5.56295e-05	0.0726693	0	3.01203e+06	2304	3.00973e+06	0	
78	0.025834	2.32031e-05	0.0258108	0	1.06996e+06	961	1.069e+06	0	
79	0.0361237	1.39073e-05	0.0361098	0	1.49613e+06	576	1.49555e+06	0	
80	0.214557	0.000500666	0.214056	0	8.88628e+06	20736	8.86555e+06	0	
81	0.029206	8.71626e-06	0.0291973	0	1.20962e+06	361	1.20925e+06	0	
82	0.0423686	1.89295e-05	0.0423497	0	1.75477e+06	784	1.75399e+06	0	
83	0.0789192	7.04061e-05	0.0788488	0	3.26858e+06	2916	3.26566e+06	0	
84	0.0345059	1.1686e-05	0.0344942	0	1.42912e+06	484	1.42864e+06	0	
85	0.0588491	3.30542e-05	0.0588161	0	2.43734e+06	1369	2.43597e+06	0	
86	0.0111487	6.18106e-06	0.0111426	0	461747	256	461491	0	
87	0.0395996	1.63218e-05	0.0395832	0	1.64008e+06	676	1.63941e+06	0	
88	0.0280886	1.1686e-05	0.0280769	0	1.16334e+06	484	1.16285e+06	0	
89	0.104024	0.000105174	0.103919	0	4.30835e+06	4356	4.30399e+06	0	
90	0.232094	0.000557841	0.231536	0	9.61262e+06	23104	9.58952e+06	0	
91	0.0425352	1.76015e-05	0.0425176	0	1.76167e+06	729	1.76094e+06	0	
92	0.428141	0.00177321	0.426368	0	1.77322e+07	73441	1.76588e+07	0	
93	0.0456873	2.03057e-05	0.045667	0	1.89222e+06	841	1.89138e+06	0	
94	0.0494869	2.32031e-05	0.0494637	0	2.04959e+06	961	2.04863e+06	0	
95	0.20108	0.000408046	0.200672	0	8.32812e+06	16900	8.31122e+06	0	
96	0.0609652	3.67242e-05	0.0609285	0	2.52498e+06	1521	2.52346e+06	0	
97	0.0329379	1.06478e-05	0.0329273	0	1.36418e+06	441	1.36374e+06	0	
98	0.0489424	2.62936e-05	0.0489161	0	2.02704e+06	1089	2.02595e+06	0	
99	0.0233706	5.43257e-06	0.0233651	0	967936	225	967711	0	
100	0.0249392	6.18106e-06	0.024933	0	1.0329e+06	256	1.03264e+06	0	
101	0.0258365	6.97784e-06	0.0258295	0	1.07006e+06	289	1.06977e+06	0	
102	0.0635947	4.25914e-05	0.0635521	0	2.63389e+06	1764	2.63212e+06	0	
103	0.0239089	2.62936e-05	0.0238826	0	990231	1089	989142	0	
104	0.018114	6.18106e-06	0.0181078	0	750225	256	749969	0	
105	0.0196848	1.76015e-05	0.0196672	0	815282	729	814553	0	
106	0.0300141	8.71626e-06	0.0300054	0	1.24309e+06	361	1.24273e+06	0	
107	0.0202539	5.43257e-06	0.0202485	0	838855	225	838630	0	
108	0.0326562	1.06478e-05	0.0326455	0	1.35251e+06	441	1.35207e+06	0	
109	0.0615967	4.88931e-05	0.0615478	0	2.55114e+06	2025	2.54911e+06	0	
110	0.0211565	5.43257e-06	0.0211511	0	876236	225	876011	0	
111	0.0678466	9.28125e-05	0.0677538	0	2.80999e+06	3844	2.80614e+06	0	
112	0.0264704	8.71626e-06	0.0264617	0	1.09632e+06	361	1.09596e+06	0	
113	0.0105232	5.43257e-06	0.0105178	0	435841	225	435616	0	
114	0.0404747	1.63218e-05	0.0404584	0	1.67633e+06	676	1.67565e+06	0	
115	0.0502497	2.47242e-05	0.050225	0	2.08118e+06	1024	2.08016e+06	0	
116	0.0359206	1.27725e-05	0.0359079	0	1.48772e+06	529	1.48719e+06	0	
117	0.0315606	9.65791e-06	0.031551	0	1.30714e+06	400	1.30674e+06	0	
118	0.0204918	1.50904e-05	0.0204767	0	848708	625	848083	0	
119	0.0853515	7.30379e-05	0.0852784	0	3.53498e+06	3025	3.53196e+06	0	
120	0.0192891	6.97784e-06	0.0192821	0	798893	289	798604	0	
121	0.0480607	2.32031e-05	0.0480375	0	1.99052e+06	961	1.98956e+06	0	
122	0.0302137	8.71626e-06	0.030205	0	1.25135e+06	361	1.25099e+06	0	
123	0.0452324	2.47242e-05	0.0452076	0	1.87338e+06	1024	1.87235e+06	0	
124	0.0393279	1.89295e-05	0.039309	0	1.62883e+06	784	1.62805e+06	0	
125	0.0225042	6.18106e-06	0.022498	0	932055	256	931799	0	
126	0.0602494	4.46437e-05	0.0602048	0	2.49534e+06	1849	2.49349e+06	0	
127	4.96009	0.247088	4.713	0	2.05431e+08	1.02336e+07	1.95197e+08	0	
128	0.00645128	3.30542e-05	0.00641823	0	267191	1369	265822	0	
129	0.0458323	2.47242e-05	0.0458075	0	1.89822e+06	1024	1.8972e+06	0	
130	0.0648973	4.88931e-05	0.0648484	0	2.68783e+06	2025	2.68581e+06	0	
131	0.00527588	1.89295e-05	0.00525695	0	218510	784	217726	0	
132	0.0453548	2.47242e-05	0.0453301	0	1.87845e+06	1024	1.87743e+06	0	
133	0.0215629	5.43257e-06	0.0215575	0	893070	225	892845	0	
134	0.12694	0.00660429	0.120336	0	5.25746e+06	273529	4.98393e+06	0	
135	0.0111518	6.18106e-06	0.0111456	0	461874	256	461618	0	
136	0.107635	0.00013946	0.107496	0	4.45792e+06	5776	4.45214e+06	0	
137	0.0527313	0.00189295	0.0508383	0	2.18396e+06	78400	2.10556e+06	0	
138	0.0314572	1.06478e-05	0.0314465	0	1.30285e+06	441	1.30241e+06	0	
139	0.187262	0.000365286	0.186896	0	7.7558e+06	15129	7.74067e+06	0	
140	0.0218928	5.43257e-06	0.0218874	0	906732	225	906507	0	
141	0.0408756	1.89295e-05	0.0408567	0	1.69294e+06	784	1.69215e+06	0	
142	0.0245167	6.18106e-06	0.0245105	0	1.0154e+06	256	1.01514e+06	0	
143	0.100196	0.000121713	0.100074	0	4.14981e+06	5041	4.14477e+06	0	
144	0.0372665	2.62936e-05	0.0372402	0	1.54346e+06	1089	1.54237e+06	0	
145	0.0294316	9.65791e-06	0.029422	0	1.21896e+06	400	1.21856e+06	0	
146	0.049346	2.62936e-05	0.0493197	0	2.04375e+06	1089	2.04266e+06	0	
147	0.0510584	3.30542e-05	0.0510254	0	2.11467e+06	1369	2.11331e+06	0	
148	0.02326	5.43257e-06	0.0232545	0	963355	225	963130	0	
149	0.00636949	2.17303e-05	0.00634776	0	263804	900	262904	0	
150	0.0249067	6.18106e-06	0.0249005	0	1.03155e+06	256	1.0313e+06	0	
151	0.0275153	9.65791e-06	0.0275056	0	1.13959e+06	400	1.13919e+06	0	
152	0.00420563	7.8229e-06	0.00419781	0	174184	324	173860	0	
153	0.0376326	1.50904e-05	0.0376175	0	1.55862e+06	625	1.55799e+06	0	
154	0.0242886	6.18106e-06	0.0242825	0	1.00596e+06	256	1.0057e+06	0	
155	0.0325883	5.79716e-05	0.0325303	0	1.3497e+06	2401	1.3473e+06	0	
156	0.0517584	3.12916e-05	0.0517271	0	2.14366e+06	1296	2.14237e+06	0	
157	0.129703	0.000174446	0.129528	0	5.37189e+06	7225	5.36466e+06	0	
158	0.0246634	6.18106e-06	0.0246573	0	1.02148e+06	256	1.02122e+06	0	
159	0.0495927	2.62936e-05	0.0495664	0	2.05397e+06	1089	2.05288e+06	0	
160	0.0381184	1.76015e-05	0.0381008	0	1.57874e+06	729	1.57801e+06	0	
161	0.00451643	1.27725e-05	0.00450366	0	187056	529	186527	0	
162	0.0415329	1.76015e-05	0.0415153	0	1.72016e+06	729	1.71943e+06	0	
163	0.0263609	7.8229e-06	0.0263531	0	1.09178e+06	324	1.09146e+06	0	
164	0.0242978	6.97784e-06	0.0242908	0	1.00633e+06	289	1.00604e+06	0	
165	0.0425858	2.17303e-05	0.0425641	0	1.76377e+06	900	1.76287e+06	0	
166	0.0547956	3.12916e-05	0.0547643	0	2.26946e+06	1296	2.26816e+06	0	
167	0.0128885	7.8229e-06	0.0128806	0	533801	324	533477	0	
168	0.0908518	9.58306e-05	0.090756	0	3.76279e+06	3969	3.75882e+06	0	
169	0.00416698	6.97784e-06	0.00416001	0	172583	289	172294	0	
170	0.0124609	6.18106e-06	0.0124547	0	516091	256	515835	0	
171	0.0227344	0.000125166	0.0226092	0	941587	5184	936403	0	
172	0.00320728	7.8229e-06	0.00319946	0	132835	324	132511	0	
173	0.0327462	1.27725e-05	0.0327335	0	1.35624e+06	529	1.35571e+06	0	
174	0.0966854	0.00258177	0.0941036	0	4.0044e+06	106929	3.89747e+06	0	
175	0.0580045	3.86316e-05	0.0579659	0	2.40236e+06	1600	2.40076e+06	0	
176	0.0335259	1.39073e-05	0.033512	0	1.38853e+06	576	1.38796e+06	0	
177	0.0304389	1.06478e-05	0.0304282	0	1.26068e+06	441	1.26024e+06	0	
178	0.0640696	4.88931e-05	0.0640208	0	2.65356e+06	2025	2.65153e+06	0	
179	0.0310543	1.06478e-05	0.0310436	0	1.28617e+06	441	1.28572e+06	0	
180	0.0258579	6.97784e-06	0.0258509	0	1.07095e+06	289	1.07066e+06	0	
181	0.151098	0.000292151	0.150806	0	6.25801e+06	12100	6.24591e+06	0	
182	0.0436946	4.05873e-05	0.043654	0	1.80969e+06	1681	1.80801e+06	0	
183	0.0287291	8.71626e-06	0.0287204	0	1.18986e+06	361	1.1895e+06	0	
184	0.050352	2.79113e-05	0.0503241	0	2.08542e+06	1156	2.08426e+06	0	
185	0.030523	1.06478e-05	0.0305123	0	1.26416e+06	441	1.26372e+06	0	
186	0.171774	0.000319314	0.171455	0	7.11434e+06	13225	7.10112e+06	0	
187	0.0144527	0.000118309	0.0143344	0	598588	4900	593688	0	
188	0.0570828	3.4865e-05	0.057048	0	2.36419e+06	1444	2.36274e+06	0	
189	0.0346448	1.27725e-05	0.0346321	0	1.43488e+06	529	1.43435e+06	0	
190	0.0498693	2.79113e-05	0.0498413	0	2.06542e+06	1156	2.06427e+06	0	
191	0.00446985	5.43257e-06	0.00446442	0	185127	225	184902	0	
192	0.0255974	6.97784e-06	0.0255905	0	1.06016e+06	289	1.05987e+06	0	
193	0.00783317	3.30542e-05	0.00780011	0	324424	1369	323055	0	
194	0.016492	7.5718e-05	0.0164163	0	683049	3136	679913	0	
195	0.0500907	2.79113e-05	0.0500628	0	2.0746e+06	1156	2.07344e+06	0	
196	0.256915	0.000714299	0.256201	0	1.06406e+07	29584	1.0611e+07	0	
197	0.0217282	5.43257e-06	0.0217227	0	899913	225	899688	0	
198	0.00864746	5.43257e-06	0.00864203	0	358150	225	357925	0	
199	0.113218	0.000146896	0.113071	0	4.68913e+06	6084	4.68305e+06	0	
200	0.0887452	9.28125e-05	0.0886524	0	3.67554e+06	3844	3.6717e+06	0	
201	1.18896	0.0156075	1.17336	0	4.92433e+07	646416	4.85968e+07	0	
202	0.0340996	1.27725e-05	0.0340869	0	1.4123e+06	529	1.41177e+06	0	
203	0.0221893	5.43257e-06	0.0221838	0	919011	225	918786	0	
204	0.0616093	4.25914e-05	0.0615667	0	2.55166e+06	1764	2.5499e+06	0	
205	0.0281405	8.71626e-06	0.0281317	0	1.16549e+06	361	1.16512e+06	0	
206	0.102611	0.000118309	0.102492	0	4.24983e+06	4900	4.24493e+06	0	
207	0.0580651	3.86316e-05	0.0580264	0	2.40487e+06	1600	2.40327e+06	0	
208	0.0176833	6.18106e-06	0.0176771	0	732387	256	732131	0	
209	0.0162775	5.43257e-06	0.0162721	0	674164	225	673939	0	
210	0.0255715	1.39073e-05	0.0255576	0	1.05909e+06	576	1.05851e+06	0	
211	0.113709	0.000297487	0.113412	0	4.70949e+06	12321	4.69717e+06	0	
212	0.0454601	4.67443e-05	0.0454133	0	1.88281e+06	1936	1.88087e+06	0	
213	0.0224258	1.1686e-05	0.0224142	0	928808	484	928324	0	
214	0.0488518	0.000121713	0.0487301	0	2.02328e+06	5041	2.01824e+06	0	
215	0.00473523	7.8229e-06	0.0047274	0	196118	324	195794	0	
216	0.0218876	1.1686e-05	0.0218759	0	906517	484	906033	0	
217	0.0236816	3.86316e-05	0.023643	0	980820	1600	979220	0	
218	0.00979775	5.43257e-06	0.00979231	0	405791	225	405566	0	
219	0.0057413	8.71626e-06	0.00573259	0	237786	361	237425	0	
220	0.0186329	6.18106e-06	0.0186267	0	771717	256	771461	0	
221	0.00850347	6.18106e-06	0.00849729	0	352186	256	351930	0	
222	0.00848695	5.43257e-06	0.00848152	0	351502	225	351277	0	
223	0.00793141	2.03057e-05	0.00791111	0	328494	841	327653	0	
224	0.0294931	1.50904e-05	0.029478	0	1.22151e+06	625	1.22088e+06	0	
225	0.0201117	2.47242e-05	0.020087	0	832964	1024	831940	0	
226	0.0145224	1.1686e-05	0.0145107	0	601474	484	600990	0	
227	0.0302496	1.50904e-05	0.0302345	0	1.25284e+06	625	1.25221e+06	0	
228	0.0326275	1.89295e-05	0.0326086	0	1.35132e+06	784	1.35054e+06	0	
229	0.0159087	5.43257e-06	0.0159033	0	658890	225	658665	0	
230	0.0259254	1.1686e-05	0.0259137	0	1.07374e+06	484	1.07326e+06	0	
231	0.0297003	1.39073e-05	0.0296864	0	1.23009e+06	576	1.22951e+06	0	
232	0.0769701	9.28125e-05	0.0768773	0	3.18786e+06	3844	3.18401e+06	0	
233	0.0397881	2.47242e-05	0.0397634	0	1.64789e+06	1024	1.64687e+06	0	
234	0.0275041	1.27725e-05	0.0274913	0	1.13913e+06	529	1.1386e+06	0	
235	0.0194814	6.18106e-06	0.0194752	0	806858	256	806602	0	
236	0.0218775	7.8229e-06	0.0218696	0	906096	324	905772	0	
237	0.0310677	1.50904e-05	0.0310526	0	1.28672e+06	625	1.2861e+06	0	
238	0.0208729	6.97784e-06	0.0208659	0	864488	289	864199	0	
239	0.0257929	1.06478e-05	0.0257822	0	1.06826e+06	441	1.06782e+06	0	
240	0.0519265	4.25914e-05	0.0518839	0	2.15063e+06	1764	2.14886e+06	0	
241	0.061542	6.03619e-05	0.0614817	0	2.54887e+06	2500	2.54637e+06	0	
242	0.0661944	3.4865e-05	0.0661589	5.04882e-07	2.74156e+06	1444	2.74009e+06	20.9106	
243	0.192542	0.000281624	0.192259	8.10093e-07	7.97447e+06	11664	7.96277e+06	33.5515	
244	0.0449414	1.50904e-05	0.0449263	0	1.86132e+06	625	1.8607e+06	0	
245	0.070942	3.67242e-05	0.0709011	4.07912e-06	2.93819e+06	1521	2.93649e+06	168.944	
246	0.0557752	2.32031e-05	0.055752	0	2.31003e+06	961	2.30907e+06	0	
247	0.029154	6.18106e-06	0.0291478	0	1.20746e+06	256	1.20721e+06	0	
248	0.16086	0.000251202	0.160609	0	6.66231e+06	10404	6.65191e+06	0	
249	0.184106	0.000251202	0.183854	0	7.62509e+06	10404	7.61468e+06	0	
250	0.0830833	3.4865e-05	0.0830484	0	3.44104e+06	1444	3.4396e+06	0	
251	0.0795059	3.12916e-05	0.0794672	7.40253e-06	3.29288e+06	1296	3.29127e+06	306.589	
252	0.147034	0.000105174	0.146929	0	6.08971e+06	4356	6.08535e+06	0	
253	0.0990633	5.79716e-05	0.0990054	0	4.10288e+06	2401	4.10048e+06	0	
254	3.38277	0.0539641	3.3288	0	1.40103e+08	2.23502e+06	1.37868e+08	0	
255	0.0339038	5.43257e-06	0.0338984	0	1.40419e+06	225	1.40396e+06	0	
256	0.049495	1.1686e-05	0.0494833	0	2.04992e+06	484	2.04944e+06	0	
257	0.0579117	5.33358e-05	0.0578584	0	2.39852e+06	2209	2.39631e+06	0	
258	0.414744	0.000747908	0.413996	0	1.71773e+07	30976	1.71464e+07	0	
259	0.0397549	7.8229e-06	0.039747	0	1.64652e+06	324	1.64619e+06	0	
260	0.465043	0.000946572	0.464097	0	1.92606e+07	39204	1.92214e+07	0	
261	0.116203	5.79716e-05	0.116144	3.60301e-07	4.81276e+06	2401	4.81034e+06	14.9225	
262	1.00244	0.00436115	0.998086	1.36302e-06	4.15182e+07	180625	4.13375e+07	56.452	
263	0.0882423	3.30542e-05	0.088196	1.31796e-05	3.65471e+06	1369	3.65279e+06	545.86	
264	0.143871	8.69212e-05	0.143783	1.03876e-06	5.95869e+06	3600	5.95504e+06	43.0222	
265	0.0304714	1.50904e-05	0.0304563	0	1.26203e+06	625	1.2614e+06	0	
266	0.0350465	5.43257e-06	0.035024	1.70028e-05	1.45151e+06	225	1.45058e+06	704.203	
267	0.233214	0.0002463	0.232968	0	9.659e+06	10201	9.64879e+06	0	
268	0.0555422	1.39073e-05	0.0555283	0	2.30038e+06	576	2.2998e+06	0	
269	0.0773408	2.47242e-05	0.077316	3.34901e-08	3.20321e+06	1024	3.20218e+06	1.38705	
270	0.144525	9.28125e-05	0.144432	0	5.98579e+06	3844	5.98195e+06	0	
271	0.0705326	2.17303e-05	0.0705109	0	2.92123e+06	900	2.92033e+06	0	
272	0.413548	0.000714299	0.412834	5.07812e-07	1.71278e+07	29584	1.70982e+07	21.0319	
273	0.0481488	9.65791e-06	0.0481391	0	1.99417e+06	400	1.99377e+06	0	
274	0.254454	0.000266196	0.254188	0	1.05386e+07	11025	1.05276e+07	0	
275	0.0587739	1.63218e-05	0.0587576	0	2.43423e+06	676	2.43355e+06	0	
276	0.111486	6.28005e-05	0.111424	0	4.61743e+06	2601	4.61483e+06	0	
277	0.49628	0.00101468	0.495264	9.38048e-07	2.05543e+07	42025	2.05122e+07	38.8509	
278	0.137506	8.1223e-05	0.137425	0	5.69509e+06	3364	5.69172e+06	0	
279	0.104534	4.67443e-05	0.104487	4.25866e-08	4.32949e+06	1936	4.32754e+06	1.7638	
280	0.105225	4.46437e-05	0.10518	6.08587e-07	4.35811e+06	1849	4.35623e+06	25.2057	
281	1.30622	0.00795512	1.29826	1.38175e-06	5.40994e+07	329476	5.37699e+07	57.2277	
282	0.0637908	2.03057e-05	0.0637705	0	2.64201e+06	841	2.64117e+06	0	
283	0.0381575	6.18106e-06	0.0381513	0	1.58036e+06	256	1.5801e+06	0	
284	0.0737619	2.32031e-05	0.0737357	2.92507e-06	3.05498e+06	961	3.05389e+06	121.147	
285	0.08528	2.95773e-05	0.0852504	0	3.53202e+06	1225	3.5308e+06	0	
286	0.114485	5.33358e-05	0.114432	0	4.74162e+06	2209	4.73942e+06	0	
287	0.0354002	5.43257e-06	0.0353948	0	1.46616e+06	225	1.46594e+06	0	
288	0.4134	0.000714299	0.412686	0	1.71217e+07	29584	1.70921e+07	0	
289	0.22629	0.000261149	0.225587	0.000441437	9.37222e+06	10816	9.34312e+06	18282.9	
290	0.0389354	6.18106e-06	0.0389292	0	1.61258e+06	256	1.61232e+06	0	
291	0.0573999	1.39073e-05	0.0573789	7.06029e-06	2.37732e+06	576	2.37645e+06	292.415	
292	0.0813403	2.62936e-05	0.0812888	2.50985e-05	3.36885e+06	1089	3.36672e+06	1039.5	
293	0.0564493	1.39073e-05	0.0564354	0	2.33795e+06	576	2.33737e+06	0	
294	0.0406899	6.97784e-06	0.0406829	0	1.68524e+06	289	1.68495e+06	0	
295	0.613309	0.00146114	0.611848	0	2.54013e+07	60516	2.53408e+07	0	
296	0.0380804	5.43257e-06	0.0380742	6.81336e-07	1.57717e+06	225	1.57691e+06	28.2187	
297	0.0696788	2.17303e-05	0.0696571	0	2.88587e+06	900	2.88497e+06	0	
298	0.0456877	8.71626e-06	0.045679	0	1.89223e+06	361	1.89187e+06	0	
299	0.0358057	5.43257e-06	0.0358002	0	1.48295e+06	225	1.48273e+06	0	
300	0.335291	0.000466501	0.334824	8.362e-07	1.38867e+07	19321	1.38673e+07	34.6327	
301	0.0870832	2.95773e-05	0.0870528	7.26107e-07	3.60671e+06	1225	3.60545e+06	30.073	
302	1.04953	0.00425914	1.04527	0	4.34683e+07	176400	4.32919e+07	0	
303	0.0924996	3.86316e-05	0.092461	0	3.83104e+06	1600	3.82944e+06	0	
304	0.201135	0.000158413	0.200976	0	8.33037e+06	6561	8.32381e+06	0	
305	0.0362075	5.43257e-06	0.036202	0	1.4996e+06	225	1.49937e+06	0	
306	0.0411409	6.18106e-06	0.0411347	0	1.70392e+06	256	1.70366e+06	0	
307	0.0373604	5.43257e-06	0.037355	0	1.54735e+06	225	1.54712e+06	0	
308	0.0467787	9.65791e-06	0.0467691	0	1.93742e+06	400	1.93702e+06	0	
309	0.0415645	6.18106e-06	0.0415438	1.45046e-05	1.72147e+06	256	1.72061e+06	600.735	
310	0.0948567	3.67242e-05	0.09482	0	3.92866e+06	1521	3.92714e+06	0	
311	0.05826	1.27725e-05	0.0582471	0	2.41294e+06	529	2.41241e+06	0	
312	0.1407	7.5718e-05	0.140624	0	5.82734e+06	3136	5.82421e+06	0	
313	0.0634672	1.50904e-05	0.0634424	9.65903e-06	2.62861e+06	625	2.62758e+06	400.046	
314	0.316033	0.00037125	0.315662	0	1.30891e+07	15376	1.30737e+07	0	
315	0.0561026	1.27725e-05	0.0560898	0	2.32359e+06	529	2.32306e+06	0	
316	0.0398931	6.18106e-06	0.0398869	0	1.65224e+06	256	1.65198e+06	0	
317	0.09629	3.67242e-05	0.0962532	4.62634e-08	3.98802e+06	1521	3.9865e+06	1.91608	
318	0.0556521	1.1686e-05	0.0556404	0	2.30493e+06	484	2.30444e+06	0	
319	0.100655	4.25914e-05	0.100612	0	4.16882e+06	1764	4.16705e+06	0	
320	0.0563313	1.1686e-05	0.0563196	0	2.33306e+06	484	2.33257e+06	0	
321	0.0426626	6.18106e-06	0.0425799	7.64865e-05	1.76695e+06	256	1.76352e+06	3167.83	
322	0.0745101	2.03057e-05	0.0744898	0	3.08597e+06	841	3.08513e+06	0	
323	0.084991	2.62936e-05	0.0849647	0	3.52005e+06	1089	3.51896e+06	0	
324	25.013	2.22703	22.7831	0.00290247	1.03596e+09	9.22368e+07	9.43604e+08	120211	
325	0.144274	7.5718e-05	0.144198	0	5.97539e+06	3136	5.97225e+06	0	
326	0.507776	0.000853373	0.506907	1.54167e-05	2.10304e+07	35344	2.09944e+07	638.514	
327	0.14956	7.84463e-05	0.149482	5.0949e-08	6.19432e+06	3249	6.19107e+06	2.11014	
328	0.045921	6.97784e-06	0.0459131	8.97804e-07	1.9019e+06	289	1.90157e+06	37.1842	
329	0.0447826	6.97784e-06	0.0447667	8.7703e-06	1.85475e+06	289	1.85409e+06	363.238	
330	0.0629231	1.39073e-05	0.0629092	0	2.60607e+06	576	2.6055e+06	0	
331	0.19694	0.000649398	0.196291	0	8.15666e+06	26896	8.12976e+06	0	
332	0.0919711	2.79113e-05	0.0919432	0	3.80915e+06	1156	3.80799e+06	0	
333	0.0427054	6.18106e-06	0.0426954	3.76188e-06	1.76872e+06	256	1.7683e+06	155.805	
334	0.0406484	5.43257e-06	0.0405967	4.62264e-05	1.68352e+06	225	1.68138e+06	1914.55	
335	0.0964439	3.12916e-05	0.0964089	3.60975e-06	3.9944e+06	1296	3.99295e+06	149.504	
336	0.0731203	1.76015e-05	0.0731018	8.87508e-07	3.02841e+06	729	3.02764e+06	36.7577	
337	0.244258	0.00019125	0.243926	0.000140916	1.01164e+07	7921	1.01026e+07	5836.3	
338	0.07605	1.89295e-05	0.0760311	0	3.14975e+06	784	3.14896e+06	0	
339	0.0792525	2.17303e-05	0.0792308	0	3.28238e+06	900	3.28148e+06	0	
340	0.123494	4.88931e-05	0.123445	2.36401e-07	5.11474e+06	2025	5.11271e+06	9.79098	
341	0.0303671	1.50904e-05	0.030352	0	1.2577e+06	625	1.25708e+06	0	
342	0.0451811	6.97784e-06	0.0451741	0	1.87125e+06	289	1.87097e+06	0	
343	0.35757	0.000414348	0.357156	0	1.48094e+07	17161	1.47922e+07	0	
344	0.130451	5.56295e-05	0.130396	0	5.40289e+06	2304	5.40059e+06	0	
345	0.0539885	9.65791e-06	0.0539764	2.37445e-06	2.23603e+06	400	2.23553e+06	98.3423	
346	0.0296523	1.39073e-05	0.0296384	0	1.2281e+06	576	1.22753e+06	0	
347	0.0597811	1.1686e-05	0.0597694	0	2.47594e+06	484	2.47546e+06	0	
348	0.0990981	3.12916e-05	0.0990666	1.43727e-07	4.10432e+06	1296	4.10302e+06	5.95272	
349	0.0403229	5.43257e-06	0.0403146	2.76382e-06	1.67004e+06	225	1.6697e+06	114.468	
350	0.0744796	1.76015e-05	0.0744556	6.31005e-06	3.08471e+06	729	3.08371e+06	261.342	
351	0.0469296	6.97784e-06	0.0468873	3.5286e-05	1.94367e+06	289	1.94192e+06	1461.43	
352	0.138205	6.03619e-05	0.138138	6.45497e-06	5.72401e+06	2500	5.72124e+06	267.344	
353	0.205999	0.000135814	0.20585	1.35038e-05	8.53185e+06	5625	8.52566e+06	559.286	
354	0.603576	0.00113695	0.602439	3.35864e-07	2.49982e+07	47089	2.49511e+07	13.9104	
355	0.0850897	2.32031e-05	0.0850631	3.3361e-06	3.52414e+06	961	3.52304e+06	138.17	
356	0.0443737	6.18106e-06	0.0443672	3.00197e-07	1.83781e+06	256	1.83754e+06	12.4332	
357	0.0416603	5.43257e-06	0.0416541	6.83185e-07	1.72543e+06	225	1.72518e+06	28.2953	
358	0.308831	0.000297487	0.30846	7.34257e-05	1.27908e+07	12321	1.27754e+07	3041.06	
359	0.048458	9.65791e-06	0.0484388	9.53065e-06	2.00697e+06	400	2.00618e+06	394.729	
360	0.216332	0.000146896	0.216185	0	8.95979e+06	6084	8.95371e+06	0	
361	0.112511	4.05873e-05	0.11247	4.66334e-08	4.65987e+06	1681	4.65818e+06	1.9314	
362	0.0494513	7.8229e-06	0.0494435	0	2.04811e+06	324	2.04779e+06	0	
363	0.0462531	9.65791e-06	0.0462435	0	1.91565e+06	400	1.91525e+06	0	
364	0.0386891	6.18106e-06	0.0386797	3.14429e-06	1.60237e+06	256	1.60199e+06	130.226	
365	0.273886	0.000330517	0.273556	0	1.13435e+07	13689	1.13298e+07	0	
366	0.201146	0.00019125	0.200955	0	8.33083e+06	7921	8.32291e+06	0	
367	0.316811	0.000440038	0.316371	0	1.31213e+07	18225	1.31031e+07	0	
368	0.111757	3.86316e-05	0.111716	1.70256e-06	4.62863e+06	1600	4.62696e+06	70.5147	
369	0.0446375	6.18106e-06	0.0446312	1.27259e-08	1.84874e+06	256	1.84848e+06	0.527068	
370	0.107885	5.33358e-05	0.107832	0	4.46828e+06	2209	4.46607e+06	0	
371	1.66282	0.00857661	1.65421	3.17395e-05	6.88689e+07	355216	6.85123e+07	1314.55	
372	0.0456498	6.97784e-06	0.0456393	3.38191e-06	1.89067e+06	289	1.89023e+06	140.068	
373	0.240499	0.000256152	0.240243	0	9.96074e+06	10609	9.95013e+06	0	
374	0.0510479	8.71626e-06	0.0510387	3.81638e-07	2.11424e+06	361	2.11386e+06	15.8062	
375	0.0420608	5.43257e-06	0.042049	6.31165e-06	1.74202e+06	225	1.74153e+06	261.408	
376	0.151241	7.04061e-05	0.151136	3.43672e-05	6.26394e+06	2916	6.2596e+06	1423.38	
377	0.206722	0.000182751	0.206536	3.34669e-06	8.56179e+06	7569	8.55408e+06	138.609	
378	0.129862	5.33358e-05	0.129809	0	5.37849e+06	2209	5.37628e+06	0	
379	1.02435	0.00321668	1.02112	6.97849e-06	4.24253e+07	133225	4.22918e+07	289.026	
380	0.0620302	1.1686e-05	0.062014	4.48891e-06	2.56909e+06	484	2.56842e+06	185.916	
381	0.0644044	1.27725e-05	0.0643916	0	2.66742e+06	529	2.66689e+06	0	
382	0.0421999	5.43257e-06	0.042185	9.37222e-06	1.74778e+06	225	1.74717e+06	388.167	
383	0.0487114	1.06478e-05	0.0487008	0	2.01747e+06	441	2.01703e+06	0	
384	0.154803	9.8897e-05	0.154678	2.62129e-05	6.41146e+06	4096	6.40628e+06	1085.65	
385	0.109638	3.67242e-05	0.109599	1.64591e-06	4.54086e+06	1521	4.53927e+06	68.1685	
386	0.0701891	1.50904e-05	0.0701735	4.0731e-07	2.907e+06	625	2.90636e+06	16.8695	
387	0.0434044	2.95773e-05	0.0433748	0	1.79767e+06	1225	1.79644e+06	0	
388	0.64188	0.00128838	0.640535	5.67772e-05	2.65846e+07	53361	2.65289e+07	2351.53	
389	0.0450611	6.18106e-06	0.0450347	2.02029e-05	1.86629e+06	256	1.86519e+06	836.743	
390	0.087765	3.4865e-05	0.0877275	2.55164e-06	3.63494e+06	1444	3.63339e+06	105.681	
391	0.0466491	7.8229e-06	0.0466333	7.90797e-06	1.93206e+06	324	1.9314e+06	327.523	
392	0.14247	7.04061e-05	0.142341	5.78341e-05	5.90065e+06	2916	5.89534e+06	2395.3	
393	0.02297	1.1686e-05	0.0229583	0	951346	484	950862	0	
394	0.0506767	7.8229e-06	0.0506667	2.10677e-06	2.09886e+06	324	2.09845e+06	87.2559	
395	0.0531468	8.71626e-06	0.0531276	1.04475e-05	2.20117e+06	361	2.20037e+06	432.705	
396	0.230766	0.000174446	0.23057	2.15898e-05	9.55762e+06	7225	9.5495e+06	894.184	
397	0.0940558	2.62936e-05	0.0940039	2.55207e-05	3.89549e+06	1089	3.89334e+06	1056.98	
398	0.0510749	9.65791e-06	0.0510652	0	2.11535e+06	400	2.11495e+06	0	
399	0.184776	0.000114953	0.184653	7.95727e-06	7.65285e+06	4761	7.64776e+06	329.565	
400	0.0584438	1.06478e-05	0.0584327	4.46366e-07	2.42056e+06	441	2.42009e+06	18.487	
401	0.0666966	1.39073e-05	0.0666823	2.90475e-07	2.76236e+06	576	2.76177e+06	12.0305	
402	0.347556	0.000365286	0.347083	0.000107673	1.43946e+07	15129	1.4375e+07	4459.5	
403	0.136174	5.56295e-05	0.136118	1.1894e-07	5.63991e+06	2304	5.6376e+06	4.92614	
404	0.279854	0.0002463	0.279603	4.13512e-06	1.15906e+07	10201	1.15803e+07	171.263	
405	0.0537934	8.71626e-06	0.0537833	1.26828e-06	2.22795e+06	361	2.22753e+06	52.5285	
406	0.103205	3.30542e-05	0.103163	9.0814e-06	4.27444e+06	1369	4.27269e+06	376.122	
407	0.334516	0.000330517	0.333768	0.000416956	1.38545e+07	13689	1.38236e+07	17269	
408	0.319778	0.000324892	0.319426	2.63368e-05	1.32441e+07	13456	1.32296e+07	1090.78	
409	0.133734	5.56295e-05	0.133678	0	5.53885e+06	2304	5.53654e+06	0	
410	0.103396	3.12916e-05	0.103146	0.000218868	4.28235e+06	1296	4.27198e+06	9064.84	
411	0.0457317	3.30542e-05	0.0456986	0	1.89406e+06	1369	1.89269e+06	0	
412	0.0483115	6.97784e-06	0.0483028	1.6097e-06	2.00091e+06	289	2.00055e+06	66.6688	
413	2.51286	0.0192542	2.49326	0.000342555	1.04074e+08	797449	1.03263e+08	14187.5	
414	0.0694207	1.50904e-05	0.0694056	0	2.87518e+06	625	2.87456e+06	0	
415	0.119602	4.46437e-05	0.119557	1.57138e-07	4.95355e+06	1849	4.95169e+06	6.50818	
416	0.0619742	1.1686e-05	0.0619616	8.06524e-07	2.56677e+06	484	2.56625e+06	33.4036	
417	0.0722298	1.63218e-05	0.0722135	0	2.99152e+06	676	2.99085e+06	0	
418	0.0895408	2.47242e-05	0.089516	0	3.70849e+06	1024	3.70747e+06	0	
419	0.166377	8.1223e-05	0.166296	0	6.89083e+06	3364	6.88747e+06	0	
420	0.140478	5.79716e-05	0.140234	0.000185293	5.81815e+06	2401	5.80807e+06	7674.27	
421	0.125337	4.67443e-05	0.125179	0.00011157	5.19109e+06	1936	5.18453e+06	4620.89	
422	0.055975	9.65791e-06	0.055892	7.32038e-05	2.3183e+06	400	2.31487e+06	3031.87	
423	0.202738	0.000121713	0.202604	1.2812e-05	8.39678e+06	5041	8.39121e+06	530.635	
424	0.0196121	6.18106e-06	0.019606	0	812274	256	812018	0	
425	0.505452	0.000747908	0.504542	0.000162375	2.09342e+07	30976	2.08965e+07	6725.09	
426	0.0457561	6.18106e-06	0.04575	0	1.89507e+06	256	1.89481e+06	0	
427	0.0211509	6.97784e-06	0.0211439	0	876004	289	875715	0	
428	0.123468	6.78226e-05	0.122497	0.000903165	5.11366e+06	2809	5.07344e+06	37406.2	
429	0.128269	4.88931e-05	0.128219	6.56535e-07	5.31249e+06	2025	5.31043e+06	27.1915	
430	1.55173	0.0071716	1.54443	0.000126746	6.42679e+07	297025	6.39656e+07	5249.45	
431	0.297502	0.000261149	0.296531	0.000709363	1.23215e+07	10816	1.22813e+07	29379.5	
432	0.0488302	6.97784e-06	0.0487591	6.40088e-05	2.02239e+06	289	2.01944e+06	2651.04	
433	2.88352	0.0246788	2.85873	0.000110402	1.19426e+08	1.02212e+06	1.18399e+08	4572.51	
434	0.377649	0.000427097	0.377221	0	1.5641e+07	17689	1.56233e+07	0	
435	0.0514824	7.8229e-06	0.0514744	7.81057e-08	2.13223e+06	324	2.1319e+06	3.23488	
436	0.125717	4.67443e-05	0.12567	0	5.20682e+06	1936	5.20488e+06	0	
437	0.204766	0.000121713	0.204323	0.000320376	8.48075e+06	5041	8.46244e+06	13268.9	
438	0.0181525	6.97784e-06	0.0181455	0	751821	289	751532	0	
439	0.133141	5.33358e-05	0.13308	7.13903e-06	5.51428e+06	2209	5.51178e+06	295.676	
440	0.047722	6.97784e-06	0.0476958	1.91385e-05	1.97649e+06	289	1.9754e+06	792.656	
441	0.057325	9.65791e-06	0.0573153	0	2.37422e+06	400	2.37382e+06	0	
442	0.272678	0.000222518	0.272455	0	1.12934e+07	9216	1.12842e+07	0	
443	0.0767106	1.76015e-05	0.0766915	1.4963e-06	3.17711e+06	729	3.17631e+06	61.9721	
444	0.0488166	6.97784e-06	0.0487949	1.46365e-05	2.02183e+06	289	2.02093e+06	606.198	
445	0.082902	2.03057e-05	0.0828817	0	3.43354e+06	841	3.43269e+06	0	
446	0.0283002	1.27725e-05	0.0282875	0	1.1721e+06	529	1.17157e+06	0	
447	0.30359	0.000276433	0.303314	9.58794e-08	1.25737e+07	11449	1.25623e+07	3.97102	
448	0.0933358	0.000135814	0.0932	0	3.86567e+06	5625	3.86005e+06	0	
449	0.048311	6.97784e-06	0.0482897	1.43193e-05	2.00089e+06	289	2e+06	593.062	
450	0.108937	3.4865e-05	0.108903	0	4.51186e+06	1444	4.51041e+06	0	
451	0.0455767	6.18106e-06	0.0455705	0	1.88764e+06	256	1.88738e+06	0	
452	0.0695286	1.50904e-05	0.0693692	0.000144301	2.87965e+06	625	2.87305e+06	5976.5	
453	0.0656269	1.27725e-05	0.0656141	0	2.71805e+06	529	2.71753e+06	0	
454	0.0486876	6.97784e-06	0.0486255	5.50343e-05	2.01648e+06	289	2.01391e+06	2279.34	
455	0.0557944	9.65791e-06	0.0557848	0	2.31082e+06	400	2.31042e+06	0	
456	0.0881923	2.32031e-05	0.0881691	0	3.65264e+06	961	3.65168e+06	0	
457	0.0832536	2.03057e-05	0.0832312	2.0368e-06	3.4481e+06	841	3.44717e+06	84.3581	
458	0.0840008	2.17303e-05	0.083979	0	3.47904e+06	900	3.47814e+06	0	
459	0.048549	6.97784e-06	0.048542	0	2.01074e+06	289	2.01045e+06	0	
460	0.0479535	6.97784e-06	0.0479464	1.52101e-08	1.98608e+06	289	1.98578e+06	0.629955	
461	0.0590012	1.06478e-05	0.05899	4.48338e-07	2.44364e+06	441	2.44317e+06	18.5687	
462	17.0819	0.961655	16.1203	3.3956e-07	7.07481e+08	3.98287e+07	6.67652e+08	14.0635	
463	0.0913069	2.47242e-05	0.0912821	0	3.78164e+06	1024	3.78061e+06	0	
464	0.193385	0.000111645	0.193273	0	8.0094e+06	4624	8.00478e+06	0	
465	0.0544616	8.71626e-06	0.0544505	2.29588e-06	2.25562e+06	361	2.25516e+06	95.0882	
466	0.222664	0.000158413	0.222504	2.23216e-06	9.22206e+06	6561	9.2154e+06	92.4493	
467	0.121769	4.46437e-05	0.121724	0	5.0433e+06	1849	5.04145e+06	0	
468	0.0183832	6.18106e-06	0.018377	0	761374	256	761118	0	
469	0.0919298	2.62936e-05	0.0918957	7.6627e-06	3.80744e+06	1089	3.80603e+06	317.364	
470	0.0328592	1.76015e-05	0.0328416	0	1.36092e+06	729	1.36019e+06	0	
471	0.589199	0.00104459	0.588153	1.04119e-06	2.44027e+07	43264	2.43594e+07	43.1231	
472	0.0512989	7.8229e-06	0.0512593	3.16793e-05	2.12463e+06	324	2.123e+06	1312.05	
473	0.119111	4.46437e-05	0.119064	2.37144e-06	4.93323e+06	1849	4.93128e+06	98.2177	
474	0.052809	1.06478e-05	0.0527981	1.87203e-07	2.18718e+06	441	2.18673e+06	7.75337	
475	0.0381178	5.43257e-06	0.0380679	4.44662e-05	1.57872e+06	225	1.57665e+06	1841.64	
476	0.0343136	5.43257e-06	0.0343069	1.14301e-06	1.42116e+06	225	1.42088e+06	47.3401	
477	0.0485073	6.97784e-06	0.0485003	0	2.00901e+06	289	2.00873e+06	0	
478	0.0248682	9.65791e-06	0.0248585	0	1.02996e+06	400	1.02956e+06	0	
479	0.150439	8.1223e-05	0.150343	1.47817e-05	6.23071e+06	3364	6.22673e+06	612.212	
480	0.104996	3.4865e-05	0.104961	4.02756e-07	4.34862e+06	1444	4.34716e+06	16.6808	
481	0.0725518	1.89295e-05	0.0725328	0	3.00486e+06	784	3.00408e+06	0	
482	0.0645376	1.50904e-05	0.0645224	4.41171e-08	2.67294e+06	625	2.67231e+06	1.82719	
483	0.0655979	1.39073e-05	0.0655673	1.6566e-05	2.71685e+06	576	2.71559e+06	686.114	
484	0.0594864	1.27725e-05	0.0594598	1.37756e-05	2.46374e+06	529	2.46263e+06	570.544	
485	0.230028	0.000186977	0.229827	1.43633e-05	9.52705e+06	7744	9.51871e+06	594.885	
486	0.108135	3.67242e-05	0.10799	0.000107298	4.4786e+06	1521	4.47264e+06	4443.96	
487	5.06414	0.0843416	4.97965	0.000149807	2.0974e+08	3.49316e+06	2.06241e+08	6204.53	
488	0.0538403	9.65791e-06	0.0538287	1.77848e-06	2.22989e+06	400	2.22941e+06	73.659	
489	0.0587331	1.06478e-05	0.0587224	0	2.43253e+06	441	2.43209e+06	0	
490	0.110776	3.86316e-05	0.110737	0	4.58799e+06	1600	4.58639e+06	0	
491	0.278333	0.00035937	0.277973	1.2167e-06	1.15277e+07	14884	1.15127e+07	50.3918	
492	1.02419	0.0050647	1.01912	9.14591e-06	4.2419e+07	209764	4.22089e+07	378.794	
493	0.115114	4.67443e-05	0.115068	0	4.76768e+06	1936	4.76575e+06	0	
494	0.179686	0.000111645	0.179554	2.05837e-05	7.44205e+06	4624	7.43657e+06	852.513	
495	0.05217	8.71626e-06	0.0520771	8.41707e-05	2.16071e+06	361	2.15686e+06	3486.08	
496	0.0376771	5.43257e-06	0.0376717	0	1.56046e+06	225	1.56024e+06	0	
497	0.0476474	6.97784e-06	0.0476403	3.17141e-08	1.9734e+06	289	1.97311e+06	1.31349	
498	0.144748	7.30379e-05	0.14467	4.42818e-06	5.99501e+06	3025	5.9918e+06	183.401	
499	0.278782	0.000256152	0.278525	8.25637e-07	1.15462e+07	10609	1.15356e+07	34.1952	
500	0.0487269	8.71626e-06	0.0487171	1.07757e-06	2.01811e+06	361	2.0177e+06	44.6296	
501	0.0375168	5.43257e-06	0.0375114	0	1.55382e+06	225	1.5536e+06	0	
502	0.0645502	1.27725e-05	0.0645374	0	2.67346e+06	529	2.67293e+06	0	
503	0.0451153	8.71626e-06	0.0451014	5.05459e-06	1.86853e+06	361	1.86795e+06	209.345	
504	0.124373	5.79716e-05	0.124314	5.68124e-07	5.15113e+06	2401	5.1487e+06	23.5299	
505	0.164673	9.58306e-05	0.16457	7.99077e-06	6.82026e+06	3969	6.81596e+06	330.952	
506	0.0455825	6.97784e-06	0.0455675	7.88513e-06	1.88788e+06	289	1.88726e+06	326.577	
507	0.0473198	8.71626e-06	0.0473006	1.04321e-05	1.95983e+06	361	1.95904e+06	432.066	
508	0.0869491	2.62936e-05	0.0869225	2.43507e-07	3.60115e+06	1089	3.60005e+06	10.0853	
509	1.00486	0.00356029	1.0013	5.11635e-06	4.16183e+07	147456	4.14707e+07	211.903	
510	0.1286	7.84463e-05	0.128521	6.20285e-07	5.32622e+06	3249	5.32294e+06	25.6902	
511	0.0758904	2.79089e-05	0.0758625	0	3.14314e+06	1155.89	3.14198e+06	0	
512	0.101515	3.86316e-05	0.101465	1.1206e-05	4.20443e+06	1600	4.20236e+06	464.12	
513	0.0802275	2.32031e-05	0.0802041	1.08571e-07	3.32276e+06	961	3.32179e+06	4.49668	
514	0.106593	4.67443e-05	0.106546	0	4.41476e+06	1936	4.41282e+06	0	
515	0.0821522	2.32031e-05	0.0821283	6.48924e-07	3.40248e+06	961	3.40149e+06	26.8763	
516	0.0699338	1.50904e-05	0.0699184	1.96789e-07	2.89643e+06	625	2.89579e+06	8.15039	
517	2.84803	0.0311587	2.81686	1.33371e-05	1.17956e+08	1.29049e+06	1.16665e+08	552.382	
518	0.0437094	6.97784e-06	0.0436871	1.52678e-05	1.8103e+06	289	1.80938e+06	632.345	
519	9.60465	0.328579	9.27606	1.00836e-05	3.97794e+08	1.36087e+07	3.84184e+08	417.631	
520	0.0590929	1.1686e-05	0.0590731	8.05865e-06	2.44744e+06	484	2.44662e+06	333.763	
521	0.0851017	2.32031e-05	0.0850734	4.95967e-06	3.52464e+06	961	3.52347e+06	205.413	
522	0.071686	1.63218e-05	0.0716534	1.6222e-05	2.969e+06	676	2.96765e+06	671.864	
523	0.273318	0.000231886	0.272846	0.000239772	1.13199e+07	9604	1.13004e+07	9930.61	
524	0.151853	8.1223e-05	0.151771	8.41684e-07	6.28929e+06	3364	6.28589e+06	34.8599	
525	0.0817157	2.17303e-05	0.081694	0	3.3844e+06	900	3.3835e+06	0	
526	0.0602399	1.1686e-05	0.0598833	0.00034487	2.49494e+06	484	2.48017e+06	14283.4	
527	0.141419	6.52874e-05	0.141353	0	5.85713e+06	2704	5.85442e+06	0	
528	0.396619	0.000765003	0.395854	0	1.64267e+07	31684	1.6395e+07	0	
529	0.0602766	1.50904e-05	0.0602613	1.02886e-07	2.49646e+06	625	2.49583e+06	4.26123	
530	0.0872705	2.62936e-05	0.0872414	2.69754e-06	3.61446e+06	1089	3.61326e+06	111.723	
531	0.0570367	1.06478e-05	0.057026	3.43784e-08	2.36228e+06	441	2.36183e+06	1.42384	
532	0.0606258	1.1686e-05	0.0606141	0	2.51092e+06	484	2.51044e+06	0	
533	0.200994	0.000128667	0.200864	1.4125e-06	8.32454e+06	5329	8.31915e+06	58.5014	
534	0.0472983	1.1686e-05	0.0472866	0	1.95894e+06	484	1.95846e+06	0	
535	0.0398705	2.47242e-05	0.0398458	0	1.65131e+06	1024	1.65028e+06	0	
536	0.0199671	6.18106e-06	0.0199609	0	826974	256	826718	0	
537	0.151059	7.5718e-05	0.150975	7.83637e-06	6.2564e+06	3136	6.25294e+06	324.557	
538	0.0531724	1.39073e-05	0.0531585	0	2.20223e+06	576	2.20165e+06	0	
539	0.111927	4.05873e-05	0.111571	0.000315116	4.63567e+06	1681	4.62093e+06	13051.1	
540	0.0820709	2.47242e-05	0.0820224	2.37239e-05	3.39911e+06	1024	3.3971e+06	982.569	
541	0.939199	0.00448509	0.934713	1.28677e-06	3.88986e+07	185758	3.87128e+07	53.2942	
542	0.047416	7.8229e-06	0.047408	1.29702e-07	1.96382e+06	324	1.96349e+06	5.37186	
543	0.0442151	9.65791e-06	0.0442054	0	1.83124e+06	400	1.83084e+06	0	
544	0.0449522	7.8229e-06	0.0449442	4.13097e-08	1.86177e+06	324	1.86144e+06	1.71091	
545	0.27651	0.000383322	0.276127	0	1.14521e+07	15876	1.14363e+07	0	
546	0.115015	4.67443e-05	0.114968	1.141e-07	4.76355e+06	1936	4.76161e+06	4.72566	
547	0.0447976	6.97784e-06	0.0447902	3.52296e-07	1.85537e+06	289	1.85507e+06	14.5909	
548	0.0423995	6.18106e-06	0.0423523	4.09746e-05	1.75605e+06	256	1.75409e+06	1697.04	
549	0.0451037	1.06478e-05	0.0450912	1.69458e-06	1.86805e+06	441	1.86753e+06	70.1843	
550	0.106079	3.67242e-05	0.106021	2.07204e-05	4.39347e+06	1521	4.39109e+06	858.173	
551	0.0591214	1.27725e-05	0.0591045	4.06791e-06	2.44862e+06	529	2.44792e+06	168.479	
552	0.0369765	5.43257e-06	0.0369306	4.03342e-05	1.53145e+06	225	1.52955e+06	1670.51	
553	0.245262	0.000213343	0.245047	2.29308e-06	1.0158e+07	8836	1.0149e+07	94.9721	
554	1.65715	0.0106774	1.64646	5.58633e-06	6.86339e+07	442225	6.81914e+07	231.368	
555	0.205853	0.000154526	0.205616	8.21326e-05	8.52579e+06	6400	8.51599e+06	3401.67	
556	0.0729061	1.89295e-05	0.072879	8.0047e-06	3.01953e+06	784	3.01842e+06	331.529	
557	0.0429931	6.18106e-06	0.0429761	1.07398e-05	1.78063e+06	256	1.77993e+06	444.812	
558	0.120987	4.88931e-05	0.120937	1.21182e-06	5.0109e+06	2025	5.00882e+06	50.1901	
559	0.87224	0.00255029	0.869503	0.000186471	3.61254e+07	105625	3.6012e+07	7723.03	
560	0.0486326	7.8229e-06	0.0485549	6.98651e-05	2.01421e+06	324	2.01098e+06	2893.59	
561	0.0499085	8.71626e-06	0.0498945	5.25759e-06	2.06705e+06	361	2.06647e+06	217.752	
562	0.063742	1.50904e-05	0.0637265	3.10679e-07	2.63999e+06	625	2.63935e+06	12.8673	
563	0.055735	4.88931e-05	0.0556861	0	2.30836e+06	2025	2.30634e+06	0	
564	0.126682	6.03619e-05	0.126621	0	5.24677e+06	2500	5.24427e+06	0	
565	0.0186275	5.43257e-06	0.018622	0	771492	225	771267	0	
566	0.0912575	3.12916e-05	0.0912248	1.32997e-06	3.77959e+06	1296	3.77824e+06	55.0834	
567	0.155606	8.1223e-05	0.1555	2.43519e-05	6.4447e+06	3364	6.44033e+06	1008.57	
568	0.0392419	5.43257e-06	0.0392341	2.30558e-06	1.62527e+06	225	1.62495e+06	95.4901	
569	0.100614	3.67242e-05	0.100577	1.51806e-07	4.16712e+06	1521	4.16559e+06	6.28732	
570	0.135426	6.52874e-05	0.135361	0	5.60893e+06	2704	5.60622e+06	0	
571	0.127115	5.56295e-05	0.127059	7.27735e-07	5.26473e+06	2304	5.2624e+06	30.1405	
572	0.0467814	7.8229e-06	0.0467736	0	1.93754e+06	324	1.93721e+06	0	
573	0.0378982	5.43257e-06	0.0378919	7.41957e-07	1.56962e+06	225	1.56936e+06	30.7295	
574	0.122372	0.000227178	0.122145	0	5.06828e+06	9409	5.05887e+06	0	
575	0.0477324	7.8229e-06	0.047724	4.59162e-07	1.97692e+06	324	1.97657e+06	19.017	
576	0.0424041	6.18106e-06	0.042396	1.82814e-06	1.75624e+06	256	1.7559e+06	75.7159	
577	0.0386379	5.43257e-06	0.0386313	1.06651e-06	1.60025e+06	225	1.59998e+06	44.1715	
578	0.0396512	6.18106e-06	0.0396415	3.43595e-06	1.64222e+06	256	1.64182e+06	142.306	
579	0.0541003	1.1686e-05	0.0540884	1.50276e-07	2.24066e+06	484	2.24017e+06	6.22398	
580	0.148762	7.5718e-05	0.14713	0.00155672	6.16127e+06	3136	6.09366e+06	64474.6	
581	0.0422396	6.18106e-06	0.0422252	8.1767e-06	1.74943e+06	256	1.74883e+06	338.653	
582	0.0717258	0.000102011	0.0716238	0	2.97065e+06	4225	2.96643e+06	0	
583	0.0417069	2.79113e-05	0.041679	0	1.72736e+06	1156	1.72621e+06	0	
584	0.0343385	7.8229e-06	0.0343307	0	1.42219e+06	324	1.42187e+06	0	
585	0.09562	5.79716e-05	0.095562	0	3.96027e+06	2401	3.95787e+06	0	
586	0.0447928	1.27725e-05	0.0447799	0	1.85517e+06	529	1.85464e+06	0	
587	0.25237	0.000427097	0.251942	7.30994e-07	1.04523e+07	17689	1.04346e+07	30.2754	
588	0.0599222	2.32031e-05	0.059899	0	2.48178e+06	961	2.48082e+06	0	
589	0.0309768	6.18106e-06	0.0309706	0	1.28296e+06	256	1.2827e+06	0	
590	0.224955	0.000330517	0.224624	4.59055e-07	9.31694e+06	13689	9.30323e+06	19.0126	
591	0.104166	7.04061e-05	0.104095	0	4.31423e+06	2916	4.31131e+06	0	
592	0.146779	0.000146896	0.146632	0	6.07913e+06	6084	6.07305e+06	0	
593	0.0509018	1.76015e-05	0.0508842	0	2.10819e+06	729	2.10746e+06	0	
594	0.0573291	2.32031e-05	0.0573059	0	2.37439e+06	961	2.37342e+06	0	
595	0.0492373	1.63218e-05	0.0492206	3.42455e-07	2.03925e+06	676	2.03856e+06	14.1834	
596	0.0559442	2.17303e-05	0.0559225	0	2.31703e+06	900	2.31613e+06	0	
597	0.0285799	5.43257e-06	0.0285745	0	1.18369e+06	225	1.18346e+06	0	
598	0.0284013	5.43257e-06	0.0283955	2.48094e-07	1.17629e+06	225	1.17605e+06	10.2752	
599	0.108357	8.1223e-05	0.108274	1.67515e-06	4.48783e+06	3364	4.48439e+06	69.3796	
600	0.0460066	1.50904e-05	0.0459915	0	1.90544e+06	625	1.90482e+06	0	
601	0.487701	0.00167007	0.486027	3.45906e-06	2.0199e+07	69169	2.01297e+07	143.263	
602	0.046701	1.50904e-05	0.0466779	7.93964e-06	1.93421e+06	625	1.93325e+06	328.834	
603	0.0126447	6.18106e-06	0.0126385	0	523704	256	523448	0	
604	0.0501041	3.86316e-05	0.0500655	0	2.07515e+06	1600	2.07355e+06	0	
605	0.0374073	2.17303e-05	0.0373856	0	1.54929e+06	900	1.54839e+06	0	
606	0.0876458	0.000118309	0.0875275	0	3.63001e+06	4900	3.62511e+06	0	
607	0.0188629	5.43257e-06	0.0188575	0	781244	225	781019	0	
608	0.0747205	8.98427e-05	0.0746307	0	3.09468e+06	3721	3.09096e+06	0	
609	0.021536	6.97784e-06	0.021529	0	891954	289	891665	0	
610	0.020718	8.71626e-06	0.0207093	0	858077	361	857716	0	
611	0.0334474	2.47242e-05	0.0334227	0	1.38528e+06	1024	1.38426e+06	0	
612	0.0212852	6.97784e-06	0.0212783	0	881568	289	881279	0	
613	0.0364096	2.03057e-05	0.0363893	0	1.50797e+06	841	1.50713e+06	0	
614	0.0262845	1.06478e-05	0.0262739	0	1.08862e+06	441	1.08818e+06	0	
615	0.0313027	1.50904e-05	0.0312876	0	1.29645e+06	625	1.29583e+06	0	
616	0.0402828	3.30542e-05	0.0402497	0	1.66838e+06	1369	1.66701e+06	0	
617	0.0220721	7.8229e-06	0.0220642	0	914156	324	913832	0	
618	0.0519929	4.25914e-05	0.0519503	0	2.15338e+06	1764	2.15161e+06	0	
619	0.0499454	3.86316e-05	0.0499068	0	2.06858e+06	1600	2.06698e+06	0	
620	0.0187787	5.43257e-06	0.0187732	0	777755	225	777530	0	
621	0.0366979	2.03057e-05	0.0366776	0	1.51991e+06	841	1.51906e+06	0	
622	0.0401316	2.47242e-05	0.0401069	0	1.66212e+06	1024	1.6611e+06	0	
623	0.0437857	2.95773e-05	0.0437561	0	1.81346e+06	1225	1.81224e+06	0	
624	0.198156	0.000618106	0.197538	0	8.20701e+06	25600	8.18141e+06	0	
625	0.087214	0.000121713	0.0870923	0	3.61212e+06	5041	3.60708e+06	0	
626	0.0281047	1.50904e-05	0.0280897	0	1.16401e+06	625	1.16338e+06	0	
627	0.0621354	6.52874e-05	0.0620701	0	2.57345e+06	2704	2.57074e+06	0	
628	9.82982	1.15654	8.67328	0	4.07119e+08	4.79002e+07	3.59219e+08	0	
629	0.0213411	6.97784e-06	0.0213341	0	883881	289	883592	0	
630	0.0423165	2.79113e-05	0.0422886	0	1.75261e+06	1156	1.75146e+06	0	
631	0.0191315	6.97784e-06	0.0191245	0	792366	289	792077	0	
632	0.211716	0.000681462	0.211035	0	8.76862e+06	28224	8.7404e+06	0	
633	0.143525	0.000313785	0.143211	0	5.94435e+06	12996	5.93136e+06	0	
634	0.0164786	5.43257e-06	0.0164732	0	682494	225	682269	0	
635	0.0192036	6.97784e-06	0.0191966	0	795353	289	795064	0	
636	0.0548312	5.10903e-05	0.0547801	0	2.27093e+06	2116	2.26881e+06	0	
637	0.0225986	7.8229e-06	0.0225907	0	935962	324	935638	0	
638	0.119472	0.000217906	0.119254	0	4.94818e+06	9025	4.93915e+06	0	
639	0.142879	0.000324892	0.142554	0	5.91759e+06	13456	5.90413e+06	0	
640	0.0314358	1.50904e-05	0.0314207	0	1.30197e+06	625	1.30134e+06	0	
641	0.0290292	1.39073e-05	0.0290153	0	1.20229e+06	576	1.20172e+06	0	
642	0.0363535	2.03057e-05	0.0363332	0	1.50564e+06	841	1.5048e+06	0	
643	0.0215824	7.8229e-06	0.0215746	0	893876	324	893552	0	
644	0.0640692	6.28005e-05	0.0640064	0	2.65354e+06	2601	2.65094e+06	0	
645	0.0310734	1.89295e-05	0.0310545	0	1.28696e+06	784	1.28618e+06	0	
646	0.119497	0.000217906	0.119279	0	4.94921e+06	9025	4.94019e+06	0	
647	0.0386553	2.95773e-05	0.0386257	0	1.60097e+06	1225	1.59975e+06	0	
648	0.0655202	6.52874e-05	0.0654549	0	2.71363e+06	2704	2.71093e+06	0	
649	0.157176	0.000383322	0.156792	0	6.50973e+06	15876	6.49385e+06	0	
650	0.0184435	5.43257e-06	0.018438	0	763871	225	763646	0	
651	0.0289363	1.27725e-05	0.0289235	0	1.19845e+06	529	1.19792e+06	0	
652	0.0245134	1.06478e-05	0.0245027	0	1.01526e+06	441	1.01482e+06	0	
653	0.0190865	5.43257e-06	0.0190811	0	790506	225	790281	0	
654	0.0426431	2.79113e-05	0.0426152	0	1.76614e+06	1156	1.76498e+06	0	
655	0.033907	1.76015e-05	0.0338894	0	1.40432e+06	729	1.40359e+06	0	
656	0.0659164	8.40479e-05	0.0658323	0	2.73004e+06	3481	2.72656e+06	0	
657	0.0249732	9.65791e-06	0.0249635	0	1.03431e+06	400	1.03391e+06	0	
658	0.0273791	1.1686e-05	0.0273674	0	1.13395e+06	484	1.13347e+06	0	
659	0.0365241	2.03057e-05	0.0365038	0	1.51271e+06	841	1.51187e+06	0	
660	0.0276572	1.1686e-05	0.0276455	0	1.14547e+06	484	1.14499e+06	0	
661	0.0967122	0.00013946	0.0965728	0	4.00551e+06	5776	3.99973e+06	0	
662	0.0285312	1.27725e-05	0.0285184	0	1.18167e+06	529	1.18114e+06	0	
663	0.07232	8.1223e-05	0.0722388	0	2.99526e+06	3364	2.9919e+06	0	
664	0.0193353	6.18106e-06	0.0193291	0	800808	256	800552	0	
665	0.0318402	1.50904e-05	0.0318251	0	1.31872e+06	625	1.31809e+06	0	
666	0.300189	0.00133339	0.298856	0	1.24329e+07	55225	1.23776e+07	0	
667	0.0248718	9.65791e-06	0.0248621	0	1.03011e+06	400	1.02971e+06	0	
668	0.03045	1.50904e-05	0.0304349	0	1.26114e+06	625	1.26051e+06	0	
669	0.0195369	6.18106e-06	0.0195308	0	809159	256	808903	0	
670	0.262408	0.00106478	0.261343	0	1.08681e+07	44100	1.0824e+07	0	
671	0.0242007	8.71626e-06	0.024192	0	1.00231e+06	361	1.00195e+06	0	
672	0.022291	7.8229e-06	0.0222832	0	923223	324	922899	0	
673	0.0216505	6.97784e-06	0.0216435	0	896695	289	896406	0	
674	0.0276924	1.1686e-05	0.0276807	0	1.14693e+06	484	1.14645e+06	0	
675	0.0442913	2.95773e-05	0.0442617	0	1.8344e+06	1225	1.83317e+06	0	
676	0.045738	4.25914e-05	0.0456954	0	1.89432e+06	1764	1.89256e+06	0	
677	0.0294563	1.39073e-05	0.0294424	0	1.21998e+06	576	1.21941e+06	0	
678	0.0565514	7.5718e-05	0.0564757	0	2.34218e+06	3136	2.33904e+06	0	
679	0.054423	4.46437e-05	0.0543783	0	2.25402e+06	1849	2.25217e+06	0	
680	0.409261	0.00255029	0.406711	0	1.69503e+07	105625	1.68446e+07	0	
681	0.127595	0.0002463	0.127348	0	5.28458e+06	10201	5.27438e+06	0	
682	0.0610332	8.1223e-05	0.060952	0	2.5278e+06	3364	2.52443e+06	0	
683	0.215133	0.000697784	0.214435	0	8.91013e+06	28900	8.88123e+06	0	
684	0.564742	0.0046957	0.560047	0	2.33898e+07	194481	2.31953e+07	0	
685	0.0333111	2.17303e-05	0.0332894	0	1.37964e+06	900	1.37874e+06	0	
686	0.128268	0.000353503	0.127914	0	5.31245e+06	14641	5.29781e+06	0	
687	0.0213358	6.97784e-06	0.0213288	0	883661	289	883372	0	
688	0.0166691	6.18106e-06	0.0166629	0	690381	256	690125	0	
689	0.0342669	1.76015e-05	0.0342493	0	1.41922e+06	729	1.41849e+06	0	
690	0.0364689	2.79113e-05	0.036441	0	1.51042e+06	1156	1.50927e+06	0	
691	0.041473	4.05873e-05	0.0414325	0	1.71768e+06	1681	1.716e+06	0	
692	3.09182	0.132433	2.95939	0	1.28053e+08	5.48496e+06	1.22568e+08	0	
693	0.0253717	9.65791e-06	0.025362	0	1.05081e+06	400	1.05041e+06	0	
694	0.32378	0.00238057	0.321399	0	1.34099e+07	98596	1.33113e+07	0	
695	0.0456365	3.12916e-05	0.0456053	0	1.89012e+06	1296	1.88882e+06	0	
696	0.0214921	6.97784e-06	0.0214851	0	890134	289	889845	0	
697	0.0213909	6.97784e-06	0.0213839	0	885943	289	885654	0	
698	0.0241968	1.06478e-05	0.0241861	0	1.00215e+06	441	1.00171e+06	0	
699	0.0189912	5.43257e-06	0.0189858	0	786556	225	786331	0	
700	0.0461148	3.67242e-05	0.0460781	0	1.90993e+06	1521	1.90841e+06	0	
701	0.0251693	9.65791e-06	0.0251597	0	1.04243e+06	400	1.04203e+06	0	
702	0.0265826	1.06478e-05	0.0265719	0	1.10096e+06	441	1.10052e+06	0	
703	0.0179391	6.18106e-06	0.0179329	0	742982	256	742726	0	
704	0.175562	0.000466501	0.175096	0	7.27124e+06	19321	7.25192e+06	0	
705	0.210116	0.000665333	0.209451	0	8.70236e+06	27556	8.6748e+06	0	
706	0.0201932	6.18106e-06	0.020187	0	836340	256	836084	0	
707	0.0584191	5.10903e-05	0.058368	0	2.41953e+06	2116	2.41741e+06	0	
708	5.53686	0.446644	5.09021	0	2.29319e+08	1.84986e+07	2.1082e+08	0	
709	0.0165488	5.43257e-06	0.0165434	0	685401	225	685176	0	
710	0.311052	0.00146114	0.309591	0	1.28827e+07	60516	1.28222e+07	0	
711	0.125939	0.000365286	0.125574	0	5.21601e+06	15129	5.20089e+06	0	
712	0.0338954	1.76015e-05	0.0338778	0	1.40384e+06	729	1.40311e+06	0	
713	0.0406174	2.47242e-05	0.0405927	0	1.68224e+06	1024	1.68122e+06	0	
714	0.0153951	5.43257e-06	0.0153897	0	637618	225	637393	0	
715	0.181316	0.000500666	0.180815	0	7.50955e+06	20736	7.48881e+06	0	
716	0.0327894	1.63218e-05	0.032773	0	1.35803e+06	676	1.35735e+06	0	
717	0.0810795	0.000158413	0.080921	0	3.35805e+06	6561	3.35149e+06	0	
718	0.0388026	2.32031e-05	0.0387794	0	1.60708e+06	961	1.60612e+06	0	
719	0.0487605	3.67242e-05	0.0487238	0	2.0195e+06	1521	2.01798e+06	0	
720	0.021548	6.97784e-06	0.021541	0	892450	289	892161	0	
721	0.0190192	5.43257e-06	0.0190138	0	787716	225	787491	0	
722	0.0189996	5.43257e-06	0.0189942	0	786904	225	786679	0	
723	0.045738	4.25914e-05	0.0456954	0	1.89432e+06	1764	1.89255e+06	0	
724	0.0227764	7.8229e-06	0.0227685	0	943326	324	943002	0	
725	0.178652	0.000486855	0.178165	0	7.3992e+06	20164	7.37904e+06	0	
726	0.434046	0.00295773	0.431089	0	1.79768e+07	122500	1.78543e+07	0	
727	0.0188561	5.43257e-06	0.0188507	0	780963	225	780738	0	
728	0.0212289	6.97784e-06	0.0212219	0	879235	289	878946	0	
729	0.0249639	9.65791e-06	0.0249542	0	1.03392e+06	400	1.03352e+06	0	
730	0.135996	0.000286864	0.135709	0	5.63252e+06	11881	5.62064e+06	0	
731	0.0187974	5.43257e-06	0.018792	0	778530	225	778305	0	
732	0.0399791	2.47242e-05	0.0399544	0	1.6558e+06	1024	1.65478e+06	0	
733	0.0463895	3.30542e-05	0.0463564	0	1.9213e+06	1369	1.91993e+06	0	
734	0.0328649	1.63218e-05	0.0328486	0	1.36116e+06	676	1.36048e+06	0	
735	2.15637	0.0715961	2.08477	0	8.93101e+07	2.96528e+06	8.63448e+07	0	
736	0.0237937	8.71626e-06	0.023785	0	985461	361	985100	0	
737	0.0274333	1.1686e-05	0.0274216	0	1.1362e+06	484	1.13571e+06	0	
738	0.0312748	1.50904e-05	0.0312597	0	1.2953e+06	625	1.29467e+06	0	
739	0.059194	5.33358e-05	0.0591406	0	2.45162e+06	2209	2.44941e+06	0	
740	0.0194066	7.8229e-06	0.0193988	0	803760	324	803436	0	
741	0.061644	6.52874e-05	0.0615787	0	2.55309e+06	2704	2.55039e+06	0	
742	0.227445	0.000791007	0.226654	0	9.42005e+06	32761	9.38729e+06	0	
743	0.0249206	9.65791e-06	0.024911	0	1.03213e+06	400	1.03173e+06	0	
744	0.144836	0.000414348	0.144421	0	5.99865e+06	17161	5.98149e+06	0	
745	0.0243544	1.27725e-05	0.0243417	0	1.00868e+06	529	1.00815e+06	0	
746	0.0515624	7.30379e-05	0.0514894	0	2.13555e+06	3025	2.13252e+06	0	
747	0.0278491	1.27725e-05	0.0278363	0	1.15342e+06	529	1.15289e+06	0	
748	0.0383142	4.46437e-05	0.0382695	0	1.58685e+06	1849	1.585e+06	0	
749	0.0471702	3.4865e-05	0.0471353	0	1.95364e+06	1444	1.95219e+06	0	
750	0.0233901	1.06478e-05	0.0233795	0	968747	441	968306	0	
751	0.0334787	2.17303e-05	0.033457	0	1.38658e+06	900	1.38568e+06	0	
752	0.0304345	1.76015e-05	0.0304169	0	1.2605e+06	729	1.25977e+06	0	
753	0.0234068	9.65791e-06	0.0233972	0	969438	400	969038	0	
754	0.0872351	0.000204361	0.0870308	0	3.613e+06	8464	3.60453e+06	0	
755	0.0170431	5.43257e-06	0.0170377	0	705872	225	705647	0	
756	0.0301163	2.17303e-05	0.0300946	0	1.24732e+06	900	1.24642e+06	0	
757	0.0189274	6.18106e-06	0.0189213	0	783916	256	783660	0	
758	0.0550779	7.84463e-05	0.0549995	0	2.28115e+06	3249	2.2779e+06	0	
759	0.0149228	5.43257e-06	0.0149174	0	618057	225	617832	0	
760	0.0217761	1.1686e-05	0.0217644	0	901899	484	901415	0	
761	0.063877	9.58306e-05	0.0637812	0	2.64558e+06	3969	2.64161e+06	0	
762	0.0973827	0.000146896	0.0972358	0	4.03328e+06	6084	4.02719e+06	0	
763	0.0174163	7.8229e-06	0.0174085	0	721329	324	721005	0	
764	0.0536459	7.04061e-05	0.0535755	0	2.22184e+06	2916	2.21892e+06	0	
765	0.0445503	4.67443e-05	0.0445035	0	1.84513e+06	1936	1.84319e+06	0	
766	0.0560312	5.79716e-05	0.0559733	0	2.32063e+06	2401	2.31823e+06	0	
767	0.146877	0.000401793	0.146475	0	6.08318e+06	16641	6.06654e+06	0	
768	0.0298627	1.50904e-05	0.0298476	0	1.23681e+06	625	1.23619e+06	0	
769	0.0641174	6.78226e-05	0.0640496	0	2.65554e+06	2809	2.65273e+06	0	
770	0.223069	0.00110573	0.221963	0	9.23882e+06	45796	9.19302e+06	0	
771	0.0402979	2.62936e-05	0.0402716	0	1.66901e+06	1089	1.66792e+06	0	
772	0.0262625	1.06478e-05	0.0262518	0	1.0877e+06	441	1.08726e+06	0	
773	0.0262265	1.63218e-05	0.0262102	0	1.08622e+06	676	1.08554e+06	0	
774	0.0170572	6.97784e-06	0.0170502	0	706456	289	706167	0	
775	0.0689037	0.000108385	0.0687953	0	2.85377e+06	4489	2.84928e+06	0	
776	0.02349	1.27725e-05	0.0234772	0	972881	529	972352	0	
777	0.01991	9.65791e-06	0.0199003	0	824610	400	824210	0	
778	0.0353775	2.03057e-05	0.0353572	0	1.46522e+06	841	1.46438e+06	0	
779	0.566853	0.00770755	0.559146	0	2.34772e+07	319222	2.3158e+07	0	
780	0.0186973	7.8229e-06	0.0186895	0	774386	324	774062	0	
781	0.0245799	9.65791e-06	0.0245702	0	1.01802e+06	400	1.01762e+06	0	
782	0.0457136	4.88931e-05	0.0456647	0	1.89331e+06	2025	1.89128e+06	0	
783	0.0419163	4.05873e-05	0.0418757	0	1.73604e+06	1681	1.73435e+06	0	
784	0.0194734	6.18106e-06	0.0194672	0	806528	256	806272	0	
785	0.0613748	7.5718e-05	0.0612991	0	2.54195e+06	3136	2.53881e+06	0	
786	0.0547012	4.67443e-05	0.0546544	0	2.26555e+06	1936	2.26361e+06	0	
787	0.0468454	3.4865e-05	0.0468106	0	1.94018e+06	1444	1.93874e+06	0	
788	0.0215006	7.8229e-06	0.0214927	0	890486	324	890162	0	
789	0.0266497	1.39073e-05	0.0266358	0	1.10374e+06	576	1.10317e+06	0	
790	0.0204902	8.71626e-06	0.0204815	0	848639	361	848278	0	
791	0.0305933	1.50904e-05	0.0305782	0	1.26707e+06	625	1.26645e+06	0	
792	0.0373503	2.95773e-05	0.0373208	0	1.54693e+06	1225	1.5457e+06	0	
793	0.0237198	9.65791e-06	0.0237101	0	982399	400	981999	0	
794	0.0308571	1.50904e-05	0.030842	0	1.278e+06	625	1.27737e+06	0	
795	0.0225623	8.71626e-06	0.0225536	0	934459	361	934098	0	
796	0.017365	6.18106e-06	0.0173589	0	719206	256	718950	0	
797	0.0443797	4.88931e-05	0.0443308	0	1.83806e+06	2025	1.83604e+06	0	
798	0.214083	0.00113695	0.212946	0	8.86665e+06	47089	8.81956e+06	0	
799	0.0170975	5.43257e-06	0.0170921	0	708126	225	707901	0	
800	0.0177483	7.8229e-06	0.0177405	0	735079	324	734755	0	
801	0.0352392	2.47242e-05	0.0352145	0	1.45949e+06	1024	1.45847e+06	0	
802	0.0246263	9.65791e-06	0.0246167	0	1.01994e+06	400	1.01954e+06	0	
803	0.0200485	7.8229e-06	0.0200407	0	830348	324	830024	0	
804	0.0301323	1.50904e-05	0.0301173	0	1.24798e+06	625	1.24736e+06	0	
805	0.0312471	1.63218e-05	0.0312308	0	1.29415e+06	676	1.29348e+06	0	
806	0.032883	1.76015e-05	0.0328654	0	1.3619e+06	729	1.36118e+06	0	
807	0.451468	0.00339536	0.448073	0	1.86983e+07	140625	1.85577e+07	0	
808	0.0234506	1.39073e-05	0.0234367	0	971250	576	970674	0	
809	0.026105	1.27725e-05	0.0260923	0	1.08118e+06	529	1.08066e+06	0	
810	0.0185187	8.71626e-06	0.0185099	0	766985	361	766624	0	
811	0.0674445	8.98427e-05	0.0673547	0	2.79333e+06	3721	2.78961e+06	0	
812	0.0420848	4.46437e-05	0.0420401	0	1.74301e+06	1849	1.74117e+06	0	
813	0.0175087	7.8229e-06	0.0175008	0	725155	324	724831	0	
814	0.0442588	3.12916e-05	0.0442275	0	1.83306e+06	1296	1.83176e+06	0	
815	4.08252	0.2555	3.82702	0	1.69085e+08	1.0582e+07	1.58503e+08	0	
816	0.0460989	3.4865e-05	0.046064	0	1.90927e+06	1444	1.90782e+06	0	
817	0.0823076	0.000111645	0.082196	0	3.40892e+06	4624	3.40429e+06	0	
818	0.026471	1.27725e-05	0.0264582	0	1.09634e+06	529	1.09581e+06	0	
819	0.0323864	1.76015e-05	0.0323688	0	1.34134e+06	729	1.34061e+06	0	
820	0.0173574	7.8229e-06	0.0173496	0	718889	324	718565	0	
821	0.0567462	8.1223e-05	0.056665	0	2.35024e+06	3364	2.34688e+06	0	
822	0.023401	1.06478e-05	0.0233904	0	969197	441	968756	0	
823	0.0660962	0.000111645	0.0659845	0	2.73749e+06	4624	2.73287e+06	0	
824	0.0192663	6.18106e-06	0.0192601	0	797951	256	797695	0	
825	0.0483597	3.86316e-05	0.0483211	0	2.0029e+06	1600	2.0013e+06	0	
826	0.0171367	5.43257e-06	0.0171313	0	709749	225	709524	0	
827	0.0216652	8.71626e-06	0.0216565	0	897304	361	896943	0	
828	0.0547476	7.84463e-05	0.0546691	0	2.26747e+06	3249	2.26422e+06	0	
829	0.058447	7.30379e-05	0.0583739	0	2.42068e+06	3025	2.41766e+06	0	
830	0.0247742	1.1686e-05	0.0247626	0	1.02607e+06	484	1.02558e+06	0	
831	0.0264831	1.27725e-05	0.0264703	0	1.09684e+06	529	1.09631e+06	0	
832	0.0710454	8.40479e-05	0.0709613	0	2.94247e+06	3481	2.93899e+06	0	
833	0.0671383	9.28125e-05	0.0670455	0	2.78065e+06	3844	2.77681e+06	0	
834	0.0171042	5.43257e-06	0.0170988	0	708402	225	708177	0	
835	0.0581697	6.28005e-05	0.0581068	0	2.4092e+06	2601	2.4066e+06	0	
836	0.0345844	2.32031e-05	0.0345612	0	1.43237e+06	961	1.43141e+06	0	
837	0.022764	9.65791e-06	0.0227543	0	942814	400	942414	0	
838	0.0996294	0.000195572	0.0994338	0	4.12633e+06	8100	4.11823e+06	0	
839	0.0219836	9.65791e-06	0.0219739	0	910491	400	910091	0	
840	0.1044	0.000186977	0.104213	0	4.32392e+06	7744	4.31618e+06	0	
841	0.0226054	9.65791e-06	0.0225957	0	936245	400	935845	0	
842	0.0307457	1.76015e-05	0.0307281	0	1.27339e+06	729	1.27266e+06	0	
843	0.0289947	1.50904e-05	0.0289796	0	1.20086e+06	625	1.20024e+06	0	
844	0.0425538	3.30542e-05	0.0425208	0	1.76244e+06	1369	1.76107e+06	0	
845	0.115032	0.000251202	0.11478	0	4.76426e+06	10404	4.75386e+06	0	
846	0.0205129	7.8229e-06	0.0205051	0	849580	324	849256	0	
847	0.031155	1.89295e-05	0.031136	0	1.29034e+06	784	1.28955e+06	0	
848	0.0167668	5.43257e-06	0.0167613	0	694428	225	694203	0	
849	0.0283017	1.39073e-05	0.0282878	0	1.17216e+06	576	1.17159e+06	0	
850	0.06335	7.30379e-05	0.063277	0	2.62375e+06	3025	2.62073e+06	0	
851	0.0166121	5.43257e-06	0.0166067	0	688023	225	687798	0	
852	0.020555	7.8229e-06	0.0205471	0	851322	324	850998	0	
853	0.0188924	6.18106e-06	0.0188862	0	782464	256	782208	0	
854	0.0587411	6.78226e-05	0.0586732	0	2.43287e+06	2809	2.43006e+06	0	
855	0.0276619	1.50904e-05	0.0276468	0	1.14566e+06	625	1.14504e+06	0	
856	0.14006	0.000389431	0.13967	0	5.80084e+06	16129	5.78471e+06	0	
857	0.0194597	6.97784e-06	0.0194527	0	805961	289	805672	0	
858	0.0366794	2.95773e-05	0.0366498	0	1.51914e+06	1225	1.51792e+06	0	
859	0.0264008	1.39073e-05	0.0263869	0	1.09344e+06	576	1.09286e+06	0	
860	0.0351489	2.17303e-05	0.0351272	0	1.45575e+06	900	1.45485e+06	0	
861	0.0207759	8.71626e-06	0.0207672	0	860473	361	860112	0	
862	0.0192102	6.97784e-06	0.0192032	0	795627	289	795338	0	
863	0.0213481	8.71626e-06	0.0213394	0	884173	361	883812	0	
864	0.101489	0.000347684	0.101142	0	4.20339e+06	14400	4.18899e+06	0	
865	0.0153659	7.8229e-06	0.0153581	0	636409	324	636085	0	
866	0.0141534	6.97784e-06	0.0141465	0	586192	289	585903	0	
867	0.0254688	2.17303e-05	0.0254471	0	1.05483e+06	900	1.05393e+06	0	
868	0.0161371	8.71626e-06	0.0161283	0	668347	361	667986	0	
869	0.304711	0.00321668	0.301494	0	1.26201e+07	133225	1.24869e+07	0	
870	0.0265526	2.47242e-05	0.0265279	0	1.09972e+06	1024	1.0987e+06	0	
871	0.0412134	5.79716e-05	0.0411554	0	1.70693e+06	2401	1.70452e+06	0	
872	0.0275657	2.62936e-05	0.0275394	0	1.14168e+06	1089	1.14059e+06	0	
873	0.0232039	1.89295e-05	0.023185	0	961034	784	960250	0	
874	0.0174613	1.06478e-05	0.0174507	0	723193	441	722752	0	
875	0.0305294	3.30542e-05	0.0304963	0	1.26443e+06	1369	1.26306e+06	0	
876	0.0131356	6.18106e-06	0.0131294	0	544035	256	543779	0	
877	0.015535	8.71626e-06	0.0155263	0	643410	361	643049	0	
878	0.0464317	4.67443e-05	0.0463849	0	1.92305e+06	1936	1.92111e+06	0	
879	0.0668228	0.000154526	0.0666683	0	2.76759e+06	6400	2.76119e+06	0	
880	0.089218	0.000227178	0.0889908	0	3.69512e+06	9409	3.68571e+06	0	
881	0.0161699	7.8229e-06	0.0161621	0	669708	324	669383	0	
882	0.0300874	2.95773e-05	0.0300578	0	1.24612e+06	1225	1.24489e+06	0	
883	0.0127163	5.43257e-06	0.0127109	0	526670	225	526445	0	
884	0.0224636	1.50904e-05	0.0224485	0	930373	625	929748	0	
885	0.0156575	5.43257e-06	0.015652	0	648484	225	648259	0	
886	0.0242797	1.89295e-05	0.0242608	0	1.00559e+06	784	1.0048e+06	0	
887	0.0312366	2.79113e-05	0.0312087	0	1.29372e+06	1156	1.29256e+06	0	
888	0.0563155	0.000105174	0.0562103	0	2.3324e+06	4356	2.32805e+06	0	
889	0.0417055	4.88931e-05	0.0416566	0	1.7273e+06	2025	1.72528e+06	0	
890	0.086265	0.000227178	0.0860378	0	3.57282e+06	9409	3.56341e+06	0	
891	0.059147	0.000118309	0.0590287	0	2.44968e+06	4900	2.44478e+06	0	
892	0.0178443	1.27725e-05	0.0178315	0	739056	529	738527	0	
893	0.0129122	5.43257e-06	0.0129067	0	534782	225	534557	0	
894	0.0235084	1.76015e-05	0.0234908	0	973646	729	972917	0	
895	0.0870777	0.0002463	0.0868314	0	3.60648e+06	10201	3.59628e+06	0	
896	0.0739379	0.000195563	0.0737424	0	3.06227e+06	8099.62	3.05417e+06	0	
897	0.0193158	9.65791e-06	0.0193062	0	800002	400	799602	0	
898	0.0849475	0.00019125	0.0847562	0	3.51825e+06	7921	3.51033e+06	0	
899	0.200594	0.00108516	0.199509	0	8.30799e+06	44944	8.26304e+06	0	
900	0.0528539	7.04061e-05	0.0527835	0	2.18904e+06	2916	2.18612e+06	0	
901	0.0430636	4.88931e-05	0.0430147	0	1.78355e+06	2025	1.78153e+06	0	
902	0.0155378	6.97784e-06	0.0155308	0	643528	289	643239	0	
903	0.030856	3.30531e-05	0.030823	0	1.27795e+06	1368.95	1.27659e+06	0	
904	0.0321149	3.86316e-05	0.0320762	0	1.33009e+06	1600	1.32849e+06	0	
905	0.0159201	6.97784e-06	0.0159131	0	659359	289	659070	0	
906	0.0276241	1.89295e-05	0.0276052	0	1.1441e+06	784	1.14332e+06	0	
907	0.0188863	1.06478e-05	0.0188756	0	782210	441	781769	0	
908	0.0232643	1.76015e-05	0.0232467	0	963536	729	962807	0	
909	0.0128617	5.43257e-06	0.0128563	0	532694	225	532469	0	
910	0.161314	0.000625856	0.160688	0	6.68114e+06	25921	6.65522e+06	0	
911	0.0147602	7.8229e-06	0.0147524	0	611322	324	610998	0	
912	0.0588304	0.000105174	0.0587253	0	2.43657e+06	4356	2.43221e+06	0	
913	0.0143804	5.43257e-06	0.014375	0	595591	225	595366	0	
914	0.0141086	8.71626e-06	0.0140999	0	584335	361	583974	0	
915	0.0590844	8.69212e-05	0.0589975	0	2.44708e+06	3600	2.44348e+06	0	
916	0.0168257	6.97784e-06	0.0168188	0	696870	289	696581	0	
917	0.0211664	1.27725e-05	0.0211536	0	876646	529	876117	0	
918	0.0206871	1.06478e-05	0.0206765	0	856797	441	856356	0	
919	0.0775646	0.00013946	0.0774251	0	3.21247e+06	5776	3.2067e+06	0	
920	0.0161134	6.18106e-06	0.0161072	0	667366	256	667110	0	
921	0.0154719	6.18106e-06	0.0154657	0	640797	256	640541	0	
922	1.30183	0.0329388	1.2689	0	5.3918e+07	1.36422e+06	5.25537e+07	0	
923	0.0574067	0.000105174	0.0573015	0	2.3776e+06	4356	2.37324e+06	0	
924	0.0238344	1.27725e-05	0.0238216	0	987147	529	986618	0	
925	0.0194274	1.06478e-05	0.0194168	0	804623	441	804182	0	
926	0.0283974	2.03057e-05	0.0283771	0	1.17613e+06	841	1.17529e+06	0	
927	1.37279	0.0496498	1.32314	0	5.68565e+07	2.05633e+06	5.48002e+07	0	
928	0.0176803	9.65791e-06	0.0176707	0	732265	400	731865	0	
929	0.0308473	3.30542e-05	0.0308143	0	1.27759e+06	1369	1.27623e+06	0	
930	0.0258519	1.50904e-05	0.0258368	0	1.0707e+06	625	1.07007e+06	0	
931	0.0116469	6.18106e-06	0.0116407	0	482380	256	482124	0	
932	0.016136	7.8229e-06	0.0161282	0	668303	324	667979	0	
933	0.0170372	6.97784e-06	0.0170303	0	705629	289	705340	0	
934	0.0904798	0.000158413	0.0903214	0	3.74738e+06	6561	3.74082e+06	0	
935	0.0185475	1.1686e-05	0.0185358	0	768179	484	767695	0	
936	0.0158049	9.65791e-06	0.0157952	0	654590	400	654190	0	
937	0.0692145	0.000182751	0.0690318	0	2.86664e+06	7569	2.85907e+06	0	
938	0.0158615	1.27725e-05	0.0158487	0	656933	529	656404	0	
939	0.0274093	1.63218e-05	0.027393	0	1.1352e+06	676	1.13453e+06	0	
940	0.0139538	6.97784e-06	0.0139469	0	577925	289	577636	0	
941	0.0173168	6.97784e-06	0.0173098	0	717207	289	716918	0	
942	0.0648279	8.98427e-05	0.0647381	0	2.68496e+06	3721	2.68124e+06	0	
943	0.0163509	6.18106e-06	0.0163448	0	677205	256	676949	0	
944	0.00448369	5.43257e-06	0.00447825	0	185700	225	185475	0	
945	0.0202319	1.1686e-05	0.0202202	0	837944	484	837460	0	
946	0.0263141	1.63218e-05	0.0262977	0	1.08984e+06	676	1.08917e+06	0	
947	0.0309413	3.86316e-05	0.0309027	0	1.28149e+06	1600	1.27989e+06	0	
948	0.0187475	7.8229e-06	0.0187397	0	776463	324	776139	0	
949	0.0139127	1.06478e-05	0.013902	0	576221	441	575780	0	
950	0.0371606	3.67242e-05	0.0371239	0	1.53907e+06	1521	1.53755e+06	0	
951	0.0167167	8.71626e-06	0.016708	0	692354	361	691993	0	
952	0.0178789	1.1686e-05	0.0178672	0	740487	484	740003	0	
953	0.0153863	8.71626e-06	0.0153776	0	637253	361	636892	0	
954	0.0651454	7.84463e-05	0.0650669	0	2.69811e+06	3249	2.69486e+06	0	
955	0.0401725	5.79716e-05	0.0401145	0	1.66381e+06	2401	1.66141e+06	0	
956	0.0450815	3.67242e-05	0.0450448	0	1.86713e+06	1521	1.86561e+06	0	
957	0.00411244	8.71626e-06	0.00410372	0	170324	361	169963	0	
958	0.0130903	9.65791e-06	0.0130806	0	542160	400	541760	0	
959	0.212878	0.00142572	0.211453	0	8.81676e+06	59049	8.75771e+06	0	
960	0.00742818	1.27725e-05	0.00741541	0	307651	529	307122	0	
961	0.434141	0.00343167	0.43071	0	1.79807e+07	142129	1.78386e+07	0	
962	0.0491452	4.67443e-05	0.0490984	0	2.03543e+06	1936	2.0335e+06	0	
963	0.124738	0.000500666	0.124237	0	5.16627e+06	20736	5.14554e+06	0	
964	0.0345727	2.17303e-05	0.0345509	0	1.43189e+06	900	1.43099e+06	0	
965	0.0132898	6.18106e-06	0.0132836	0	550423	256	550167	0	
966	0.027566	0.000158413	0.0274076	0	1.14169e+06	6561	1.13513e+06	0	
967	0.0280485	2.62936e-05	0.0280222	0	1.16168e+06	1089	1.16059e+06	0	
968	0.0571763	5.79716e-05	0.0571184	0	2.36806e+06	2401	2.36566e+06	0	
969	0.0139634	6.97784e-06	0.0139564	0	578321	289	578032	0	
970	0.142865	0.000618106	0.142247	0	5.91702e+06	25600	5.89142e+06	0	
971	0.0399122	3.30542e-05	0.0398792	0	1.65304e+06	1369	1.65167e+06	0	
972	0.0251298	3.86316e-05	0.0250911	0	1.04079e+06	1600	1.03919e+06	0	
973	0.0195227	1.27725e-05	0.0195099	0	808570	529	808041	0	
974	0.0211538	7.8229e-06	0.021146	0	876124	324	875800	0	
975	0.015749	5.10903e-05	0.0156979	0	652275	2116	650159	0	
976	0.00706308	1.06478e-05	0.00705243	0	292530	441	292089	0	
977	0.463805	0.00482434	0.45898	0	1.92093e+07	199809	1.90095e+07	0	
978	0.0902328	0.00013946	0.0900934	0	3.73715e+06	5776	3.73138e+06	0	
979	0.0196775	1.1686e-05	0.0196658	0	814982	484	814498	0	
980	0.0318308	2.95773e-05	0.0318012	0	1.31833e+06	1225	1.3171e+06	0	
981	0.015961	5.10903e-05	0.0159099	0	661057	2116	658941	0	
982	0.0248486	1.76015e-05	0.024831	0	1.02915e+06	729	1.02842e+06	0	
