Node	dPC	dPCintra	dPCflux	dPCconnector	varPC	varPCintra	varPCflux	varPCconnector	
1	0.040951	1.6601e-05	0.0409344	0	1.79828e+06	729	1.79755e+06	0	
2	0.0384226	1.42326e-05	0.0384083	0	1.68725e+06	625	1.68662e+06	0	
3	0.0385713	1.42326e-05	0.038557	0	1.69378e+06	625	1.69315e+06	0	
4	0.0431539	4.61139e-05	0.0431077	0	1.89501e+06	2025	1.89299e+06	0	
5	0.0328626	2.63247e-05	0.0328363	0	1.44309e+06	1156	1.44194e+06	0	
6	0.026337	6.58119e-06	0.0263304	0	1.15653e+06	289	1.15624e+06	0	
7	0.0310477	9.10892e-06	0.0310385	0	1.36339e+06	400	1.36299e+06	0	
8	1.981	0.0357527	1.94525	0	8.69919e+07	1.57e+06	8.54218e+07	0	
9	0.0587675	3.28832e-05	0.0587347	0	2.58065e+06	1444	2.57921e+06	0	
10	0.0618761	4.01703e-05	0.0618359	0	2.71716e+06	1764	2.7154e+06	0	
11	0.0240502	5.82971e-06	0.0240443	0	1.05611e+06	256	1.05586e+06	0	
12	0.231411	0.000533077	0.230877	0	1.01619e+07	23409	1.01385e+07	0	
13	0.0221534	5.12377e-06	0.0221483	0	972822	225	972597	0	
14	0.0284969	8.2208e-06	0.0284887	0	1.25138e+06	361	1.25102e+06	0	
15	0.0177956	6.58119e-06	0.017789	0	781458	289	781169	0	
16	0.026784	7.37822e-06	0.0267766	0	1.17616e+06	324	1.17584e+06	0	
17	0.0429553	1.91515e-05	0.0429361	0	1.88629e+06	841	1.88545e+06	0	
18	0.0737721	5.46763e-05	0.0737174	0	3.23955e+06	2401	3.23715e+06	0	
19	0.152191	0.000590281	0.151601	0	6.68318e+06	25921	6.65726e+06	0	
20	0.0306439	9.10892e-06	0.0306348	0	1.34566e+06	400	1.34526e+06	0	
21	0.0279209	7.37822e-06	0.0279136	0	1.22609e+06	324	1.22576e+06	0	
22	0.0590695	3.28832e-05	0.0590366	0	2.59392e+06	1444	2.59247e+06	0	
23	0.0313481	9.10892e-06	0.031339	0	1.37659e+06	400	1.37619e+06	0	
24	0.0960591	8.47357e-05	0.0959744	0	4.21824e+06	3721	4.21452e+06	0	
25	0.025154	5.82971e-06	0.0251482	0	1.10458e+06	256	1.10433e+06	0	
26	0.0957744	8.47357e-05	0.0956897	0	4.20574e+06	3721	4.20202e+06	0	
27	0.0251679	5.82971e-06	0.0251621	0	1.1052e+06	256	1.10494e+06	0	
28	0.0276296	7.37822e-06	0.0276222	0	1.2133e+06	324	1.21297e+06	0	
29	0.0231963	5.82971e-06	0.0231904	0	1.01861e+06	256	1.01836e+06	0	
30	0.02306	5.12377e-06	0.0230549	0	1.01263e+06	225	1.0124e+06	0	
31	0.046333	1.91515e-05	0.0463139	0	2.03462e+06	841	2.03378e+06	0	
32	0.0251832	5.82971e-06	0.0251774	0	1.10587e+06	256	1.10561e+06	0	
33	0.126071	0.000153121	0.125918	0	5.53617e+06	6724	5.52945e+06	0	
34	0.0394918	1.6601e-05	0.0394752	0	1.7342e+06	729	1.73347e+06	0	
35	0.136382	0.000172363	0.13621	0	5.98897e+06	7569	5.9814e+06	0	
36	0.178712	0.000301163	0.17841	0	7.84777e+06	13225	7.83455e+06	0	
37	0.170104	0.000275544	0.169829	0	7.46981e+06	12100	7.45771e+06	0	
38	0.0260466	6.58119e-06	0.02604	0	1.14378e+06	289	1.14349e+06	0	
39	0.0535451	2.7896e-05	0.0535172	0	2.35132e+06	1225	2.3501e+06	0	
40	0.0311792	9.10892e-06	0.0311701	0	1.36917e+06	400	1.36877e+06	0	
41	0.0360262	1.20465e-05	0.0360141	0	1.58201e+06	529	1.58149e+06	0	
42	0.131631	0.000164529	0.131466	0	5.78032e+06	7225	5.77309e+06	0	
43	0.0248231	1.6601e-05	0.0248066	0	1.09006e+06	729	1.08933e+06	0	
44	0.0638815	3.82802e-05	0.0638432	0	2.80522e+06	1681	2.80354e+06	0	
45	0.0230207	5.12377e-06	0.0230156	0	1.01091e+06	225	1.01068e+06	0	
46	0.0390602	1.42326e-05	0.039046	0	1.71525e+06	625	1.71462e+06	0	
47	0.0489889	2.18841e-05	0.048967	0	2.15124e+06	961	2.15028e+06	0	
48	0.0235983	5.12377e-06	0.0235932	0	1.03627e+06	225	1.03604e+06	0	
49	0.174001	0.000290779	0.17371	0	7.64093e+06	12769	7.62816e+06	0	
50	0.0462277	1.91515e-05	0.0462085	0	2.02999e+06	841	2.02915e+06	0	
51	0.0523275	2.63247e-05	0.0523011	0	2.29785e+06	1156	2.2967e+06	0	
52	0.0225085	5.12377e-06	0.0225033	0	988416	225	988191	0	
53	0.0445057	1.78534e-05	0.0444878	0	1.95437e+06	784	1.95359e+06	0	
54	0.0295085	8.2208e-06	0.0295003	0	1.2958e+06	361	1.29544e+06	0	
55	0.0551226	2.7896e-05	0.0550947	0	2.42059e+06	1225	2.41937e+06	0	
56	0.0387175	1.42326e-05	0.0387032	0	1.7002e+06	625	1.69957e+06	0	
57	0.19325	0.000433675	0.192816	0	8.48619e+06	19044	8.46715e+06	0	
58	6.44786	0.387485	6.06037	0	2.83144e+08	1.70156e+07	2.66129e+08	0	
59	0.0468096	2.4799e-05	0.0467848	0	2.05555e+06	1089	2.05446e+06	0	
60	0.0285266	9.10892e-06	0.0285175	0	1.25268e+06	400	1.25228e+06	0	
61	0.0220109	6.58119e-06	0.0220043	0	966567	289	966278	0	
62	0.0182246	9.10892e-06	0.0182154	0	800296	400	799896	0	
63	0.0224947	5.82971e-06	0.0224889	0	987812	256	987556	0	
64	0.0274143	2.0495e-05	0.0273938	0	1.20384e+06	900	1.20294e+06	0	
65	1.01332	0.0115442	1.00178	0	4.44983e+07	506944	4.39913e+07	0	
66	0.0228794	5.82971e-06	0.0228736	0	1.0047e+06	256	1.00445e+06	0	
67	0.09318	0.000241591	0.0929384	0	4.09181e+06	10609	4.0812e+06	0	
68	0.617916	0.00368009	0.614236	0	2.71345e+07	161604	2.69729e+07	0	
69	0.0354667	1.20465e-05	0.0354547	0	1.55745e+06	529	1.55692e+06	0	
70	0.0220415	7.37822e-06	0.0220341	0	967910	324	967586	0	
71	0.194798	0.000373101	0.194425	0	8.55418e+06	16384	8.53779e+06	0	
72	0.113881	0.000124701	0.113756	0	5.00087e+06	5476	4.99539e+06	0	
73	0.0433791	2.4799e-05	0.0433543	0	1.9049e+06	1089	1.90381e+06	0	
74	0.0228527	8.2208e-06	0.0228445	0	1.00353e+06	361	1.00317e+06	0	
75	0.0277558	7.37822e-06	0.0277484	0	1.21884e+06	324	1.21851e+06	0	
76	0.0479837	2.18841e-05	0.0479618	0	2.1071e+06	961	2.10614e+06	0	
77	0.0428697	2.0495e-05	0.0428492	0	1.88253e+06	900	1.88163e+06	0	
78	0.0465376	2.18841e-05	0.0465157	0	2.0436e+06	961	2.04264e+06	0	
79	0.0918636	0.000118051	0.0917455	0	4.034e+06	5184	4.02882e+06	0	
80	0.125599	0.000176348	0.125422	0	5.51544e+06	7744	5.50769e+06	0	
81	0.0101417	1.20465e-05	0.0101297	0	445356	529	444827	0	
82	0.0290021	9.10892e-06	0.028993	0	1.27357e+06	400	1.27317e+06	0	
83	0.0245044	5.82971e-06	0.0244986	0	1.07606e+06	256	1.0758e+06	0	
84	0.0362739	1.78534e-05	0.036256	0	1.59289e+06	784	1.59211e+06	0	
85	0.207819	0.000554186	0.207265	0	9.12599e+06	24336	9.10165e+06	0	
86	0.0461912	2.4799e-05	0.0461664	0	2.02839e+06	1089	2.0273e+06	0	
87	0.0386794	1.6601e-05	0.0386628	0	1.69852e+06	729	1.69779e+06	0	
88	0.0350061	1.20465e-05	0.034994	0	1.53722e+06	529	1.53669e+06	0	
89	0.0590874	3.82802e-05	0.0590491	0	2.5947e+06	1681	2.59302e+06	0	
90	0.0730437	5.92307e-05	0.0729845	0	3.20757e+06	2601	3.20496e+06	0	
91	0.0348837	1.31168e-05	0.0348706	0	1.53184e+06	576	1.53127e+06	0	
92	0.02103	5.12377e-06	0.0210249	0	923492	225	923267	0	
93	0.0307947	1.00425e-05	0.0307847	0	1.35229e+06	441	1.35185e+06	0	
94	0.0255791	6.58119e-06	0.0255726	0	1.12325e+06	289	1.12296e+06	0	
95	0.048251	2.95129e-05	0.0482215	0	2.11884e+06	1296	2.11755e+06	0	
96	0.0339663	1.5394e-05	0.0339509	0	1.49156e+06	676	1.49088e+06	0	
97	0.0257083	6.58119e-06	0.0257018	0	1.12893e+06	289	1.12864e+06	0	
98	0.0291043	9.10892e-06	0.0290952	0	1.27805e+06	400	1.27765e+06	0	
99	0.0680061	5.46763e-05	0.0679515	0	2.98635e+06	2401	2.98395e+06	0	
100	0.0828529	6.88862e-05	0.082784	0	3.63831e+06	3025	3.63529e+06	0	
101	0.02274	1.42326e-05	0.0227257	0	998582	625	997957	0	
102	0.0454733	2.18841e-05	0.0454514	0	1.99686e+06	961	1.9959e+06	0	
103	0.0439931	2.33188e-05	0.0439698	0	1.93187e+06	1024	1.93084e+06	0	
104	0.0384583	1.5394e-05	0.0384429	0	1.68882e+06	676	1.68814e+06	0	
105	0.132712	0.000180379	0.132532	0	5.8278e+06	7921	5.81988e+06	0	
106	0.0773929	6.15763e-05	0.0773313	0	3.39855e+06	2704	3.39584e+06	0	
107	0.0615285	3.82802e-05	0.0614903	0	2.7019e+06	1681	2.70022e+06	0	
108	0.0666121	5.24674e-05	0.0665596	0	2.92513e+06	2304	2.92283e+06	0	
109	0.0285417	8.2208e-06	0.0285335	0	1.25335e+06	361	1.25299e+06	0	
110	0.021959	5.12377e-06	0.0219538	0	964285	225	964060	0	
111	0.249191	0.000635097	0.248556	0	1.09427e+07	27889	1.09148e+07	0	
112	0.0264772	7.37822e-06	0.0264698	0	1.16269e+06	324	1.16236e+06	0	
113	0.0238885	5.82971e-06	0.0238826	0	1.04901e+06	256	1.04875e+06	0	
114	0.27881	0.000848245	0.277961	0	1.22433e+07	37249	1.22061e+07	0	
115	0.0339394	1.20465e-05	0.0339274	0	1.49038e+06	529	1.48985e+06	0	
116	0.0223519	5.12377e-06	0.0223467	0	981539	225	981314	0	
117	0.0318794	1.20465e-05	0.0318673	0	1.39991e+06	529	1.39939e+06	0	
118	0.192429	0.000384852	0.192044	0	8.45015e+06	16900	8.43325e+06	0	
119	0.032375	1.10217e-05	0.032364	0	1.42168e+06	484	1.4212e+06	0	
120	1.12091	0.0131879	1.10773	0	4.92228e+07	579121	4.86437e+07	0	
121	0.0923076	0.000102224	0.0922054	0	4.0535e+06	4489	4.04901e+06	0	
122	0.0279741	8.2208e-06	0.0279659	0	1.22842e+06	361	1.22806e+06	0	
123	0.0248706	6.58119e-06	0.024864	0	1.09214e+06	289	1.09185e+06	0	
124	0.0165515	5.82971e-06	0.0165457	0	726828	256	726572	0	
125	0.112327	0.000280577	0.112046	0	4.93262e+06	12321	4.9203e+06	0	
126	0.0417678	3.82802e-05	0.0417296	0	1.83415e+06	1681	1.83247e+06	0	
127	0.0263679	1.5394e-05	0.0263525	0	1.15789e+06	676	1.15721e+06	0	
128	0.0565533	7.14139e-05	0.0564819	0	2.48342e+06	3136	2.48029e+06	0	
129	0.0228259	1.20465e-05	0.0228139	0	1.00235e+06	529	1.00182e+06	0	
130	0.0260166	1.5394e-05	0.0260012	0	1.14246e+06	676	1.14179e+06	0	
131	0.0427643	4.2106e-05	0.0427222	0	1.87791e+06	1849	1.87606e+06	0	
132	0.0328461	2.4799e-05	0.0328213	0	1.44237e+06	1089	1.44128e+06	0	
133	0.0246033	1.42326e-05	0.024589	0	1.0804e+06	625	1.07978e+06	0	
134	0.0131145	5.82971e-06	0.0131087	0	575899	256	575643	0	
135	0.016717	8.2208e-06	0.0167087	0	734093	361	733732	0	
136	0.0199391	1.31168e-05	0.019926	0	875588	576	875012	0	
137	0.0566873	7.14139e-05	0.0566159	0	2.48931e+06	3136	2.48617e+06	0	
138	0.0158168	7.37822e-06	0.0158095	0	694567	324	694243	0	
139	0.0174096	6.58119e-06	0.017403	0	764510	289	764221	0	
140	0.00788471	7.37822e-06	0.00787733	0	346241	324	345917	0	
141	0.0215931	1.5394e-05	0.0215777	0	948218	676	947542	0	
142	0.0157449	5.12377e-06	0.0157397	0	691406	225	691181	0	
143	0.0118123	5.12377e-06	0.0118072	0	518714	225	518489	0	
144	0.0161055	8.2208e-06	0.0160973	0	707244	361	706883	0	
145	0.0215125	1.10217e-05	0.0215015	0	944682	484	944198	0	
146	0.00435552	8.2208e-06	0.0043473	0	191264	361	190903	0	
147	0.0112014	8.2208e-06	0.0111932	0	491891	361	491530	0	
148	0.0197418	7.37822e-06	0.0197345	0	866925	324	866601	0	
149	0.0409876	0.000102224	0.0408854	0	1.79988e+06	4489	1.7954e+06	0	
150	0.0175956	1.91515e-05	0.0175764	0	772675	841	771834	0	
151	0.034338	1.42326e-05	0.0343237	0	1.50788e+06	625	1.50726e+06	0	
152	0.0233661	6.58119e-06	0.0233595	0	1.02607e+06	289	1.02578e+06	0	
153	0.0247703	5.12377e-06	0.0247651	0	1.08773e+06	225	1.08751e+06	0	
154	0.18024	0.000265616	0.179974	0	7.91487e+06	11664	7.90321e+06	0	
155	0.0725427	2.7896e-05	0.0725087	5.94122e-06	3.18556e+06	1225	3.18407e+06	260.896	
156	0.134088	9.32753e-05	0.133994	0	5.88821e+06	4096	5.88411e+06	0	
157	0.0929294	5.46763e-05	0.0928747	0	4.0808e+06	2401	4.0784e+06	0	
158	0.0388898	1.10217e-05	0.0388788	0	1.70776e+06	484	1.70728e+06	0	
159	3.33464	0.0544284	3.28021	0	1.46434e+08	2.39011e+06	1.44044e+08	0	
160	0.0895073	5.69307e-05	0.0894504	0	3.93053e+06	2500	3.92803e+06	0	
161	0.0467979	1.10217e-05	0.0467868	0	2.05503e+06	484	2.05455e+06	0	
162	0.396507	0.000721517	0.395785	7.92572e-07	1.74118e+07	31684	1.73801e+07	34.8042	
163	0.0372495	7.37822e-06	0.0372421	0	1.63573e+06	324	1.63541e+06	0	
164	0.439039	0.000892765	0.438146	0	1.92795e+07	39204	1.92403e+07	0	
165	0.109921	5.46763e-05	0.109866	4.3944e-07	4.827e+06	2401	4.82457e+06	19.2971	
166	1.12172	0.00573871	1.11598	4.16462e-08	4.92584e+07	252004	4.90064e+07	1.8288	
167	0.0299593	5.12377e-06	0.0299534	6.63626e-07	1.3156e+06	225	1.31534e+06	29.1418	
168	0.0497476	1.10217e-05	0.0497366	0	2.18456e+06	484	2.18408e+06	0	
169	0.136155	8.19803e-05	0.136072	4.25058e-07	5.97898e+06	3600	5.97536e+06	18.6655	
170	0.032669	5.12377e-06	0.0326611	2.60288e-06	1.43459e+06	225	1.43425e+06	114.3	
171	0.221347	0.0002323	0.221101	1.36712e-05	9.72001e+06	10201	9.7092e+06	600.347	
172	0.0526886	1.31168e-05	0.0526755	0	2.31371e+06	576	2.31313e+06	0	
173	0.0732667	2.33188e-05	0.073243	2.5807e-07	3.21736e+06	1024	3.21632e+06	11.3326	
174	0.134733	8.47357e-05	0.134648	0	5.91655e+06	3721	5.91283e+06	0	
175	0.0658212	2.0495e-05	0.0658007	0	2.8904e+06	900	2.8895e+06	0	
176	0.495296	0.00108223	0.494118	9.56837e-05	2.17499e+07	47524	2.16982e+07	4201.75	
177	0.0406038	9.10892e-06	0.0405946	0	1.78303e+06	400	1.78263e+06	0	
178	0.045594	9.10892e-06	0.0455849	0	2.00217e+06	400	2.00177e+06	0	
179	0.241257	0.000251064	0.241006	1.20309e-07	1.05943e+07	11025	1.05832e+07	5.28313	
180	0.191323	0.000196957	0.191126	0	8.4016e+06	8649	8.39295e+06	0	
181	1.25809	0.00681368	1.25128	4.25531e-06	5.52468e+07	299209	5.49474e+07	186.863	
182	0.128379	7.6606e-05	0.128303	0	5.63753e+06	3364	5.63417e+06	0	
183	0.102259	4.40871e-05	0.102214	3.25896e-07	4.49051e+06	1936	4.48856e+06	14.311	
184	0.0389058	6.58119e-06	0.0388378	6.13027e-05	1.70847e+06	289	1.70548e+06	2691.98	
185	0.0356379	5.82971e-06	0.035632	0	1.56496e+06	256	1.56471e+06	0	
186	0.0815431	3.28832e-05	0.0815102	0	3.5808e+06	1444	3.57935e+06	0	
187	1.10449	0.00587671	1.09862	2.52299e-07	4.85017e+07	258064	4.82436e+07	11.0792	
188	0.0693327	2.18841e-05	0.0693108	0	3.0446e+06	961	3.04364e+06	0	
189	0.108657	5.0304e-05	0.108606	0	4.77145e+06	2209	4.76924e+06	0	
190	0.399171	0.000713433	0.398457	0	1.75288e+07	31329	1.74974e+07	0	
191	0.206313	0.000214264	0.206098	0	9.05982e+06	9409	9.05041e+06	0	
192	0.0458998	9.10892e-06	0.0458907	0	2.01559e+06	400	2.01519e+06	0	
193	0.0663787	1.91515e-05	0.0663596	0	2.91489e+06	841	2.91404e+06	0	
194	0.583101	0.00140058	0.5817	0	2.56057e+07	61504	2.55442e+07	0	
195	0.0580054	1.6601e-05	0.0579883	3.09963e-07	2.54719e+06	729	2.54644e+06	13.6114	
196	0.0433049	8.2208e-06	0.0432967	0	1.90165e+06	361	1.90128e+06	0	
197	0.0663177	2.0495e-05	0.0662973	0	2.91221e+06	900	2.91131e+06	0	
198	0.0338658	5.12377e-06	0.0338607	0	1.48715e+06	225	1.48692e+06	0	
199	0.315899	0.000433675	0.315465	0	1.3872e+07	19044	1.3853e+07	0	
200	0.62251	0.00203586	0.620474	0	2.73362e+07	89401	2.72468e+07	0	
201	0.0819225	2.7896e-05	0.0818946	0	3.59746e+06	1225	3.59623e+06	0	
202	0.0291251	1.5394e-05	0.0291097	0	1.27897e+06	676	1.27829e+06	0	
203	0.086782	3.11752e-05	0.0867508	0	3.81085e+06	1369	3.80948e+06	0	
204	0.0373916	6.58119e-06	0.037385	0	1.64197e+06	289	1.64168e+06	0	
205	0.100753	5.0304e-05	0.100703	0	4.42438e+06	2209	4.42218e+06	0	
206	0.0887963	3.64357e-05	0.0887599	0	3.89931e+06	1600	3.89771e+06	0	
207	0.970555	0.00388425	0.96667	3.1071e-08	4.26199e+07	170569	4.24493e+07	1.36442	
208	0.0401505	7.37822e-06	0.0401431	0	1.76312e+06	324	1.7628e+06	0	
209	0.0218061	9.10892e-06	0.021797	0	957573	400	957173	0	
210	0.179889	0.000176348	0.179712	6.89408e-07	7.89948e+06	7744	7.8917e+06	30.2739	
211	0.039679	5.82971e-06	0.0396731	0	1.74242e+06	256	1.74216e+06	0	
212	0.0345909	5.12377e-06	0.0345858	0	1.51899e+06	225	1.51876e+06	0	
213	0.0515733	1.20465e-05	0.0515612	0	2.26473e+06	529	2.2642e+06	0	
214	0.0401137	5.82971e-06	0.0400744	3.33103e-05	1.76151e+06	256	1.75978e+06	1462.75	
215	0.0509135	1.10217e-05	0.0509025	0	2.23576e+06	484	2.23528e+06	0	
216	0.0478172	9.10892e-06	0.0478081	0	2.09979e+06	400	2.09939e+06	0	
217	0.0851304	2.95129e-05	0.0851009	0	3.73833e+06	1296	3.73703e+06	0	
218	0.0848569	3.82802e-05	0.0848186	0	3.72632e+06	1681	3.72464e+06	0	
219	0.211385	0.000176348	0.211209	0	9.28256e+06	7744	9.27482e+06	0	
220	0.0455679	8.2208e-06	0.0455597	0	2.00102e+06	361	2.00066e+06	0	
221	0.0532699	1.20465e-05	0.0532579	0	2.33924e+06	529	2.33871e+06	0	
222	0.0377368	5.82971e-06	0.037731	0	1.65713e+06	256	1.65688e+06	0	
223	0.15977	0.000105299	0.159628	3.61025e-05	7.01599e+06	4624	7.00978e+06	1585.37	
224	0.042642	7.37822e-06	0.0426346	0	1.87253e+06	324	1.87221e+06	0	
225	0.0477178	9.10892e-06	0.0477087	0	2.09543e+06	400	2.09503e+06	0	
226	0.0953922	4.01703e-05	0.095352	0	4.18895e+06	1764	4.18719e+06	0	
227	0.0695185	1.6601e-05	0.069471	3.06895e-05	3.05276e+06	729	3.05068e+06	1347.67	
228	0.0343695	5.12377e-06	0.0343644	0	1.50926e+06	225	1.50904e+06	0	
229	30.0641	3.44186	26.6222	1.61474e-06	1.3202e+09	1.51142e+08	1.16906e+09	70.9083	
230	0.111081	4.61139e-05	0.111035	0	4.87791e+06	2025	4.87589e+06	0	
231	0.520385	0.000910892	0.519464	1.06555e-05	2.28516e+07	40000	2.28112e+07	467.915	
232	0.171919	9.91961e-05	0.17182	0	7.54951e+06	4356	7.54515e+06	0	
233	0.041661	5.82971e-06	0.0416552	0	1.82946e+06	256	1.8292e+06	0	
234	0.0680264	1.6601e-05	0.0680087	9.33963e-07	2.98724e+06	729	2.98646e+06	41.0131	
235	0.0365029	1.20465e-05	0.0364908	0	1.60295e+06	529	1.60242e+06	0	
236	0.0553125	1.10217e-05	0.0553014	0	2.42893e+06	484	2.42845e+06	0	
237	0.0300094	8.2208e-06	0.0300011	0	1.3178e+06	361	1.31744e+06	0	
238	0.117514	4.61139e-05	0.117468	0	5.16041e+06	2025	5.15838e+06	0	
239	0.037923	5.12377e-06	0.0379179	0	1.66531e+06	225	1.66508e+06	0	
240	0.239766	0.000192744	0.239573	0	1.05288e+07	8464	1.05203e+07	0	
241	0.20766	0.000138546	0.207522	0	9.119e+06	6084	9.11292e+06	0	
242	0.0464735	7.37822e-06	0.0464661	0	2.04079e+06	324	2.04046e+06	0	
243	0.0520528	9.10892e-06	0.0520437	0	2.28579e+06	400	2.28539e+06	0	
244	0.0444293	6.58119e-06	0.0444228	0	1.95102e+06	289	1.95073e+06	0	
245	0.106667	3.82802e-05	0.106629	0	4.68407e+06	1681	4.68239e+06	0	
246	0.052334	9.10892e-06	0.0523249	0	2.29814e+06	400	2.29774e+06	0	
247	0.0580989	1.10217e-05	0.0580879	0	2.55129e+06	484	2.55081e+06	0	
248	0.388572	0.000478787	0.388015	7.76542e-05	1.70633e+07	21025	1.70389e+07	3410.02	
249	0.0603986	1.6601e-05	0.060382	0	2.65228e+06	729	2.65155e+06	0	
250	0.131394	5.46763e-05	0.13134	0	5.76994e+06	2401	5.76754e+06	0	
251	0.0456974	9.10892e-06	0.0456883	0	2.00671e+06	400	2.00631e+06	0	
252	0.160626	8.47357e-05	0.16054	1.16381e-06	7.05358e+06	3721	7.0498e+06	51.1063	
253	0.106364	3.64357e-05	0.106328	0	4.67078e+06	1600	4.66918e+06	0	
254	0.0785629	2.33188e-05	0.0785388	6.47188e-07	3.44993e+06	1024	3.44887e+06	28.4199	
255	0.0623578	1.20465e-05	0.0623457	0	2.73831e+06	529	2.73778e+06	0	
256	0.051675	1.20465e-05	0.051663	0	2.2692e+06	529	2.26867e+06	0	
257	0.037276	5.82971e-06	0.0372702	0	1.6369e+06	256	1.63664e+06	0	
258	0.23292	0.0002323	0.232688	2.47854e-07	1.02282e+07	10201	1.0218e+07	10.884	
259	0.109606	5.0304e-05	0.109551	4.5953e-06	4.81313e+06	2209	4.81071e+06	201.793	
260	0.0599614	1.5394e-05	0.059946	0	2.63308e+06	676	2.6324e+06	0	
261	0.0898557	2.63247e-05	0.0898286	6.87314e-07	3.94583e+06	1156	3.94464e+06	30.182	
262	0.0438343	8.2208e-06	0.0438171	8.88679e-06	1.92489e+06	361	1.92414e+06	390.245	
263	0.05282	9.10892e-06	0.0528108	0	2.31948e+06	400	2.31908e+06	0	
264	0.0469982	1.10217e-05	0.0469872	0	2.06383e+06	484	2.06335e+06	0	
265	0.0343008	5.12377e-06	0.0342957	0	1.50625e+06	225	1.50602e+06	0	
266	0.333206	0.000568487	0.332637	0	1.4632e+07	24964	1.46071e+07	0	
267	0.126934	5.24674e-05	0.126882	0	5.57407e+06	2304	5.57177e+06	0	
268	0.0592354	1.5394e-05	0.059219	8.77481e-07	2.6012e+06	676	2.60048e+06	38.5328	
269	0.0825017	2.18841e-05	0.0824775	2.16912e-06	3.62289e+06	961	3.62183e+06	95.2529	
270	0.0661186	1.42326e-05	0.0661044	0	2.90346e+06	625	2.90284e+06	0	
271	0.0675638	1.42326e-05	0.0675496	0	2.96693e+06	625	2.9663e+06	0	
272	0.054184	8.2208e-06	0.0521001	0.00207553	2.37938e+06	361	2.28787e+06	91142.9	
273	0.0412292	5.82971e-06	0.0412234	0	1.8105e+06	256	1.81024e+06	0	
274	0.209253	0.000209869	0.209043	0	9.18892e+06	9216	9.1797e+06	0	
275	0.0879203	2.4799e-05	0.0878955	0	3.86084e+06	1089	3.85975e+06	0	
276	0.548082	0.000947692	0.546388	0.000745695	2.40679e+07	41616	2.39935e+07	32745.7	
277	0.365274	0.000427413	0.364847	0	1.60402e+07	18769	1.60215e+07	0	
278	0.0846795	2.18841e-05	0.0843036	0.000353878	3.71853e+06	961	3.70202e+06	15539.8	
279	0.0562358	1.5394e-05	0.0562205	0	2.46948e+06	676	2.4688e+06	0	
280	0.108209	5.46763e-05	0.10814	1.39936e-05	4.75178e+06	2401	4.74875e+06	614.503	
281	0.0844846	2.33188e-05	0.0844296	3.15064e-05	3.70997e+06	1024	3.70755e+06	1383.54	
282	0.0644111	1.31168e-05	0.0643813	1.65405e-05	2.82848e+06	576	2.82717e+06	726.344	
283	0.105385	3.46366e-05	0.105351	0	4.62781e+06	1521	4.62629e+06	0	
284	0.476281	0.000713433	0.475434	0.000134023	2.09149e+07	31329	2.08777e+07	5885.35	
285	0.0759994	1.78534e-05	0.0759813	1.08636e-07	3.33736e+06	784	3.33656e+06	4.77055	
286	0.121292	4.61139e-05	0.121245	8.76533e-07	5.3263e+06	2025	5.32423e+06	38.4912	
287	0.0711372	1.5394e-05	0.0710946	2.71122e-05	3.12384e+06	676	3.12197e+06	1190.57	
288	0.098772	2.95129e-05	0.0987312	1.11701e-05	4.33737e+06	1296	4.33558e+06	490.516	
289	0.0623023	1.20465e-05	0.0617219	0.000568262	2.73588e+06	529	2.71039e+06	24954.1	
290	0.0906485	2.4799e-05	0.0906092	1.43574e-05	3.98064e+06	1089	3.97892e+06	630.476	
291	0.0495125	7.37822e-06	0.0495052	0	2.17424e+06	324	2.17392e+06	0	
292	0.0436081	5.82971e-06	0.0436022	0	1.91496e+06	256	1.9147e+06	0	
293	0.144992	6.39674e-05	0.144916	1.21863e-05	6.36704e+06	2809	6.36369e+06	535.137	
294	0.0991407	2.95129e-05	0.0990742	3.69184e-05	4.35356e+06	1296	4.35064e+06	1621.2	
295	0.0936096	2.63247e-05	0.0935512	3.19301e-05	4.11067e+06	1156	4.10811e+06	1402.14	
296	0.0551105	9.10892e-06	0.0549802	0.000121052	2.42006e+06	400	2.41434e+06	5315.78	
297	0.0418764	5.12377e-06	0.041771	0.00010014	1.83892e+06	225	1.83429e+06	4397.46	
298	0.101036	3.11752e-05	0.100819	0.000186469	4.43683e+06	1369	4.42727e+06	8188.44	
299	0.0575114	1.00425e-05	0.0574887	1.25385e-05	2.5255e+06	441	2.5245e+06	550.606	
300	0.096365	2.7896e-05	0.0963289	8.00475e-06	4.23167e+06	1225	4.23009e+06	351.512	
301	0.0589325	1.00425e-05	0.0587674	0.00015493	2.5879e+06	441	2.58065e+06	6803.47	
302	0.103675	3.11752e-05	0.103615	2.9291e-05	4.55271e+06	1369	4.55004e+06	1286.25	
303	0.0420111	5.12377e-06	0.0420059	0	1.84483e+06	225	1.8446e+06	0	
304	0.0916564	3.64357e-05	0.0915412	7.85658e-05	4.0249e+06	1600	4.01985e+06	3450.05	
305	0.0700887	1.42326e-05	0.070057	1.7325e-05	3.0778e+06	625	3.07641e+06	760.794	
306	0.183733	0.000145742	0.183588	0	8.0683e+06	6400	8.0619e+06	0	
307	0.706116	0.00144613	0.704669	5.08615e-07	3.10076e+07	63504	3.09441e+07	22.3348	
308	0.0732527	1.5394e-05	0.0732359	1.2259e-06	3.21674e+06	676	3.216e+06	53.8331	
309	0.0619316	1.10217e-05	0.0618069	0.000113527	2.7196e+06	484	2.71412e+06	4985.32	
310	6.69746	0.133033	6.56439	3.12349e-05	2.94105e+08	5.84188e+06	2.88262e+08	1371.61	
311	0.41611	0.000505568	0.415167	0.000438052	1.82726e+07	22201	1.82312e+07	19236.1	
312	0.0463577	9.10892e-06	0.04627	7.84074e-05	2.0357e+06	400	2.03185e+06	3443.1	
313	0.200495	0.000118051	0.200377	0	8.80435e+06	5184	8.79916e+06	0	
314	0.26549	0.00020552	0.265279	5.39392e-06	1.16584e+07	9025	1.16492e+07	236.863	
315	0.081345	1.91515e-05	0.0813258	0	3.5721e+06	841	3.57125e+06	0	
316	0.0432451	5.12377e-06	0.0423956	0.000844233	1.89902e+06	225	1.86171e+06	37072.7	
317	0.047941	6.58119e-06	0.047928	6.27292e-06	2.10523e+06	289	2.10466e+06	275.462	
318	0.050501	7.37822e-06	0.0504927	7.93112e-07	2.21765e+06	324	2.21728e+06	34.8279	
319	0.275514	0.000223191	0.275266	2.49215e-05	1.20986e+07	9801	1.20877e+07	1094.38	
320	0.0605176	1.10217e-05	0.0604927	1.38228e-05	2.65751e+06	484	2.65641e+06	607.002	
321	0.288947	0.000246305	0.288699	1.63824e-06	1.26885e+07	10816	1.26776e+07	71.9402	
322	0.0979434	2.7896e-05	0.0979155	0	4.30099e+06	1225	4.29976e+06	0	
323	0.0530151	8.2208e-06	0.0529887	1.80128e-05	2.32805e+06	361	2.32689e+06	790.999	
324	0.0476999	6.58119e-06	0.0476847	8.4841e-06	2.09464e+06	289	2.09397e+06	372.562	
325	0.143315	5.92307e-05	0.143253	2.80962e-06	6.29342e+06	2601	6.29069e+06	123.378	
326	0.0694103	1.42326e-05	0.069396	0	3.04801e+06	625	3.04738e+06	0	
327	0.046572	6.58119e-06	0.0465018	6.35009e-05	2.04511e+06	289	2.04203e+06	2788.51	
328	0.0712436	1.5394e-05	0.0712125	1.55819e-05	3.12852e+06	676	3.12715e+06	684.251	
329	0.0522721	8.2208e-06	0.0522636	1.41154e-07	2.29542e+06	361	2.29505e+06	6.19849	
330	0.111833	3.64357e-05	0.111797	0	4.91094e+06	1600	4.90934e+06	0	
331	0.575781	0.000994717	0.574783	3.98249e-06	2.52842e+07	43681	2.52404e+07	174.883	
332	0.0871451	2.18841e-05	0.0871225	6.19468e-07	3.8268e+06	961	3.82581e+06	27.2026	
333	0.120379	4.2106e-05	0.120337	0	5.28621e+06	1849	5.28436e+06	0	
334	25.9828	2.30509	23.6777	3.49479e-05	1.14098e+09	1.01223e+08	1.03975e+09	1534.67	
335	0.353095	0.000361533	0.35273	3.31321e-06	1.55054e+07	15876	1.54894e+07	145.493	
336	0.0832669	2.0495e-05	0.0832464	0	3.6565e+06	900	3.65559e+06	0	
337	0.218803	0.000145742	0.218656	4.30843e-07	9.60829e+06	6400	9.60186e+06	18.9196	
338	0.0506765	7.37822e-06	0.0506596	9.39403e-06	2.22535e+06	324	2.22461e+06	412.519	
339	0.0410104	5.12377e-06	0.0410051	2.78627e-08	1.80089e+06	225	1.80065e+06	1.22353	
340	0.0500494	7.37822e-06	0.050042	0	2.19782e+06	324	2.19749e+06	0	
341	0.0467482	6.58119e-06	0.0467416	0	2.05285e+06	289	2.05256e+06	0	
342	0.0463317	6.58119e-06	0.0463218	3.15564e-06	2.03456e+06	289	2.03413e+06	138.573	
343	0.952568	0.00264798	0.949919	3.92441e-07	4.18301e+07	116281	4.17138e+07	17.2332	
344	0.0867083	2.33188e-05	0.086685	0	3.80762e+06	1024	3.80659e+06	0	
345	0.0473927	6.58119e-06	0.0473861	0	2.08115e+06	289	2.08086e+06	0	
346	0.102809	3.28832e-05	0.102776	3.13784e-08	4.51465e+06	1444	4.5132e+06	1.37791	
347	0.129617	5.0304e-05	0.12956	6.28593e-06	5.69188e+06	2209	5.68939e+06	276.033	
348	0.0897451	2.33188e-05	0.0896845	3.71575e-05	3.94097e+06	1024	3.93831e+06	1631.7	
349	0.330599	0.000344522	0.330254	1.23713e-07	1.45176e+07	15129	1.45024e+07	5.43261	
350	0.0629661	1.20465e-05	0.062954	0	2.76503e+06	529	2.7645e+06	0	
351	0.0614747	1.20465e-05	0.0614615	1.02176e-06	2.69954e+06	529	2.69896e+06	44.8689	
352	0.044956	7.37822e-06	0.0449486	0	1.97415e+06	324	1.97382e+06	0	
353	0.0669718	1.42326e-05	0.0669503	7.12803e-06	2.94093e+06	625	2.93999e+06	313.013	
354	0.124299	4.81862e-05	0.12423	2.05944e-05	5.45837e+06	2116	5.45534e+06	904.363	
355	0.0650121	1.31168e-05	0.0649923	6.54648e-06	2.85487e+06	576	2.854e+06	287.475	
356	0.0956113	2.95129e-05	0.0955817	0	4.19857e+06	1296	4.19728e+06	0	
357	0.0729466	1.91515e-05	0.0729274	0	3.2033e+06	841	3.20246e+06	0	
358	0.106336	4.01703e-05	0.106295	0	4.66953e+06	1764	4.66777e+06	0	
359	0.256462	0.000209869	0.256252	0	1.1262e+07	9216	1.12528e+07	0	
360	0.0582435	1.20465e-05	0.0582313	0	2.55764e+06	529	2.55711e+06	0	
361	0.048345	8.2208e-06	0.0483368	0	2.12297e+06	361	2.12261e+06	0	
362	0.0477811	6.58119e-06	0.0477743	8.1403e-08	2.09821e+06	289	2.09791e+06	3.57465	
363	0.0382809	5.12377e-06	0.0382757	0	1.68103e+06	225	1.6808e+06	0	
364	0.0383828	5.12377e-06	0.0383776	0	1.6855e+06	225	1.68527e+06	0	
365	0.196151	0.000131532	0.196017	2.85919e-06	8.61359e+06	5776	8.60769e+06	125.555	
366	0.11624	4.61139e-05	0.116194	0	5.10447e+06	2025	5.10244e+06	0	
367	0.231574	0.000164529	0.23139	1.88175e-05	1.01691e+07	7225	1.0161e+07	826.335	
368	0.0797574	2.18841e-05	0.0797353	5.28931e-08	3.50238e+06	961	3.50141e+06	2.32269	
369	0.290978	0.000285655	0.29065	4.19732e-05	1.27777e+07	12544	1.27633e+07	1843.17	
370	0.0645659	1.42326e-05	0.0645385	1.29733e-05	2.83528e+06	625	2.83408e+06	569.699	
371	0.0415033	5.82971e-06	0.0414974	0	1.82253e+06	256	1.82227e+06	0	
372	0.0579696	1.00425e-05	0.0579596	0	2.54562e+06	441	2.54517e+06	0	
373	0.11488	4.01703e-05	0.11484	0	5.04473e+06	1764	5.04297e+06	0	
374	0.294427	0.000350147	0.294077	8.17944e-08	1.29291e+07	15376	1.29138e+07	3.59183	
375	0.0495635	7.37822e-06	0.0491949	0.000361073	2.17648e+06	324	2.16029e+06	15855.7	
376	0.117371	4.61139e-05	0.117325	0	5.15413e+06	2025	5.15211e+06	0	
377	0.191448	0.000121353	0.191323	3.88986e-06	8.40708e+06	5329	8.40158e+06	170.815	
378	0.0664907	1.6601e-05	0.0664741	0	2.9198e+06	729	2.91907e+06	0	
379	0.618931	0.0011942	0.617635	0.000102068	2.71791e+07	52441	2.71222e+07	4482.12	
380	0.0424389	6.58119e-06	0.0424323	0	1.86362e+06	289	1.86333e+06	0	
381	0.0377512	5.82971e-06	0.0377452	0	1.65776e+06	256	1.6575e+06	0	
382	0.0558026	1.10217e-05	0.0557911	3.63245e-07	2.45046e+06	484	2.44995e+06	15.9511	
383	0.149465	7.39872e-05	0.149391	3.6612e-07	6.56348e+06	3249	6.5602e+06	16.0774	
384	0.0616199	1.31168e-05	0.0616041	2.54203e-06	2.70591e+06	576	2.70522e+06	111.628	
385	0.0370822	5.12377e-06	0.037077	0	1.62839e+06	225	1.62816e+06	0	
386	0.0526444	1.00425e-05	0.0526341	7.97476e-08	2.31177e+06	441	2.31132e+06	3.50195	
387	0.130558	5.0304e-05	0.130356	0.00015208	5.73323e+06	2209	5.72433e+06	6678.3	
388	0.110169	4.40871e-05	0.110125	0	4.83787e+06	1936	4.83593e+06	0	
389	0.0537376	1.10217e-05	0.0535352	0.000191231	2.35978e+06	484	2.35089e+06	8397.53	
390	0.0445658	5.82971e-06	0.0445399	1.99629e-05	1.95701e+06	256	1.95588e+06	876.631	
391	0.0580558	1.31168e-05	0.0580426	0	2.5494e+06	576	2.54882e+06	0	
392	0.0500959	9.10892e-06	0.0500862	4.94354e-07	2.19986e+06	400	2.19943e+06	21.7085	
393	0.172341	9.91961e-05	0.172199	4.24817e-05	7.56801e+06	4356	7.56178e+06	1865.5	
394	0.03716	5.82971e-06	0.0371539	1.84015e-07	1.63181e+06	256	1.63154e+06	8.08067	
395	0.133598	5.69307e-05	0.133495	4.54076e-05	5.86669e+06	2500	5.86219e+06	1993.98	
396	0.252973	0.000265616	0.252707	0	1.11088e+07	11664	1.10971e+07	0	
397	0.0867539	2.4799e-05	0.0867291	0	3.80962e+06	1089	3.80853e+06	0	
398	11.9187	0.494726	11.4238	0.000131982	5.23387e+08	2.17249e+07	5.01656e+08	5795.75	
399	0.117518	5.69307e-05	0.117461	0	5.16058e+06	2500	5.15808e+06	0	
400	0.0370161	5.82971e-06	0.0370099	2.88935e-07	1.62548e+06	256	1.62521e+06	12.688	
401	0.0525502	1.00425e-05	0.0525401	0	2.30763e+06	441	2.30719e+06	0	
402	2.25909	0.0179974	2.24109	2.19742e-06	9.92034e+07	790321	9.8413e+07	96.4956	
403	0.138185	7.39872e-05	0.138106	5.28784e-06	6.06814e+06	3249	6.06466e+06	232.204	
404	0.0924767	2.7896e-05	0.0924487	0	4.06092e+06	1225	4.0597e+06	0	
405	0.0643498	1.31168e-05	0.0643367	0	2.82579e+06	576	2.82521e+06	0	
406	0.167574	9.32753e-05	0.167481	0	7.3587e+06	4096	7.35461e+06	0	
407	0.0941202	2.7896e-05	0.0940923	0	4.1331e+06	1225	4.13187e+06	0	
408	0.163502	8.47357e-05	0.163417	0	7.17987e+06	3721	7.17615e+06	0	
409	0.211571	0.000188577	0.211382	8.17856e-08	9.29072e+06	8281	9.28243e+06	3.59145	
410	0.051713	9.10892e-06	0.0517036	1.45369e-07	2.27087e+06	400	2.27046e+06	6.38362	
411	0.16381	9.03833e-05	0.163719	0	7.1934e+06	3969	7.18943e+06	0	
412	0.211968	0.000188577	0.211779	1.02149e-07	9.30816e+06	8281	9.29987e+06	4.4857	
413	0.0654104	1.42326e-05	0.0652717	0.000124356	2.87236e+06	625	2.86627e+06	5460.87	
414	0.104812	3.64357e-05	0.104775	0	4.60261e+06	1600	4.60101e+06	0	
415	0.113797	4.01703e-05	0.113736	2.05877e-05	4.99719e+06	1764	4.99452e+06	904.069	
416	0.0608243	1.31168e-05	0.0608081	2.94062e-06	2.67097e+06	576	2.67026e+06	129.131	
417	0.114238	4.2106e-05	0.113662	0.00053368	5.01654e+06	1849	4.99125e+06	23435.5	
418	0.195447	0.000118051	0.195325	3.47091e-06	8.58267e+06	5184	8.57733e+06	152.418	
419	0.0382603	5.12377e-06	0.038255	6.34361e-08	1.68012e+06	225	1.67989e+06	2.78567	
420	0.911794	0.00295129	0.908814	2.8052e-05	4.00395e+07	129600	3.99087e+07	1231.85	
421	0.159067	7.92704e-05	0.158987	0	6.98511e+06	3481	6.98162e+06	0	
422	0.106343	3.82802e-05	0.106305	0	4.66987e+06	1681	4.66819e+06	0	
423	0.126476	5.46763e-05	0.126422	0	5.55397e+06	2401	5.55157e+06	0	
424	0.0599565	1.20465e-05	0.0599445	0	2.63287e+06	529	2.63234e+06	0	
425	0.0546564	1.00425e-05	0.0546375	8.75882e-06	2.40012e+06	441	2.39929e+06	384.625	
426	0.335178	0.000498804	0.334679	0	1.47186e+07	21904	1.46967e+07	0	
427	0.0724084	1.78534e-05	0.0723878	2.61453e-06	3.17966e+06	784	3.17876e+06	114.812	
428	0.570109	0.00108223	0.569026	3.69656e-07	2.50351e+07	47524	2.49876e+07	16.2327	
429	0.0501015	8.2208e-06	0.0500925	6.59614e-07	2.2001e+06	361	2.19971e+06	28.9656	
430	0.0528798	9.10892e-06	0.0528707	0	2.32211e+06	400	2.32171e+06	0	
431	0.0753691	2.4799e-05	0.0753443	0	3.30968e+06	1089	3.30859e+06	0	
432	0.0558494	1.20465e-05	0.0558373	0	2.45251e+06	529	2.45198e+06	0	
433	0.14287	6.6404e-05	0.142801	2.39616e-06	6.27385e+06	2916	6.27082e+06	105.222	
434	0.0662736	1.6601e-05	0.066257	0	2.91027e+06	729	2.90954e+06	0	
435	0.103433	3.64357e-05	0.103394	2.7861e-06	4.54208e+06	1600	4.54035e+06	122.346	
436	0.0587032	1.5394e-05	0.0586878	0	2.57783e+06	676	2.57715e+06	0	
437	0.0744062	2.0495e-05	0.0743854	2.39713e-07	3.2674e+06	900	3.26648e+06	10.5265	
438	2.06137	0.0156123	2.04575	1.43127e-05	9.05213e+07	685584	8.98351e+07	628.514	
439	0.229975	0.000180379	0.229758	3.67076e-05	1.00989e+07	7921	1.00893e+07	1611.94	
440	0.112129	5.69307e-05	0.112072	0	4.92392e+06	2500	4.92142e+06	0	
441	0.042898	5.82971e-06	0.0428841	8.0213e-06	1.88378e+06	256	1.88316e+06	352.239	
442	0.0619045	1.31168e-05	0.0618668	2.44607e-05	2.71841e+06	576	2.71675e+06	1074.14	
443	0.313412	0.000327921	0.313084	0	1.37628e+07	14400	1.37484e+07	0	
444	0.0831951	2.18841e-05	0.0831696	3.4985e-06	3.65334e+06	961	3.65222e+06	153.629	
445	0.102664	3.28832e-05	0.102169	0.000462125	4.50831e+06	1444	4.48657e+06	20293.2	
446	0.051279	9.10892e-06	0.0512698	0	2.25181e+06	400	2.25141e+06	0	
447	0.0407073	5.12377e-06	0.0399078	0.000794285	1.78758e+06	225	1.75247e+06	34879.4	
448	0.0413896	5.82971e-06	0.04138	3.62452e-06	1.81754e+06	256	1.81712e+06	159.163	
449	0.142382	6.88862e-05	0.142306	6.67118e-06	6.25243e+06	3025	6.24911e+06	292.951	
450	0.131154	5.69307e-05	0.131093	3.0949e-06	5.75936e+06	2500	5.75672e+06	135.906	
451	0.0651611	1.42326e-05	0.0651424	4.40587e-06	2.86142e+06	625	2.86059e+06	193.475	
452	0.0419836	5.82971e-06	0.0419731	4.5167e-06	1.84362e+06	256	1.84316e+06	198.342	
453	0.0815051	2.18841e-05	0.0814794	3.63625e-06	3.57913e+06	961	3.578e+06	159.678	
454	0.0202992	9.10892e-06	0.0202901	0	891398	400	890998	0	
455	0.0420544	5.82971e-06	0.0420364	1.20323e-05	1.84673e+06	256	1.84594e+06	528.376	
456	0.0490658	8.2208e-06	0.0490565	9.2979e-07	2.15462e+06	361	2.15422e+06	40.8298	
457	0.0839312	2.63247e-05	0.0839	4.73857e-06	3.68566e+06	1156	3.68429e+06	208.085	
458	0.148444	7.39872e-05	0.14837	0	6.51865e+06	3249	6.5154e+06	0	
459	0.0654807	1.42326e-05	0.0654653	1.12585e-06	2.87545e+06	625	2.87477e+06	49.4398	
460	0.0419461	1.20465e-05	0.0419341	0	1.84198e+06	529	1.84145e+06	0	
461	0.05817	2.18841e-05	0.0581472	7.1231e-07	2.55441e+06	961	2.55342e+06	31.2796	
462	0.0672987	2.95129e-05	0.0672665	2.56208e-06	2.95528e+06	1296	2.95387e+06	112.508	
463	0.31901	0.000697402	0.318311	1.43685e-06	1.40086e+07	30625	1.3978e+07	63.0964	
464	0.0278317	5.12377e-06	0.0278262	2.7507e-07	1.22217e+06	225	1.22193e+06	12.0791	
465	0.0981936	6.39674e-05	0.0981244	5.07051e-06	4.31197e+06	2809	4.30893e+06	222.661	
466	0.434746	0.00127909	0.433466	5.96992e-08	1.90909e+07	56169	1.90348e+07	2.62157	
467	0.269183	0.000505568	0.268674	3.49971e-06	1.18206e+07	22201	1.17983e+07	153.682	
468	0.062141	2.63247e-05	0.0621139	5.93328e-07	2.72879e+06	1156	2.7276e+06	26.0548	
469	0.0653806	2.95129e-05	0.0653511	0	2.87105e+06	1296	2.86976e+06	0	
470	0.0373917	1.00425e-05	0.0373817	0	1.64198e+06	441	1.64154e+06	0	
471	0.287332	0.000582971	0.286749	2.14142e-07	1.26176e+07	25600	1.2592e+07	9.40361	
472	0.0417907	1.20465e-05	0.0417767	1.82391e-06	1.83515e+06	529	1.83454e+06	80.0935	
473	0.662931	0.00311752	0.659814	7.51068e-08	2.91113e+07	136900	2.89744e+07	3.29816	
474	0.0450641	1.42326e-05	0.0450434	6.34671e-06	1.9789e+06	625	1.97799e+06	278.703	
475	0.0519406	1.91515e-05	0.0519215	0	2.28086e+06	841	2.28002e+06	0	
476	0.0360527	2.95129e-05	0.0360232	0	1.58318e+06	1296	1.58188e+06	0	
477	0.0683056	0.000121353	0.0681843	0	2.9995e+06	5329	2.99417e+06	0	
478	0.0324759	1.78534e-05	0.0324581	0	1.42611e+06	784	1.42533e+06	0	
479	0.0249471	1.42326e-05	0.0249328	0	1.0955e+06	625	1.09487e+06	0	
480	0.0168017	6.58119e-06	0.0167951	0	737816	289	737527	0	
481	0.0291545	2.18841e-05	0.0291326	0	1.28026e+06	961	1.2793e+06	0	
482	0.0243124	1.00425e-05	0.0243024	0	1.06763e+06	441	1.06719e+06	0	
483	0.0392507	3.46366e-05	0.0392161	0	1.72361e+06	1521	1.72209e+06	0	
484	0.0526181	4.61139e-05	0.052572	0	2.31062e+06	2025	2.30859e+06	0	
485	0.031222	1.6601e-05	0.0312054	0	1.37105e+06	729	1.37032e+06	0	
486	0.0261667	1.10217e-05	0.0261556	0	1.14905e+06	484	1.14857e+06	0	
487	0.0409719	4.2106e-05	0.0409298	0	1.7992e+06	1849	1.79735e+06	0	
488	0.0694058	8.19803e-05	0.0693238	0	3.04781e+06	3600	3.04421e+06	0	
489	1.27529	0.0262184	1.24907	0	5.60018e+07	1.15132e+06	5.48505e+07	0	
490	0.0471353	3.82802e-05	0.047097	0	2.06985e+06	1681	2.06817e+06	0	
491	0.0610743	6.88862e-05	0.0610054	0	2.68195e+06	3025	2.67893e+06	0	
492	0.0273804	1.20465e-05	0.0273684	0	1.20235e+06	529	1.20182e+06	0	
493	0.0209635	7.37822e-06	0.0209562	0	920573	324	920249	0	
494	0.0207335	9.10892e-06	0.0207244	0	910473	400	910073	0	
495	0.0248998	1.5394e-05	0.0248844	0	1.09342e+06	676	1.09275e+06	0	
496	0.0185817	7.37822e-06	0.0185743	0	815979	324	815655	0	
497	0.039482	2.7896e-05	0.0394541	0	1.73377e+06	1225	1.73255e+06	0	
498	0.00917599	5.82971e-06	0.00917016	0	402945	256	402689	0	
499	0.015285	5.82971e-06	0.0152792	0	671211	256	670955	0	
500	0.0343566	2.63247e-05	0.0343303	0	1.5087e+06	1156	1.50754e+06	0	
501	0.0270745	1.5394e-05	0.0270591	0	1.18892e+06	676	1.18824e+06	0	
502	0.0510619	4.81862e-05	0.0510137	0	2.24228e+06	2116	2.24016e+06	0	
503	0.0470535	3.82802e-05	0.0470152	0	2.06625e+06	1681	2.06457e+06	0	
504	0.0207725	7.37822e-06	0.0207652	0	912186	324	911862	0	
505	0.0669426	7.39872e-05	0.0668687	0	2.93965e+06	3249	2.9364e+06	0	
506	0.0190515	5.82971e-06	0.0190456	0	836609	256	836353	0	
507	0.0435727	3.11752e-05	0.0435416	0	1.91341e+06	1369	1.91204e+06	0	
508	0.474656	0.00366181	0.470994	0	2.08435e+07	160801	2.06827e+07	0	
509	0.0626497	7.92704e-05	0.0625705	0	2.75113e+06	3481	2.74765e+06	0	
510	0.03036	1.91515e-05	0.0303409	0	1.3332e+06	841	1.33236e+06	0	
511	0.0246136	1.10217e-05	0.0246026	0	1.08085e+06	484	1.08037e+06	0	
512	0.0174136	5.12377e-06	0.0174084	0	764683	225	764458	0	
513	0.078	0.000135017	0.077865	0	3.42521e+06	5929	3.41928e+06	0	
514	0.0515965	6.6404e-05	0.0515301	0	2.26575e+06	2916	2.26284e+06	0	
515	0.0328871	1.78534e-05	0.0328693	0	1.44417e+06	784	1.44338e+06	0	
516	0.0399182	2.63247e-05	0.0398919	0	1.75292e+06	1156	1.75177e+06	0	
517	0.0966632	0.000160681	0.0965025	0	4.24477e+06	7056	4.23771e+06	0	
518	0.0457472	3.46366e-05	0.0457125	0	2.00889e+06	1521	2.00737e+06	0	
519	0.021461	7.37822e-06	0.0214536	0	942419	324	942095	0	
520	0.23807	0.000938424	0.237131	0	1.04543e+07	41209	1.04131e+07	0	
521	0.188785	0.000582971	0.188202	0	8.29011e+06	25600	8.26451e+06	0	
522	0.064671	9.91961e-05	0.0645718	0	2.83989e+06	4356	2.83554e+06	0	
523	11.6253	1.58926	10.036	0	5.10502e+08	6.97893e+07	4.40713e+08	0	
524	0.0187548	5.82971e-06	0.0187489	0	823579	256	823323	0	
525	0.0357155	2.4799e-05	0.0356907	0	1.56837e+06	1089	1.56728e+06	0	
526	0.0596512	7.6606e-05	0.0595745	0	2.61946e+06	3364	2.61609e+06	0	
527	0.0226515	8.2208e-06	0.0226433	0	994695	361	994334	0	
528	0.0590152	9.32753e-05	0.058922	0	2.59153e+06	4096	2.58744e+06	0	
529	0.0242535	1.00425e-05	0.0242434	0	1.06504e+06	441	1.0646e+06	0	
530	0.108805	0.000196957	0.108608	0	4.77798e+06	8649	4.76933e+06	0	
531	0.0244645	1.20465e-05	0.0244524	0	1.07431e+06	529	1.07378e+06	0	
532	0.500553	0.00426955	0.496283	0	2.19807e+07	187489	2.17932e+07	0	
533	0.195859	0.000635097	0.195224	0	8.60077e+06	27889	8.57288e+06	0	
534	0.0214902	9.10892e-06	0.0214811	0	943701	400	943301	0	
535	0.0365346	2.18841e-05	0.0365127	0	1.60434e+06	961	1.60338e+06	0	
536	0.164659	0.000519231	0.16414	0	7.23067e+06	22801	7.20787e+06	0	
537	0.055421	5.0304e-05	0.0553707	0	2.4337e+06	2209	2.43149e+06	0	
538	0.0699346	8.19803e-05	0.0698526	0	3.07103e+06	3600	3.06743e+06	0	
539	0.0179066	6.58119e-06	0.0179	0	786333	289	786044	0	
540	0.0217268	9.10892e-06	0.0217177	0	954092	400	953692	0	
541	0.105839	0.000180379	0.105659	0	4.64772e+06	7921	4.6398e+06	0	
542	0.0297399	1.78534e-05	0.0297221	0	1.30597e+06	784	1.30518e+06	0	
543	0.170614	0.000478787	0.170135	0	7.49219e+06	21025	7.47117e+06	0	
544	0.246301	0.00101384	0.245287	0	1.08158e+07	44521	1.07713e+07	0	
545	0.0764273	9.6213e-05	0.0763311	0	3.35615e+06	4225	3.35192e+06	0	
546	0.0234453	9.10892e-06	0.0234362	0	1.02955e+06	400	1.02915e+06	0	
547	0.0269209	1.20465e-05	0.0269089	0	1.18217e+06	529	1.18165e+06	0	
548	0.0210099	7.37822e-06	0.0210025	0	922610	324	922286	0	
549	0.0938047	0.000149409	0.0936553	0	4.11924e+06	6561	4.11268e+06	0	
550	0.025949	1.10217e-05	0.025938	0	1.13949e+06	484	1.13901e+06	0	
551	0.029944	1.5394e-05	0.0299286	0	1.31493e+06	676	1.31425e+06	0	
552	0.949796	0.0141403	0.935656	0	4.17083e+07	620944	4.10874e+07	0	
553	0.0635451	9.6213e-05	0.0634489	0	2.79045e+06	4225	2.78623e+06	0	
554	0.0179043	5.12377e-06	0.0178991	0	786231	225	786006	0	
555	0.10264	0.000172363	0.102468	0	4.50726e+06	7569	4.49969e+06	0	
556	0.179272	0.000512377	0.17876	0	7.87239e+06	22500	7.84989e+06	0	
557	0.0339819	3.28832e-05	0.033949	0	1.49224e+06	1444	1.4908e+06	0	
558	0.0342277	1.91515e-05	0.0342086	0	1.50304e+06	841	1.5022e+06	0	
559	0.0237293	9.10892e-06	0.0237202	0	1.04202e+06	400	1.04162e+06	0	
560	0.0248132	1.00425e-05	0.0248032	0	1.08962e+06	441	1.08918e+06	0	
561	0.0592305	7.6606e-05	0.0591538	0	2.60098e+06	3364	2.59762e+06	0	
562	0.02276	8.2208e-06	0.0227518	0	999461	361	999100	0	
563	0.04421	3.11752e-05	0.0441789	0	1.94139e+06	1369	1.94002e+06	0	
564	0.0617566	6.15763e-05	0.061695	0	2.71191e+06	2704	2.70921e+06	0	
565	0.20202	0.000642725	0.201377	0	8.87132e+06	28224	8.84309e+06	0	
566	0.126534	0.000344522	0.126189	0	5.55649e+06	15129	5.54136e+06	0	
567	0.0200344	6.58119e-06	0.0200278	0	879771	289	879482	0	
568	0.0202445	6.58119e-06	0.020238	0	889000	289	888711	0	
569	0.0161645	5.82971e-06	0.0161587	0	709834	256	709578	0	
570	0.0189615	8.2208e-06	0.0189532	0	832656	361	832295	0	
571	0.0232978	3.64357e-05	0.0232614	0	1.02307e+06	1600	1.02147e+06	0	
572	0.0185866	8.2208e-06	0.0185784	0	816194	361	815833	0	
573	0.239845	0.00088377	0.238961	0	1.05323e+07	38809	1.04935e+07	0	
574	0.0199683	6.58119e-06	0.0199617	0	876870	289	876581	0	
575	0.0679424	0.000105299	0.0678371	0	2.98355e+06	4624	2.97892e+06	0	
576	0.155008	0.000533077	0.154475	0	6.80687e+06	23409	6.78346e+06	0	
577	0.0255256	1.00425e-05	0.0255155	0	1.1209e+06	441	1.12046e+06	0	
578	0.0188514	5.82971e-06	0.0188455	0	827822	256	827566	0	
579	0.0218363	7.37822e-06	0.0218289	0	958898	324	958574	0	
580	0.087933	0.000121353	0.0878117	0	3.8614e+06	5329	3.85607e+06	0	
581	0.0237801	9.10892e-06	0.023771	0	1.04425e+06	400	1.04385e+06	0	
582	0.0896358	0.000180379	0.0894554	0	3.93617e+06	7921	3.92825e+06	0	
583	0.0460525	3.46366e-05	0.0460179	0	2.0223e+06	1521	2.02078e+06	0	
584	0.0402262	2.4799e-05	0.0402014	0	1.76645e+06	1089	1.76536e+06	0	
585	0.0241844	9.10892e-06	0.0241753	0	1.06201e+06	400	1.06161e+06	0	
586	0.0187392	5.82971e-06	0.0187334	0	822896	256	822640	0	
587	0.0231344	8.2208e-06	0.0231262	0	1.0159e+06	361	1.01554e+06	0	
588	0.0161845	5.82971e-06	0.0161787	0	710713	256	710457	0	
589	0.138824	0.000295948	0.138528	0	6.0962e+06	12996	6.0832e+06	0	
590	0.0206424	6.58119e-06	0.0206358	0	906472	289	906183	0	
591	0.140953	0.000306424	0.140646	0	6.18966e+06	13456	6.17621e+06	0	
592	0.0476925	3.46366e-05	0.0476579	0	2.09432e+06	1521	2.0928e+06	0	
593	3.56103	0.180452	3.38058	0	1.56375e+08	7.92422e+06	1.48451e+08	0	
594	0.0175517	5.12377e-06	0.0175466	0	770748	225	770523	0	
595	0.188338	0.000547104	0.187791	0	8.2705e+06	24025	8.24647e+06	0	
596	0.0363633	2.95129e-05	0.0363338	0	1.59682e+06	1296	1.59552e+06	0	
597	0.0722151	7.92704e-05	0.0721358	0	3.17118e+06	3481	3.1677e+06	0	
598	0.063397	8.75367e-05	0.0633095	0	2.78395e+06	3844	2.7801e+06	0	
599	0.133927	0.000295948	0.133631	0	5.88115e+06	12996	5.86815e+06	0	
600	0.0428566	2.7896e-05	0.0428287	0	1.88196e+06	1225	1.88073e+06	0	
601	0.0104645	7.37822e-06	0.0104571	0	459530	324	459206	0	
602	0.529442	0.0042106	0.525232	0	2.32494e+07	184900	2.30645e+07	0	
603	0.0277111	1.20465e-05	0.027699	0	1.21687e+06	529	1.21634e+06	0	
604	0.0194946	5.82971e-06	0.0194888	0	856069	256	855813	0	
605	0.0707906	8.75367e-05	0.0707031	0	3.10862e+06	3844	3.10478e+06	0	
606	0.0730409	8.19803e-05	0.0729589	0	3.20744e+06	3600	3.20384e+06	0	
607	0.0204564	6.58119e-06	0.0204498	0	898303	289	898014	0	
608	0.0290636	1.31168e-05	0.0290505	0	1.27627e+06	576	1.27569e+06	0	
609	0.0334789	1.78534e-05	0.033461	0	1.47016e+06	784	1.46937e+06	0	
610	0.0489474	4.01703e-05	0.0489073	0	2.14943e+06	1764	2.14766e+06	0	
611	0.0180648	5.12377e-06	0.0180596	0	793279	225	793054	0	
612	0.0282593	1.20465e-05	0.0282472	0	1.24095e+06	529	1.24042e+06	0	
613	0.0217165	7.37822e-06	0.0217091	0	953637	324	953313	0	
614	0.1385	0.000301163	0.138199	0	6.08197e+06	13225	6.06875e+06	0	
615	0.0578993	5.46763e-05	0.0578446	0	2.54253e+06	2401	2.54013e+06	0	
616	0.0256641	1.00425e-05	0.0256541	0	1.12698e+06	441	1.12654e+06	0	
617	0.0279976	1.20465e-05	0.0279856	0	1.22946e+06	529	1.22893e+06	0	
618	0.0525823	4.2106e-05	0.0525402	0	2.30904e+06	1849	2.30719e+06	0	
619	0.0241997	9.10892e-06	0.0241906	0	1.06268e+06	400	1.06228e+06	0	
620	0.0181331	5.12377e-06	0.018128	0	796282	225	796057	0	
621	1.7069	0.0468279	1.66007	0	7.49552e+07	2.05635e+06	7.28988e+07	0	
622	0.0317213	1.5394e-05	0.0317059	0	1.39298e+06	676	1.3923e+06	0	
623	0.0192566	5.82971e-06	0.0192507	0	845614	256	845358	0	
624	0.0281272	1.20465e-05	0.0281151	0	1.23514e+06	529	1.23462e+06	0	
625	0.0268397	1.20465e-05	0.0268277	0	1.17861e+06	529	1.17808e+06	0	
626	1.04456	0.0167641	1.0278	0	4.58701e+07	736164	4.5134e+07	0	
627	0.0194981	5.82971e-06	0.0194923	0	856221	256	855965	0	
628	0.0594438	5.69307e-05	0.0593869	0	2.61035e+06	2500	2.60785e+06	0	
629	0.0552944	4.61139e-05	0.0552483	0	2.42814e+06	2025	2.42611e+06	0	
630	0.190973	0.000590281	0.190382	0	8.38619e+06	25921	8.36027e+06	0	
631	0.0343769	2.18841e-05	0.034355	0	1.50959e+06	961	1.50863e+06	0	
632	0.0892983	0.000128094	0.0891702	0	3.92135e+06	5625	3.91573e+06	0	
633	0.0257082	1.20465e-05	0.0256962	0	1.12892e+06	529	1.12839e+06	0	
634	0.0548387	5.46763e-05	0.054784	0	2.40813e+06	2401	2.40573e+06	0	
635	0.0253245	1.20465e-05	0.0253125	0	1.11207e+06	529	1.11154e+06	0	
636	0.01851	5.12377e-06	0.0185049	0	812831	225	812606	0	
637	0.0197033	5.82971e-06	0.0196974	0	865230	256	864974	0	
638	0.0194596	7.37822e-06	0.0194522	0	854530	324	854206	0	
639	0.0324061	1.91515e-05	0.0323869	0	1.42304e+06	841	1.4222e+06	0	
640	0.0195539	5.82971e-06	0.0195481	0	858674	256	858418	0	
641	0.0219111	8.2208e-06	0.0219028	0	962181	361	961820	0	
642	0.083179	0.000156878	0.0830221	0	3.65263e+06	6889	3.64574e+06	0	
643	0.0387661	2.4799e-05	0.0387413	0	1.70233e+06	1089	1.70124e+06	0	
644	0.0464581	4.40871e-05	0.0464141	0	2.04011e+06	1936	2.03818e+06	0	
645	0.0344299	1.91515e-05	0.0344107	0	1.51191e+06	841	1.51107e+06	0	
646	0.0762307	0.000135017	0.0760957	0	3.34751e+06	5929	3.34159e+06	0	
647	0.0174664	6.58119e-06	0.0174598	0	767002	289	766713	0	
648	0.0238898	1.10217e-05	0.0238788	0	1.04907e+06	484	1.04858e+06	0	
649	0.0394853	2.95129e-05	0.0394558	0	1.73391e+06	1296	1.73262e+06	0	
650	0.0265462	1.10217e-05	0.0265351	0	1.16572e+06	484	1.16523e+06	0	
651	0.0342552	1.78534e-05	0.0342374	0	1.50425e+06	784	1.50346e+06	0	
652	0.0791762	0.000128094	0.0790481	0	3.47686e+06	5625	3.47124e+06	0	
653	0.0195183	7.37822e-06	0.0195109	0	857109	324	856785	0	
654	0.0980822	0.000209869	0.0978723	0	4.30708e+06	9216	4.29786e+06	0	
655	0.0455732	4.40871e-05	0.0455291	0	2.00125e+06	1936	1.99932e+06	0	
656	0.0372459	2.4799e-05	0.0372211	0	1.63558e+06	1089	1.63449e+06	0	
657	0.15897	0.000452736	0.158517	0	6.98085e+06	19881	6.96097e+06	0	
658	0.030707	1.5394e-05	0.0306916	0	1.34843e+06	676	1.34776e+06	0	
659	0.0383483	2.33188e-05	0.038325	0	1.68399e+06	1024	1.68296e+06	0	
660	0.126065	0.000333409	0.125731	0	5.5359e+06	14641	5.52126e+06	0	
661	0.0382061	2.18841e-05	0.0381842	0	1.67774e+06	961	1.67678e+06	0	
662	0.0259136	1.42326e-05	0.0258994	0	1.13794e+06	625	1.13732e+06	0	
663	0.0195982	8.2208e-06	0.01959	0	860617	361	860256	0	
664	0.0696636	9.91961e-05	0.0695644	0	3.05914e+06	4356	3.05478e+06	0	
665	0.0240996	1.20465e-05	0.0240875	0	1.05828e+06	529	1.05775e+06	0	
666	0.0174903	5.12377e-06	0.0174852	0	768052	225	767827	0	
667	0.67621	0.00982958	0.66638	0	2.96944e+07	431646	2.92627e+07	0	
668	5.08796	0.362355	4.7256	0	2.23427e+08	1.59121e+07	2.07515e+08	0	
669	0.0189197	7.37822e-06	0.0189124	0	830824	324	830500	0	
670	0.0307429	1.5394e-05	0.0307275	0	1.35001e+06	676	1.34933e+06	0	
671	0.0293182	1.78534e-05	0.0293003	0	1.28745e+06	784	1.28666e+06	0	
672	0.0405439	3.46366e-05	0.0405092	0	1.7804e+06	1521	1.77888e+06	0	
673	0.040608	3.46366e-05	0.0405733	0	1.78321e+06	1521	1.78169e+06	0	
674	0.0174826	5.12377e-06	0.0174774	0	767713	225	767488	0	
675	0.0221618	1.00425e-05	0.0221517	0	973190	441	972749	0	
676	0.0236067	9.10892e-06	0.0235976	0	1.03664e+06	400	1.03624e+06	0	
677	0.0324614	2.33188e-05	0.032438	0	1.42547e+06	1024	1.42445e+06	0	
678	0.0536134	6.39674e-05	0.0535494	0	2.35432e+06	2809	2.35151e+06	0	
679	0.410589	0.00375369	0.406836	0	1.80302e+07	164836	1.78653e+07	0	
680	0.0233736	1.00425e-05	0.0233636	0	1.0264e+06	441	1.02596e+06	0	
681	0.0273582	1.6601e-05	0.0273416	0	1.20138e+06	729	1.20065e+06	0	
682	0.0310844	2.18841e-05	0.0310625	0	1.36501e+06	961	1.36405e+06	0	
683	0.059276	7.92696e-05	0.0591967	0	2.60298e+06	3480.96	2.5995e+06	0	
684	0.0232686	1.00425e-05	0.0232586	0	1.02179e+06	441	1.02135e+06	0	
685	0.0199618	9.10892e-06	0.0199527	0	876582	400	876182	0	
686	0.0987183	0.000218705	0.0984996	0	4.33501e+06	9604	4.32541e+06	0	
687	0.0228389	8.2208e-06	0.0228307	0	1.00292e+06	361	1.00256e+06	0	
688	0.071148	0.000135017	0.071013	0	3.12432e+06	5929	3.11839e+06	0	
689	0.0218931	1.20465e-05	0.021881	0	961392	529	960863	0	
690	0.0259113	1.20465e-05	0.0258992	0	1.13784e+06	529	1.13731e+06	0	
691	0.317892	0.00231733	0.315575	0	1.39596e+07	101761	1.38578e+07	0	
692	0.0386237	3.82802e-05	0.0385854	0	1.69608e+06	1681	1.6944e+06	0	
693	0.115087	0.00031707	0.114769	0	5.05381e+06	13923.5	5.03988e+06	0	
694	0.0257794	1.5394e-05	0.025764	0	1.13205e+06	676	1.13137e+06	0	
695	0.0998321	0.000176348	0.0996557	0	4.38392e+06	7744	4.37618e+06	0	
696	0.027153	1.31168e-05	0.0271399	0	1.19237e+06	576	1.19179e+06	0	
697	0.0877272	0.000138546	0.0875886	0	3.85236e+06	6084	3.84627e+06	0	
698	0.114036	0.0002323	0.113804	0	5.00768e+06	10201	4.99748e+06	0	
699	0.0192123	6.58119e-06	0.0192057	0	843670	289	843381	0	
700	0.0394723	2.7896e-05	0.0394444	0	1.73334e+06	1225	1.73212e+06	0	
701	0.0111706	5.82971e-06	0.0111647	0	490534	256	490278	0	
702	0.02942	1.5394e-05	0.0294046	0	1.29192e+06	676	1.29124e+06	0	
703	0.17681	0.000554186	0.176256	0	7.76426e+06	24336	7.73992e+06	0	
704	0.121712	0.000265616	0.121446	0	5.34474e+06	11664	5.33308e+06	0	
705	0.0194001	6.58119e-06	0.0193936	0	851920	289	851631	0	
706	0.0670163	7.92704e-05	0.0669371	0	2.94288e+06	3481	2.9394e+06	0	
707	0.0445405	3.28832e-05	0.0445077	0	1.95591e+06	1444	1.95446e+06	0	
708	0.0168552	5.12377e-06	0.01685	0	740162	225	739937	0	
709	0.178987	0.000590281	0.178397	0	7.85989e+06	25921	7.83397e+06	0	
710	0.0111513	6.58119e-06	0.0111447	0	489687	289	489398	0	
711	0.0732474	9.6213e-05	0.0731512	0	3.21651e+06	4225	3.21228e+06	0	
712	0.0205825	7.37822e-06	0.0205751	0	903839	324	903515	0	
713	0.0686213	0.000160681	0.0684606	0	3.01336e+06	7056	3.00631e+06	0	
714	0.0246931	2.0495e-05	0.0246726	0	1.08435e+06	900	1.08345e+06	0	
715	0.0132667	5.82971e-06	0.0132609	0	582583	256	582327	0	
716	0.0249078	2.18841e-05	0.024886	0	1.09377e+06	961	1.09281e+06	0	
717	0.0140418	6.58119e-06	0.0140352	0	616620	289	616331	0	
718	0.02214	1.6601e-05	0.0221234	0	972233	729	971504	0	
719	0.102433	0.000378954	0.102054	0	4.49815e+06	16641	4.48151e+06	0	
720	0.0218432	1.6601e-05	0.0218266	0	959202	729	958473	0	
721	0.0615084	0.000135017	0.0613734	0	2.70102e+06	5929	2.69509e+06	0	
722	0.0168541	1.00425e-05	0.0168441	0	740116	441	739675	0	
723	0.0122315	5.12377e-06	0.0122264	0	537123	225	536898	0	
724	0.00909161	5.12377e-06	0.00908648	0	399239	225	399014	0	
725	0.0182736	8.2208e-06	0.0182653	0	802448	361	802087	0	
726	0.0320282	1.6601e-05	0.0320116	0	1.40645e+06	729	1.40572e+06	0	
727	0.00626514	6.58119e-06	0.00625856	0	275121	289	274832	0	
728	0.0271163	1.20465e-05	0.0271042	0	1.19075e+06	529	1.19022e+06	0	
729	0.301078	0.00145763	0.29962	0	1.32212e+07	64009	1.31572e+07	0	
730	0.0506486	4.01703e-05	0.0506084	0	2.22413e+06	1764	2.22236e+06	0	
731	0.0182565	5.12377e-06	0.0182513	0	801697	225	801472	0	
732	0.0204784	6.58119e-06	0.0204718	0	899269	289	898980	0	
733	0.0321926	1.5394e-05	0.0321772	0	1.41367e+06	676	1.41299e+06	0	
734	0.0184494	5.12377e-06	0.0184443	0	810169	225	809944	0	
735	0.0236927	8.2208e-06	0.0236845	0	1.04042e+06	361	1.04005e+06	0	
736	0.049195	3.64357e-05	0.0491585	0	2.16029e+06	1600	2.15869e+06	0	
737	0.0135895	1.10217e-05	0.0135784	0	596755	484	596271	0	
738	0.0348248	1.78534e-05	0.034807	0	1.52926e+06	784	1.52847e+06	0	
739	0.120021	0.000218705	0.119802	0	5.2705e+06	9604	5.2609e+06	0	
740	0.046019	3.11752e-05	0.0459879	0	2.02083e+06	1369	2.01946e+06	0	
741	0.140746	0.000301163	0.140445	0	6.18061e+06	13225	6.16739e+06	0	
742	0.0174782	7.37822e-06	0.0174709	0	767523	324	767199	0	
743	0.0661453	6.15763e-05	0.0660838	0	2.90464e+06	2704	2.90193e+06	0	
744	0.0797828	9.32753e-05	0.0796895	0	3.5035e+06	4096	3.4994e+06	0	
745	0.0176215	8.2208e-06	0.0176133	0	773816	361	773455	0	
746	0.0278143	1.10217e-05	0.0278033	0	1.22141e+06	484	1.22092e+06	0	
747	0.0216661	6.58119e-06	0.0216595	0	951425	289	951136	0	
748	0.0681021	0.000108418	0.0679937	0	2.99056e+06	4761	2.9858e+06	0	
749	0.0207309	5.82971e-06	0.0207251	0	910359	256	910103	0	
750	0.0379394	1.6601e-05	0.0379228	0	1.66603e+06	729	1.6653e+06	0	
751	0.0365198	3.46366e-05	0.0364851	0	1.60369e+06	1521	1.60217e+06	0	
752	0.861405	0.00800786	0.853397	0	3.78268e+07	351649	3.74752e+07	0	
753	0.0386518	1.6601e-05	0.0386352	0	1.69731e+06	729	1.69658e+06	0	
754	0.0117872	8.2208e-06	0.0117789	0	517611	361	517250	0	
755	0.0951472	0.000105299	0.0950419	0	4.17819e+06	4624	4.17357e+06	0	
756	0.026599	1.5394e-05	0.0265836	0	1.16804e+06	676	1.16736e+06	0	
757	0.362937	0.00328832	0.359649	0	1.59376e+07	144400	1.57932e+07	0	
758	0.247792	0.000642725	0.24715	0	1.08813e+07	28224	1.0853e+07	0	
759	0.0230458	5.82971e-06	0.02304	0	1.01201e+06	256	1.01175e+06	0	
760	0.399785	0.00175993	0.398025	0	1.75557e+07	77284	1.74785e+07	0	
761	2.34701	0.0559171	2.29109	0	1.03064e+08	2.45548e+06	1.00608e+08	0	
762	0.0447578	2.18841e-05	0.0447359	0	1.96545e+06	961	1.96449e+06	0	
763	0.0254084	7.37822e-06	0.0254011	0	1.11576e+06	324	1.11543e+06	0	
