Node	dPC	dPCintra	dPCflux	dPCconnector	varPC	varPCintra	varPCflux	varPCconnector	
1	0.0308078	1.62726e-05	0.0307915	0	1.38016e+06	729	1.37943e+06	0	
2	0.00643505	8.05818e-06	0.00642699	0	288285	361	287924	0	
3	0.0173193	6.03582e-05	0.0172589	0	775891	2704	773187	0	
4	0.032934	1.75003e-05	0.0329165	0	1.47541e+06	784	1.47463e+06	0	
5	0.0326713	2.00896e-05	0.0326512	0	1.46364e+06	900	1.46274e+06	0	
6	0.0115772	3.21434e-06	0.011574	0	518649	144	518505	0	
7	0.0177082	5.71439e-06	0.0177025	0	793315	256	793059	0	
8	0.0166584	4.37508e-06	0.016654	0	746285	196	746089	0	
9	0.0142891	3.21434e-06	0.0142858	0	640140	144	639996	0	
10	0.0218363	7.23227e-06	0.0218291	0	978250	324	977926	0	
11	0.0280217	1.18082e-05	0.0280099	0	1.25535e+06	529	1.25482e+06	0	
12	0.0168743	4.37508e-06	0.01687	0	755958	196	755762	0	
13	0.00935169	1.28573e-05	0.00933883	0	418947	576	418371	0	
14	0.020841	6.45101e-06	0.0208346	0	933663	289	933374	0	
15	0.15696	0.000383065	0.156577	0	7.03168e+06	17161	7.01452e+06	0	
16	0.00430933	3.77239e-06	0.00430556	0	193054	169	192885	0	
17	0.00718569	8.05818e-06	0.00717763	0	321913	361	321552	0	
18	0.00434866	2.70094e-06	0.00434596	0	194816	121	194695	0	
19	0.0160179	3.77239e-06	0.0160142	0	717591	169	717422	0	
20	0.0474832	3.39515e-05	0.0474492	0	2.1272e+06	1521	2.12568e+06	0	
21	0.14565	0.000332238	0.145318	0	6.52502e+06	14884	6.51013e+06	0	
22	0.00505486	4.37508e-06	0.00505048	0	226453	196	226257	0	
23	0.0291832	1.28573e-05	0.0291704	0	1.30738e+06	576	1.3068e+06	0	
24	0.0641977	6.2702e-05	0.064135	0	2.876e+06	2809	2.87319e+06	0	
25	0.0170444	4.37508e-06	0.01704	0	763576	196	763380	0	
26	0.0531652	4.1273e-05	0.053124	0	2.38176e+06	1849	2.37991e+06	0	
27	0.00587402	6.45101e-06	0.00586757	0	263151	289	262862	0	
28	0.00848772	1.08037e-05	0.00847691	0	380242	484	379758	0	
29	0.0146521	3.21434e-06	0.0146489	0	656402	144	656258	0	
30	0.0171824	4.37508e-06	0.0171781	0	769760	196	769564	0	
31	0.0713333	7.77023e-05	0.0712556	0	3.19567e+06	3481	3.19219e+06	0	
32	0.006123	5.71439e-06	0.00611728	0	274305	256	274049	0	
33	0.0132465	2.70094e-06	0.0132438	0	593436	121	593315	0	
34	0.0173994	4.37508e-06	0.017395	0	779480	196	779284	0	
35	0.0158451	3.77239e-06	0.0158413	0	709850	169	709681	0	
36	0.0137095	2.70094e-06	0.0137068	0	614174	121	614053	0	
37	0.0366254	2.00896e-05	0.0366053	0	1.64079e+06	900	1.63989e+06	0	
38	0.625271	0.0102912	0.61498	0	2.80116e+07	461041	2.75506e+07	0	
39	0.0351653	1.87726e-05	0.0351465	0	1.57537e+06	841	1.57453e+06	0	
40	0.0168709	4.37508e-06	0.0168665	0	755804	196	755608	0	
41	0.021838	7.23227e-06	0.0218308	0	978327	324	978003	0	
42	0.00691505	5.02241e-06	0.00691003	0	309788	225	309563	0	
43	0.0150418	3.21434e-06	0.0150386	0	673860	144	673716	0	
44	0.00624702	3.77239e-06	0.00624325	0	279861	169	279692	0	
45	0.0151756	3.21434e-06	0.0151724	0	679856	144	679712	0	
46	0.00671436	3.21434e-06	0.00671115	0	300798	144	300654	0	
47	0.0172809	2.5804e-05	0.0172551	0	774170	1156	773014	0	
48	0.0113781	9.84393e-06	0.0113683	0	509732	441	509291	0	
49	0.00721288	4.37508e-06	0.00720851	0	323131	196	322935	0	
50	0.013719	2.70094e-06	0.0137163	0	614600	121	614479	0	
51	0.0140017	2.70094e-06	0.013999	0	627266	121	627145	0	
52	0.00790995	4.37508e-06	0.00790558	0	354359	196	354163	0	
53	0.0427406	2.5804e-05	0.0427148	0	1.91474e+06	1156	1.91359e+06	0	
54	0.0193622	5.02241e-06	0.0193571	0	867411	225	867186	0	
55	0.0559447	5.80591e-05	0.0558866	0	2.50627e+06	2601	2.50367e+06	0	
56	0.0303978	2.00896e-05	0.0303778	0	1.3618e+06	900	1.3609e+06	0	
57	0.0158211	3.21434e-06	0.0158179	0	708774	144	708630	0	
58	0.0431923	2.28575e-05	0.0431695	0	1.93498e+06	1024	1.93395e+06	0	
59	0.0198929	5.02241e-06	0.0198879	0	891187	225	890962	0	
60	0.0162194	3.77239e-06	0.0162156	0	726616	169	726447	0	
61	0.000470789	2.70094e-06	0.000468088	0	21090.9	121	20969.9	0	
62	0.0355343	1.62726e-05	0.035518	0	1.5919e+06	729	1.59117e+06	0	
63	0.0300735	1.18082e-05	0.0300617	0	1.34726e+06	529	1.34673e+06	0	
64	1.41389	0.0248918	1.389	0	6.33414e+07	1.11513e+06	6.22263e+07	0	
65	0.0157038	1.18082e-05	0.015692	0	703521	529	702992	0	
66	0.00951892	5.02241e-06	0.0095139	0	426439	225	426214	0	
67	0.01221	3.21434e-06	0.0122067	0	546998	144	546854	0	
68	0.0190643	4.37508e-06	0.0190599	0	854064	196	853868	0	
69	0.0343944	1.39511e-05	0.0343804	0	1.54084e+06	625	1.54021e+06	0	
70	0.0135951	2.70094e-06	0.0135924	0	609052	121	608931	0	
71	0.0488226	3.7523e-05	0.0487851	0	2.18721e+06	1681	2.18553e+06	0	
72	0.0189166	5.02241e-06	0.0189116	0	847449	225	847224	0	
73	0.0146805	2.70094e-06	0.0146778	0	657675	121	657554	0	
74	0.0142099	3.21434e-06	0.0142067	0	636592	144	636448	0	
75	0.0243782	7.23227e-06	0.024371	0	1.09212e+06	324	1.0918e+06	0	
76	0.0241484	7.23227e-06	0.0241412	0	1.08183e+06	324	1.0815e+06	0	
77	0.0176281	3.77239e-06	0.0176244	0	789728	169	789559	0	
78	0.0356227	1.50895e-05	0.0356076	0	1.59586e+06	676	1.59519e+06	0	
79	0.239965	0.00109022	0.238874	0	1.07502e+07	48841	1.07013e+07	0	
80	0.0867868	9.14302e-05	0.0866953	0	3.88797e+06	4096	3.88388e+06	0	
81	0.0634954	4.52017e-05	0.0634502	0	2.84454e+06	2025	2.84251e+06	0	
82	0.0147114	3.77239e-06	0.0147077	0	659062	169	658893	0	
83	0.0346112	1.39511e-05	0.0345972	0	1.55055e+06	625	1.54992e+06	0	
84	0.00672211	1.18082e-05	0.0067103	0	301145	529	300616	0	
85	0.0199156	5.02241e-06	0.0199106	0	892205	225	891980	0	
86	0.227688	0.000571439	0.227117	0	1.02002e+07	25600	1.01746e+07	0	
87	0.0543291	3.39515e-05	0.0542952	0	2.4339e+06	1521	2.43238e+06	0	
88	0.0128874	3.21434e-06	0.0128842	0	577346	144	577202	0	
89	0.367447	0.00155574	0.365892	0	1.64613e+07	69696	1.63916e+07	0	
90	0.0217506	5.71439e-06	0.0217449	0	974412	256	974156	0	
91	0.00918332	2.70094e-06	0.00918062	0	411405	121	411284	0	
92	4.96464	0.27689	4.68774	0	2.22411e+08	1.24044e+07	2.10007e+08	0	
93	0.0268924	7.23227e-06	0.0268851	0	1.20475e+06	324	1.20443e+06	0	
94	0.0643833	4.1273e-05	0.0643421	0	2.88432e+06	1849	2.88247e+06	0	
95	0.0311566	9.84393e-06	0.0311468	0	1.39579e+06	441	1.39535e+06	0	
96	0.0524986	2.73442e-05	0.0524713	0	2.35189e+06	1225	2.35067e+06	0	
97	0.385941	0.0015794	0.384362	0	1.72898e+07	70756	1.72191e+07	0	
98	0.0652024	0.000132346	0.06507	0	2.92101e+06	5929	2.91508e+06	0	
99	0.0158046	3.77239e-06	0.0158008	0	708035	169	707866	0	
100	0.0147148	6.45101e-06	0.0147083	0	659211	289	658922	0	
101	0.0156639	3.21434e-06	0.0156607	0	701730	144	701586	0	
102	0.0139984	2.70094e-06	0.0139957	0	627119	121	626998	0	
103	0.033717	1.62726e-05	0.0337007	0	1.51049e+06	729	1.50976e+06	0	
104	0.126578	0.000188932	0.126389	0	5.67062e+06	8464	5.66216e+06	0	
105	0.0200656	5.71439e-06	0.0200599	0	898923	256	898667	0	
106	0.0218591	7.23227e-06	0.0218518	0	979269	324	978945	0	
107	0.0202976	5.71439e-06	0.0202919	0	909316	256	909060	0	
108	0.0221201	5.71439e-06	0.0221144	0	990965	256	990709	0	
109	0.249902	0.000707245	0.249195	0	1.11954e+07	31684	1.11637e+07	0	
110	0.127098	0.000223218	0.126875	0	5.6939e+06	10000	5.6839e+06	0	
111	0.0179455	5.02241e-06	0.0179405	0	803944	225	803719	0	
112	0.0144727	3.21434e-06	0.0144694	0	648365	144	648221	0	
113	0.0284774	8.05818e-06	0.0284693	0	1.27576e+06	361	1.2754e+06	0	
114	0.102088	0.000103216	0.101985	0	4.57348e+06	4624	4.56886e+06	0	
115	0.0208462	4.37508e-06	0.0208418	0	933893	196	933697	0	
116	0.0225323	5.02241e-06	0.0225273	0	1.00942e+06	225	1.0092e+06	0	
117	0.0224094	5.02241e-06	0.0224044	0	1.00392e+06	225	1.00369e+06	0	
118	0.0700024	5.14295e-05	0.069951	0	3.13605e+06	2304	3.13374e+06	0	
119	0.0249447	2.14512e-05	0.0249232	0	1.1175e+06	961	1.11654e+06	0	
120	0.0167404	3.21434e-06	0.0167372	0	749958	144	749814	0	
121	0.0183048	3.77239e-06	0.018301	0	820041	169	819872	0	
122	0.0184966	3.77239e-06	0.0184928	0	828634	169	828465	0	
123	0.0347718	1.28573e-05	0.034759	0	1.55775e+06	576	1.55717e+06	0	
124	0.0165401	2.70094e-06	0.0165374	0	740984	121	740863	0	
125	0.206516	0.000462865	0.206054	0	9.25178e+06	20736	9.23104e+06	0	
126	0.0281145	8.05818e-06	0.0281064	0	1.2595e+06	361	1.25914e+06	0	
127	0.0407817	1.75003e-05	0.0407642	0	1.82698e+06	784	1.8262e+06	0	
128	0.0759693	6.50904e-05	0.0759042	0	3.40336e+06	2916	3.40044e+06	0	
129	0.0195708	3.77239e-06	0.019567	0	876757	169	876588	0	
130	0.0332021	1.08037e-05	0.0331913	0	1.48743e+06	484	1.48694e+06	0	
131	0.0565795	3.05586e-05	0.056549	0	2.53471e+06	1369	2.53334e+06	0	
132	0.021445	4.37508e-06	0.0214406	0	960718	196	960522	0	
133	0.0107651	5.71439e-06	0.0107594	0	482269	256	482013	0	
134	0.0381198	1.50895e-05	0.0381047	0	1.70773e+06	676	1.70706e+06	0	
135	0.0270474	1.08037e-05	0.0270366	0	1.2117e+06	484	1.21121e+06	0	
136	0.100126	9.72339e-05	0.100028	0	4.48556e+06	4356	4.4812e+06	0	
137	0.223394	0.000515723	0.222878	0	1.00078e+07	23104	9.98476e+06	0	
138	0.0409202	1.62726e-05	0.0409039	0	1.83319e+06	729	1.83246e+06	0	
139	0.41205	0.00163933	0.410411	0	1.84595e+07	73441	1.8386e+07	0	
140	0.0439403	1.87726e-05	0.0439216	0	1.96849e+06	841	1.96765e+06	0	
141	0.0475752	2.14512e-05	0.0475537	0	2.13133e+06	961	2.13036e+06	0	
142	0.193527	0.000377239	0.19315	0	8.66988e+06	16900	8.65298e+06	0	
143	0.0586757	3.39515e-05	0.0586417	0	2.62862e+06	1521	2.6271e+06	0	
144	0.0317015	9.84393e-06	0.0316917	0	1.4202e+06	441	1.41976e+06	0	
145	0.0471154	2.43084e-05	0.0470911	0	2.11073e+06	1089	2.10964e+06	0	
146	0.0192221	3.77239e-06	0.0192183	0	861136	169	860967	0	
147	0.022494	5.02241e-06	0.022489	0	1.00771e+06	225	1.00749e+06	0	
148	0.0194475	3.77239e-06	0.0194437	0	871233	169	871064	0	
149	0.0240059	5.71439e-06	0.0240001	0	1.07544e+06	256	1.07518e+06	0	
150	0.0248712	6.45101e-06	0.0248648	0	1.11421e+06	289	1.11392e+06	0	
151	0.0612168	3.93757e-05	0.0611774	0	2.74246e+06	1764	2.74069e+06	0	
152	0.0230856	2.43084e-05	0.0230613	0	1.03421e+06	1089	1.03312e+06	0	
153	0.0174791	5.71439e-06	0.0174734	0	783050	256	782794	0	
154	0.0190071	1.62726e-05	0.0189909	0	851505	729	850776	0	
155	0.0288758	8.05818e-06	0.0288677	0	1.29361e+06	361	1.29325e+06	0	
156	0.0194955	5.02241e-06	0.0194904	0	873383	225	873158	0	
157	0.031428	9.84393e-06	0.0314182	0	1.40795e+06	441	1.40751e+06	0	
158	0.059287	4.52017e-05	0.0592419	0	2.65601e+06	2025	2.65398e+06	0	
159	0.0203625	5.02241e-06	0.0203575	0	912225	225	912000	0	
160	0.0654656	8.58051e-05	0.0653798	0	2.9328e+06	3844	2.92896e+06	0	
161	0.0210186	4.37508e-06	0.0210142	0	941616	196	941420	0	
162	0.0254771	8.05818e-06	0.0254691	0	1.14135e+06	361	1.14099e+06	0	
163	0.0101611	5.02241e-06	0.0101561	0	455213	225	454988	0	
164	0.0389484	1.50895e-05	0.0389333	0	1.74485e+06	676	1.74418e+06	0	
165	0.0483375	2.28575e-05	0.0483147	0	2.16548e+06	1024	2.16445e+06	0	
166	0.0345559	1.18082e-05	0.0345441	0	1.54807e+06	529	1.54754e+06	0	
167	0.015213	3.21434e-06	0.0152097	0	681529	144	681385	0	
168	0.0164876	2.70094e-06	0.0164849	0	738635	121	738514	0	
169	0.0303566	8.92873e-06	0.0303476	0	1.35995e+06	400	1.35955e+06	0	
170	0.0197865	1.39511e-05	0.0197726	0	886422	625	885797	0	
171	0.0821521	6.75235e-05	0.0820845	0	3.68034e+06	3025	3.67732e+06	0	
172	0.0179232	3.21434e-06	0.01792	0	802945	144	802801	0	
173	0.018612	6.45101e-06	0.0186055	0	833802	289	833513	0	
174	0.0462503	2.14512e-05	0.0462288	0	2.07197e+06	961	2.07101e+06	0	
175	0.0290608	8.05818e-06	0.0290527	0	1.3019e+06	361	1.30153e+06	0	
176	0.0183963	3.21434e-06	0.0183931	0	824142	144	823998	0	
177	0.0149946	2.70094e-06	0.0149919	0	671749	121	671628	0	
178	0.0435677	2.28575e-05	0.0435448	0	1.95179e+06	1024	1.95077e+06	0	
179	0.0378821	1.75003e-05	0.0378646	0	1.69708e+06	784	1.6963e+06	0	
180	0.0216763	5.71439e-06	0.0216705	0	971080	256	970824	0	
181	0.058034	4.1273e-05	0.0579927	0	2.59987e+06	1849	2.59802e+06	0	
182	4.76744	0.228432	4.53901	0	2.13577e+08	1.02336e+07	2.03344e+08	0	
183	0.00620954	3.05586e-05	0.00617898	0	278182	1369	276813	0	
184	0.0441448	2.28575e-05	0.0441219	0	1.97765e+06	1024	1.97662e+06	0	
185	0.0625064	4.52017e-05	0.0624612	0	2.80023e+06	2025	2.79821e+06	0	
186	0.0050785	1.75003e-05	0.005061	0	227512	784	226728	0	
187	0.0436896	2.28575e-05	0.0436667	0	1.95725e+06	1024	1.95623e+06	0	
188	0.0207669	5.02241e-06	0.0207619	0	930344	225	930118	0	
189	0.00924293	2.70094e-06	0.00924023	0	414075	121	413954	0	
190	0.121956	0.00610567	0.11585	0	5.46353e+06	273529	5.19e+06	0	
191	0.0107681	5.71439e-06	0.0107624	0	482402	256	482146	0	
192	0.103686	0.00012893	0.103557	0	4.64504e+06	5776	4.63927e+06	0	
193	0.0506863	0.00175003	0.0489363	0	2.2707e+06	78400	2.1923e+06	0	
194	0.0302867	9.84393e-06	0.0302768	0	1.35681e+06	441	1.35637e+06	0	
195	0.180232	0.000337707	0.179895	0	8.07427e+06	15129	8.05914e+06	0	
196	0.0168145	3.21434e-06	0.0168113	0	753276	144	753132	0	
197	0.0210835	5.02241e-06	0.0210785	0	944527	225	944302	0	
198	0.0192104	3.77239e-06	0.0192066	0	860611	169	860442	0	
199	0.0393652	1.75003e-05	0.0393477	0	1.76352e+06	784	1.76274e+06	0	
200	0.00255742	3.77239e-06	0.00255364	0	114570	169	114401	0	
201	0.0235955	5.71439e-06	0.0235898	0	1.05706e+06	256	1.0568e+06	0	
202	0.016347	2.70094e-06	0.0163443	0	732333	121	732212	0	
203	0.0965248	0.000112524	0.0964122	0	4.32423e+06	5041	4.31918e+06	0	
204	0.0359591	2.43084e-05	0.0359348	0	1.61094e+06	1089	1.60985e+06	0	
205	0.0283428	8.92873e-06	0.0283338	0	1.26973e+06	400	1.26933e+06	0	
206	0.0475085	2.43084e-05	0.0474842	0	2.12834e+06	1089	2.12725e+06	0	
207	0.0491938	3.05586e-05	0.0491632	0	2.20384e+06	1369	2.20247e+06	0	
208	0.0223879	5.02241e-06	0.0223829	0	1.00296e+06	225	1.00273e+06	0	
209	0.00613071	2.00896e-05	0.00611062	0	274650	900	273750	0	
210	0.0239796	5.71439e-06	0.0239739	0	1.07426e+06	256	1.07401e+06	0	
211	0.0169686	3.21434e-06	0.0169654	0	760181	144	760037	0	
212	0.0162632	2.70094e-06	0.0162605	0	728581	121	728460	0	
213	0.0191581	3.77239e-06	0.0191544	0	858270	169	858101	0	
214	0.0265096	8.92873e-06	0.0265006	0	1.1876e+06	400	1.1872e+06	0	
215	0.00406349	7.23227e-06	0.00405626	0	182041	324	181717	0	
216	0.0362332	1.39511e-05	0.0362192	0	1.62321e+06	625	1.62259e+06	0	
217	0.0233841	5.71439e-06	0.0233784	0	1.04759e+06	256	1.04733e+06	0	
218	0.0314653	5.35947e-05	0.0314117	0	1.40961e+06	2401	1.40721e+06	0	
219	0.0193815	3.77239e-06	0.0193777	0	868275	169	868106	0	
220	0.0193045	4.37508e-06	0.0193001	0	864827	196	864631	0	
221	0.00291444	3.21434e-06	0.00291123	0	130564	144	130420	0	
222	0.04986	2.89291e-05	0.0498311	0	2.23368e+06	1296	2.23239e+06	0	
223	0.0158005	2.70094e-06	0.0157978	0	707850	121	707729	0	
224	0.124854	0.000161275	0.124693	0	5.59337e+06	7225	5.58614e+06	0	
225	0.0208265	4.37508e-06	0.0208222	0	933013	196	932817	0	
226	0.0237398	5.71439e-06	0.0237341	0	1.06352e+06	256	1.06327e+06	0	
227	0.0477432	2.43084e-05	0.0477189	0	2.13885e+06	1089	2.13776e+06	0	
228	0.0367236	1.62726e-05	0.0367073	0	1.64518e+06	729	1.64446e+06	0	
229	0.00434697	1.18082e-05	0.00433516	0	194740	529	194211	0	
230	0.0399764	1.62726e-05	0.0399601	0	1.79091e+06	729	1.79018e+06	0	
231	0.00282134	2.70094e-06	0.00281864	0	126394	121	126273	0	
232	0.0253593	7.23227e-06	0.0253521	0	1.13607e+06	324	1.13575e+06	0	
233	0.014983	2.70094e-06	0.0149803	0	671229	121	671108	0	
234	0.0234082	6.45101e-06	0.0234018	0	1.04867e+06	289	1.04838e+06	0	
235	0.0184088	3.77239e-06	0.018405	0	824698	169	824529	0	
236	0.00265784	2.70094e-06	0.00265514	0	119069	121	118948	0	
237	0.0166863	3.21434e-06	0.0166831	0	747534	144	747390	0	
238	0.0410276	2.00896e-05	0.0410075	0	1.838e+06	900	1.8371e+06	0	
239	0.0527428	2.89291e-05	0.0527139	0	2.36283e+06	1296	2.36154e+06	0	
240	0.0124449	7.23227e-06	0.0124377	0	557524	324	557200	0	
241	0.0875178	8.85953e-05	0.0874292	0	3.92072e+06	3969	3.91675e+06	0	
242	0.00402679	6.45101e-06	0.00402034	0	180396	289	180107	0	
243	0.0120321	5.71439e-06	0.0120264	0	539030	256	538774	0	
244	0.021879	0.000115716	0.0217633	0	980163	5184	974979	0	
245	0.00308698	7.23227e-06	0.00307975	0	138294	324	137970	0	
246	0.0315478	1.18082e-05	0.031536	0	1.41331e+06	529	1.41278e+06	0	
247	0.0147486	2.70094e-06	0.0147459	0	660729	121	660608	0	
248	0.0929697	0.00238685	0.0905828	0	4.16496e+06	106929	4.05803e+06	0	
249	0.0558	3.57149e-05	0.0557642	0	2.49979e+06	1600	2.49819e+06	0	
250	0.0323019	1.28573e-05	0.032289	0	1.44709e+06	576	1.44652e+06	0	
251	0.029322	9.84393e-06	0.0293122	0	1.3136e+06	441	1.31316e+06	0	
252	0.0617236	4.52017e-05	0.0616784	0	2.76516e+06	2025	2.76314e+06	0	
253	0.0298732	9.84393e-06	0.0298634	0	1.33829e+06	441	1.33785e+06	0	
254	0.0176759	3.21434e-06	0.0176727	0	791868	144	791724	0	
255	0.0248711	6.45101e-06	0.0248647	0	1.1142e+06	289	1.11391e+06	0	
256	0.145589	0.000270094	0.145319	0	6.5223e+06	12100	6.5102e+06	0	
257	0.0421618	3.7523e-05	0.0421243	0	1.88881e+06	1681	1.88713e+06	0	
258	0.00796217	3.77239e-06	0.0079584	0	356699	169	356530	0	
259	0.0276563	8.05818e-06	0.0276482	0	1.23898e+06	361	1.23861e+06	0	
260	0.0484344	2.5804e-05	0.0484086	0	2.16982e+06	1156	2.16866e+06	0	
261	0.0155102	2.70094e-06	0.0155075	0	694848	121	694727	0	
262	0.0294019	9.84393e-06	0.029392	0	1.31718e+06	441	1.31674e+06	0	
263	0.00708638	2.70094e-06	0.00708368	0	317464	121	317343	0	
264	0.165393	0.000295206	0.165098	0	7.40951e+06	13225	7.39628e+06	0	
265	0.00793576	2.70094e-06	0.00793306	0	355515	121	355394	0	
266	0.0139075	0.000109377	0.0137981	0	623046	4900	618146	0	
267	0.0549585	3.22327e-05	0.0549262	0	2.46209e+06	1444	2.46065e+06	0	
268	0.0333507	1.18082e-05	0.0333389	0	1.49408e+06	529	1.49355e+06	0	
269	0.0479718	2.5804e-05	0.047946	0	2.14909e+06	1156	2.14794e+06	0	
270	0.00430239	5.02241e-06	0.00429736	0	192743	225	192518	0	
271	0.02464	6.45101e-06	0.0246336	0	1.10385e+06	289	1.10356e+06	0	
272	0.00753884	3.05586e-05	0.00750828	0	337733	1369	336364	0	
273	0.0184382	3.77239e-06	0.0184344	0	826017	169	825848	0	
274	0.0158599	2.70094e-06	0.0158572	0	710512	121	710391	0	
275	0.015872	7.00013e-05	0.015802	0	711055	3136	707919	0	
276	0.0482377	2.5804e-05	0.0482119	0	2.16101e+06	1156	2.15985e+06	0	
277	0.247326	0.000660369	0.246665	0	1.108e+07	29584	1.10504e+07	0	
278	0.0128757	2.70094e-06	0.012873	0	576821	121	576700	0	
279	0.0172139	3.21434e-06	0.0172107	0	771172	144	771028	0	
280	0.0168077	3.21434e-06	0.0168045	0	752973	144	752829	0	
281	0.0209252	5.02241e-06	0.0209202	0	937433	225	937208	0	
282	0.00834987	5.02241e-06	0.00834484	0	374067	225	373842	0	
283	0.0157397	2.70094e-06	0.015737	0	705128	121	705007	0	
284	0.0155734	2.70094e-06	0.0155707	0	697678	121	697557	0	
285	0.0179955	3.77239e-06	0.0179917	0	806186	169	806017	0	
286	0.0200687	4.37508e-06	0.0200643	0	899061	196	898865	0	
287	0.109091	0.000135806	0.108955	0	4.88719e+06	6084	4.8811e+06	0	
288	0.0854706	8.58051e-05	0.0853848	0	3.82901e+06	3844	3.82516e+06	0	
289	1.1434	0.0144291	1.12897	0	5.12235e+07	646416	5.05771e+07	0	
290	0.0328039	1.18082e-05	0.0327921	0	1.46959e+06	529	1.46906e+06	0	
291	0.0213448	5.02241e-06	0.0213398	0	956231	225	956006	0	
292	0.0593286	3.93757e-05	0.0592892	0	2.65787e+06	1764	2.65611e+06	0	
293	0.0185174	3.77239e-06	0.0185136	0	829565	169	829396	0	
294	0.0270739	8.05818e-06	0.0270659	0	1.21289e+06	361	1.21253e+06	0	
295	0.0170707	3.21434e-06	0.0170675	0	764755	144	764611	0	
296	0.015564	2.70094e-06	0.0155613	0	697258	121	697137	0	
297	0.0987216	0.000109377	0.0986123	0	4.42264e+06	4900	4.41774e+06	0	
298	0.0558655	3.57149e-05	0.0558298	0	2.50272e+06	1600	2.50112e+06	0	
299	0.0170515	5.71439e-06	0.0170458	0	763896	256	763640	0	
300	0.015697	5.02241e-06	0.015692	0	703216	225	702991	0	
301	0.0114296	2.70094e-06	0.0114269	0	512037	121	511916	0	
302	0.0030936	4.37508e-06	0.00308923	0	138591	196	138395	0	
303	0.0246612	1.28573e-05	0.0246484	0	1.1048e+06	576	1.10422e+06	0	
304	0.0111533	2.70094e-06	0.0111506	0	499661	121	499540	0	
305	0.109655	0.000275027	0.10938	0	4.91246e+06	12321	4.90014e+06	0	
306	0.014074	4.37508e-06	0.0140697	0	630507	196	630311	0	
307	0.043843	4.3215e-05	0.0437998	0	1.96413e+06	1936	1.96219e+06	0	
308	0.021629	1.08037e-05	0.0216182	0	968962	484	968478	0	
309	0.0122133	3.77239e-06	0.0122095	0	547146	169	546977	0	
310	0.0471669	0.000112524	0.0470543	0	2.11303e+06	5041	2.10799e+06	0	
311	0.00722985	3.21434e-06	0.00722664	0	323891	144	323747	0	
312	0.00457592	7.23227e-06	0.00456868	0	204997	324	204673	0	
313	0.02112	1.08037e-05	0.0211092	0	946161	484	945677	0	
314	0.0228657	3.57149e-05	0.02283	0	1.02436e+06	1600	1.02276e+06	0	
315	0.0094606	5.02241e-06	0.00945558	0	423827	225	423602	0	
316	0.00624321	2.70094e-06	0.00624051	0	279690	121	279569	0	
317	0.00559916	3.21434e-06	0.00559595	0	250837	144	250693	0	
318	0.00554566	8.05818e-06	0.0055376	0	248441	361	248080	0	
319	0.00591842	2.70094e-06	0.00591572	0	265140	121	265019	0	
320	0.0179713	5.71439e-06	0.0179656	0	805103	256	804847	0	
321	0.00744372	3.21434e-06	0.0074405	0	333472	144	333328	0	
322	0.00706177	3.77239e-06	0.007058	0	316361	169	316192	0	
323	0.0082108	5.71439e-06	0.00820508	0	367837	256	367581	0	
324	0.0153654	3.77239e-06	0.0153616	0	688358	169	688189	0	
325	0.0149372	3.77239e-06	0.0149335	0	669178	169	669009	0	
326	0.00819704	5.02241e-06	0.00819202	0	367220	225	366995	0	
327	0.00629563	3.21434e-06	0.00629242	0	282039	144	281895	0	
328	0.00765985	1.87726e-05	0.00764107	0	343155	841	342314	0	
329	0.00298251	4.37508e-06	0.00297814	0	133614	196	133418	0	
330	0.0284343	1.39511e-05	0.0284204	0	1.27383e+06	625	1.27321e+06	0	
331	0.0193846	2.28575e-05	0.0193617	0	868414	1024	867390	0	
332	0.0139975	1.08037e-05	0.0139867	0	627080	484	626596	0	
333	0.0291602	1.39511e-05	0.0291463	0	1.30635e+06	625	1.30573e+06	0	
334	0.0314566	1.75003e-05	0.0314391	0	1.40923e+06	784	1.40844e+06	0	
335	0.0140765	3.77239e-06	0.0140728	0	630619	169	630450	0	
336	0.015338	5.02241e-06	0.0153329	0	687129	225	686904	0	
337	0.0120014	2.70094e-06	0.0119987	0	537656	121	537535	0	
338	0.0131652	2.70094e-06	0.0131625	0	589793	121	589672	0	
339	0.0249901	1.08037e-05	0.0249793	0	1.11953e+06	484	1.11905e+06	0	
340	0.0130717	2.70094e-06	0.013069	0	585605	121	585484	0	
341	0.0286117	1.28573e-05	0.0285988	0	1.28178e+06	576	1.2812e+06	0	
342	0.0741326	8.58051e-05	0.0740468	0	3.32108e+06	3844	3.31723e+06	0	
343	0.00874754	3.21434e-06	0.00874433	0	391882	144	391738	0	
344	0.0383328	2.28575e-05	0.0383099	0	1.71727e+06	1024	1.71625e+06	0	
345	0.0142413	3.77239e-06	0.0142375	0	638000	169	637831	0	
346	0.0265079	1.18082e-05	0.026496	0	1.18753e+06	529	1.187e+06	0	
347	0.0187748	5.71439e-06	0.018769	0	841095	256	840839	0	
348	0.0210819	7.23227e-06	0.0210746	0	944451	324	944127	0	
349	0.0299246	1.39511e-05	0.0299106	0	1.34059e+06	625	1.33997e+06	0	
350	0.0201109	6.45101e-06	0.0201045	0	900954	289	900665	0	
351	0.0248498	9.84393e-06	0.02484	0	1.11325e+06	441	1.11281e+06	0	
352	0.0500036	3.93757e-05	0.0499642	0	2.24012e+06	1764	2.23835e+06	0	
353	0.012857	2.70094e-06	0.0128543	0	575986	121	575865	0	
354	0.0592713	5.58046e-05	0.0592154	0	2.6553e+06	2500	2.6528e+06	0	
355	0.0124019	2.70094e-06	0.0123992	0	555594	121	555473	0	
356	0.0639722	3.22327e-05	0.0639398	1.37009e-07	2.8659e+06	1444	2.86445e+06	6.13792	
357	0.0184121	2.70094e-06	0.0184094	0	824848	121	824727	0	
358	0.0185973	2.70094e-06	0.0185943	1.34259e-07	833144	121	833012	6.01471	
359	0.186079	0.000260361	0.185818	0	8.33618e+06	11664	8.32451e+06	0	
360	0.0434291	1.39511e-05	0.0434151	0	1.94558e+06	625	1.94496e+06	0	
361	0.0209168	3.21434e-06	0.0209136	0	937056	144	936912	0	
362	0.0685511	3.39515e-05	0.068515	2.10282e-06	3.07103e+06	1521	3.06941e+06	94.2048	
363	0.0227761	3.77239e-06	0.0227723	0	1.02035e+06	169	1.02018e+06	0	
364	0.0242214	4.37508e-06	0.0242171	0	1.0851e+06	196	1.0849e+06	0	
365	0.0538994	2.14512e-05	0.0538779	0	2.41464e+06	961	2.41368e+06	0	
366	0.0281755	5.71439e-06	0.0281652	4.4265e-06	1.26223e+06	256	1.26178e+06	198.303	
367	0.155476	0.000232236	0.155236	7.35306e-06	6.9652e+06	10404	6.95446e+06	329.411	
368	0.022928	2.70094e-06	0.0229225	2.70461e-06	1.02715e+06	121	1.02691e+06	121.164	
369	0.0247007	4.37508e-06	0.0246963	0	1.10657e+06	196	1.10637e+06	0	
370	0.177859	0.000232236	0.177627	0	7.96794e+06	10404	7.95754e+06	0	
371	0.0273824	3.77239e-06	0.0273781	4.15881e-07	1.22671e+06	169	1.22651e+06	18.6311	
372	0.0801948	3.22327e-05	0.0801618	6.49838e-07	3.59266e+06	1444	3.59118e+06	29.1122	
373	0.0767402	2.89291e-05	0.0767033	7.86801e-06	3.4379e+06	1296	3.43624e+06	352.48	
374	0.14191	9.72339e-05	0.141813	0	6.35749e+06	4356	6.35313e+06	0	
375	0.0956219	5.35947e-05	0.0955683	0	4.28378e+06	2401	4.28138e+06	0	
376	0.0234873	3.77239e-06	0.0234835	0	1.05221e+06	169	1.05204e+06	0	
377	0.0232825	3.21434e-06	0.0232793	0	1.04303e+06	144	1.04289e+06	0	
378	3.26579	0.0498898	3.2159	0	1.46305e+08	2.23502e+06	1.4407e+08	0	
379	0.0327144	5.02241e-06	0.0327094	0	1.46558e+06	225	1.46535e+06	0	
380	0.0477576	1.08037e-05	0.0477468	0	2.1395e+06	484	2.13901e+06	0	
381	0.0557782	4.93089e-05	0.0557289	0	2.49882e+06	2209	2.49661e+06	0	
382	0.0244821	2.70094e-06	0.0244785	8.57523e-07	1.09678e+06	121	1.09661e+06	38.4163	
383	0.40008	0.000691441	0.399388	3.18531e-08	1.79232e+07	30976	1.78922e+07	1.42699	
384	0.0383564	7.23227e-06	0.0383492	0	1.71833e+06	324	1.71801e+06	0	
385	0.448474	0.000875105	0.447599	0	2.00912e+07	39204	2.0052e+07	0	
386	0.112072	5.35947e-05	0.112018	8.53443e-07	5.02075e+06	2401	5.01831e+06	38.2335	
387	0.967195	0.00403188	0.963159	3.70072e-06	4.33295e+07	180625	4.31487e+07	165.789	
388	0.0850978	3.05586e-05	0.0850464	2.07436e-05	3.81231e+06	1369	3.81001e+06	929.299	
389	0.138735	8.03586e-05	0.138653	1.24816e-06	6.21523e+06	3600	6.21157e+06	55.9167	
390	0.0268146	3.21434e-06	0.0268114	0	1.20127e+06	144	1.20112e+06	0	
391	0.029362	1.39511e-05	0.0293481	0	1.31539e+06	625	1.31477e+06	0	
392	0.0337937	5.02241e-06	0.0337884	8.02299e-08	1.51393e+06	225	1.51369e+06	3.59423	
393	0.225009	0.000227705	0.224781	5.46744e-08	1.00802e+07	10201	1.007e+07	2.44936	
394	0.0535849	1.28573e-05	0.053572	0	2.40056e+06	576	2.39998e+06	0	
395	0.0745732	2.28575e-05	0.07455	2.50244e-07	3.34082e+06	1024	3.33978e+06	11.2107	
396	0.0312512	4.37508e-06	0.0312468	0	1.40002e+06	196	1.39983e+06	0	
397	0.139427	8.58051e-05	0.139341	2.53786e-09	6.24625e+06	3844	6.2424e+06	0.113694	
398	0.0236952	3.77239e-06	0.0236914	0	1.06152e+06	169	1.06135e+06	0	
399	0.0680357	2.00896e-05	0.0680155	6.73528e-08	3.04794e+06	900	3.04703e+06	3.01735	
400	0.398874	0.000660369	0.398212	1.05227e-06	1.78692e+07	29584	1.78395e+07	47.1409	
401	0.0464349	8.92873e-06	0.046426	0	2.08024e+06	400	2.07984e+06	0	
402	0.245357	0.000246098	0.24511	9.41393e-08	1.09917e+07	11025	1.09807e+07	4.21736	
403	0.022857	2.70094e-06	0.0228543	0	1.02397e+06	121	1.02385e+06	0	
404	0.0566789	1.50895e-05	0.0566638	0	2.53917e+06	676	2.53849e+06	0	
405	0.0319887	4.37508e-06	0.0319843	0	1.43306e+06	196	1.43287e+06	0	
406	0.107519	5.80591e-05	0.107461	0	4.81677e+06	2601	4.81417e+06	0	
407	0.0247928	2.70094e-06	0.0247901	0	1.11069e+06	121	1.11057e+06	0	
408	0.478629	0.000938075	0.477689	1.49459e-06	2.14422e+07	42025	2.14001e+07	66.9563	
409	0.132624	7.50906e-05	0.132549	2.48315e-08	5.94147e+06	3364	5.9381e+06	1.11243	
410	0.100829	4.3215e-05	0.100785	5.82374e-07	4.51709e+06	1936	4.51512e+06	26.0898	
411	0.101431	4.1273e-05	0.101389	6.41349e-07	4.54406e+06	1849	4.54218e+06	28.7319	
412	1.25995	0.00735451	1.25259	1.56706e-06	5.64448e+07	329476	5.61152e+07	70.203	
413	0.0615195	1.87726e-05	0.0615007	0	2.75602e+06	841	2.75518e+06	0	
414	0.0367995	5.71439e-06	0.0367938	0	1.64858e+06	256	1.64833e+06	0	
415	0.0711324	2.14512e-05	0.071111	0	3.18667e+06	961	3.18571e+06	0	
416	0.0322839	4.37508e-06	0.0322795	0	1.44629e+06	196	1.44609e+06	0	
417	0.0822372	2.73442e-05	0.0822096	1.19843e-07	3.68415e+06	1225	3.68292e+06	5.36888	
418	0.110371	4.93089e-05	0.110322	0	4.94456e+06	2209	4.94235e+06	0	
419	0.0341396	5.02241e-06	0.0341345	0	1.52942e+06	225	1.5292e+06	0	
420	0.398654	0.000660369	0.397994	0	1.78593e+07	29584	1.78298e+07	0	
421	0.218357	0.000241433	0.217575	0.000540345	9.78224e+06	10816	9.74721e+06	24207	
422	0.0375457	5.71439e-06	0.03754	0	1.68201e+06	256	1.68176e+06	0	
423	0.0553444	1.28573e-05	0.0553315	0	2.47938e+06	576	2.4788e+06	0	
424	0.078424	2.43084e-05	0.078381	1.8538e-05	3.51333e+06	1089	3.5114e+06	830.487	
425	0.0544361	1.28573e-05	0.0544232	0	2.43869e+06	576	2.43811e+06	0	
426	0.0392369	6.45101e-06	0.0392304	0	1.75778e+06	289	1.75749e+06	0	
427	0.0274497	3.21434e-06	0.0274388	7.58802e-06	1.22972e+06	144	1.22923e+06	339.937	
428	0.591274	0.00135082	0.589923	0	2.64886e+07	60516	2.6428e+07	0	
429	0.0332093	4.37508e-06	0.033205	0	1.48775e+06	196	1.48755e+06	0	
430	0.0366911	5.02241e-06	0.0366801	5.86757e-06	1.64373e+06	225	1.64324e+06	262.862	
431	0.0671945	2.00896e-05	0.0671744	0	3.01025e+06	900	3.00935e+06	0	
432	0.0440537	8.05818e-06	0.0440457	0	1.97357e+06	361	1.97321e+06	0	
433	0.0345238	5.02241e-06	0.0345188	0	1.54663e+06	225	1.54641e+06	0	
434	0.323299	0.00043128	0.322867	5.01283e-07	1.44835e+07	19321	1.44641e+07	22.457	
435	0.083944	2.73442e-05	0.0839162	3.23993e-07	3.76062e+06	1225	3.75937e+06	14.5146	
436	1.01178	0.00393757	1.00784	0	4.53269e+07	176400	4.51505e+07	0	
437	0.0248196	2.70094e-06	0.0248169	0	1.1119e+06	121	1.11178e+06	0	
438	0.0892006	3.57149e-05	0.0891649	0	3.99611e+06	1600	3.99451e+06	0	
439	0.0264379	2.70094e-06	0.0264352	0	1.18439e+06	121	1.18427e+06	0	
440	0.193919	0.000146453	0.193773	0	8.68744e+06	6561	8.68087e+06	0	
441	0.0282467	3.21434e-06	0.0282435	0	1.26543e+06	144	1.26528e+06	0	
442	0.0302936	3.77239e-06	0.0302898	0	1.35712e+06	169	1.35696e+06	0	
443	0.0349089	5.02241e-06	0.0349038	0	1.56389e+06	225	1.56366e+06	0	
444	0.0396254	5.71439e-06	0.0396197	0	1.77518e+06	256	1.77493e+06	0	
445	0.0360124	5.02241e-06	0.0360074	0	1.61332e+06	225	1.6131e+06	0	
446	0.0451033	8.92873e-06	0.0450943	0	2.02059e+06	400	2.02018e+06	0	
447	0.0400306	5.71439e-06	0.0400115	1.32482e-05	1.79333e+06	256	1.79248e+06	593.511	
448	0.0256897	2.70094e-06	0.025687	0	1.15088e+06	121	1.15075e+06	0	
449	0.0326662	3.77239e-06	0.0326625	0	1.46342e+06	169	1.46325e+06	0	
450	0.0279851	3.21434e-06	0.0279801	1.67751e-06	1.25371e+06	144	1.25348e+06	75.1514	
451	0.0914513	3.39515e-05	0.0914173	0	4.09694e+06	1521	4.09542e+06	0	
452	0.0561546	1.18082e-05	0.0561427	0	2.51568e+06	529	2.51514e+06	0	
453	0.135629	7.00013e-05	0.135559	0	6.07608e+06	3136	6.07295e+06	0	
454	0.0611683	1.39511e-05	0.0611481	6.16488e-06	2.74029e+06	625	2.73938e+06	276.181	
455	0.304599	0.00034322	0.304255	0	1.36457e+07	15376	1.36304e+07	0	
456	0.0540803	1.18082e-05	0.054067	1.32954e-06	2.42275e+06	529	2.42215e+06	59.5624	
457	0.0384554	5.71439e-06	0.0384496	0	1.72277e+06	256	1.72251e+06	0	
458	0.0279578	2.70094e-06	0.0279551	0	1.25248e+06	121	1.25236e+06	0	
459	0.0300469	3.21434e-06	0.0300437	0	1.34607e+06	144	1.34593e+06	0	
460	0.0928184	3.39515e-05	0.0927844	2.57235e-09	4.15819e+06	1521	4.15666e+06	0.115239	
461	0.0536407	1.08037e-05	0.0536299	0	2.40306e+06	484	2.40257e+06	0	
462	0.0970186	3.93757e-05	0.0969792	0	4.34635e+06	1764	4.34458e+06	0	
463	0.034593	4.37508e-06	0.0345886	0	1.54973e+06	196	1.54954e+06	0	
464	0.0542881	1.08037e-05	0.0542773	0	2.43206e+06	484	2.43158e+06	0	
465	0.0410246	5.71439e-06	0.0409975	2.12474e-05	1.83786e+06	256	1.83665e+06	951.867	
466	0.0718052	1.87726e-05	0.0717854	8.71535e-07	3.21681e+06	841	3.21593e+06	39.044	
467	0.0819014	2.43084e-05	0.081877	0	3.66911e+06	1089	3.66802e+06	0	
468	24.1407	2.05889	22.0797	0.00210959	1.08148e+09	9.22368e+07	9.89152e+08	94508	
469	0.138974	7.00013e-05	0.138904	0	6.22593e+06	3136	6.22279e+06	0	
470	0.0316826	3.77239e-06	0.0316787	0	1.41935e+06	169	1.41918e+06	0	
471	0.0285125	2.70094e-06	0.0284571	5.26171e-05	1.27733e+06	121	1.27485e+06	2357.2	
472	0.48888	0.000788943	0.488091	0	2.19014e+07	35344	2.18661e+07	0	
473	0.0337204	3.77239e-06	0.0337137	2.84036e-06	1.51064e+06	169	1.51034e+06	127.245	
474	0.144088	7.25236e-05	0.144015	9.84513e-08	6.45503e+06	3249	6.45177e+06	4.41053	
475	0.036286	4.37508e-06	0.0362816	0	1.62558e+06	196	1.62538e+06	0	
476	0.0165713	4.37508e-06	0.0165669	0	742382	196	742186	0	
477	0.0313819	3.21434e-06	0.031331	4.7575e-05	1.40588e+06	144	1.4036e+06	2131.32	
478	0.0442097	6.45101e-06	0.0442023	7.69636e-07	1.98055e+06	289	1.98022e+06	34.479	
479	0.0431424	6.45101e-06	0.0431245	1.13768e-05	1.93274e+06	289	1.93194e+06	509.671	
480	0.060621	1.28573e-05	0.0606082	0	2.71577e+06	576	2.71519e+06	0	
481	0.0283011	2.70094e-06	0.0282943	4.01524e-06	1.26786e+06	121	1.26756e+06	179.879	
482	0.189707	0.000600368	0.189107	0	8.49874e+06	26896	8.47184e+06	0	
483	0.0356446	4.37508e-06	0.0356402	0	1.59684e+06	196	1.59665e+06	0	
484	0.0284736	2.70094e-06	0.0284708	0	1.27559e+06	121	1.27547e+06	0	
485	0.0885589	2.5804e-05	0.0885331	0	3.96736e+06	1156	3.96621e+06	0	
486	0.0411258	5.71439e-06	0.0411201	0	1.8424e+06	256	1.84214e+06	0	
487	0.0391105	5.02241e-06	0.0390904	1.50055e-05	1.75212e+06	225	1.75121e+06	672.236	
488	0.0928869	2.89291e-05	0.0928548	3.06746e-06	4.16125e+06	1296	4.15981e+06	137.419	
489	0.0703997	1.62726e-05	0.0703825	7.81026e-07	3.15384e+06	729	3.15308e+06	34.9893	
490	0.235056	0.000176811	0.234791	8.86147e-05	1.05303e+07	7921	1.05184e+07	3969.86	
491	0.0732137	1.75003e-05	0.0731962	0	3.27991e+06	784	3.27912e+06	0	
492	0.076344	2.00896e-05	0.0763239	0	3.42014e+06	900	3.41924e+06	0	
493	0.118856	4.52017e-05	0.118811	1.22473e-07	5.32467e+06	2025	5.32264e+06	5.48671	
494	0.0334031	3.77239e-06	0.0333993	0	1.49643e+06	169	1.49626e+06	0	
495	0.029257	1.39511e-05	0.0292431	0	1.31069e+06	625	1.31006e+06	0	
496	0.0435118	6.45101e-06	0.0435049	3.83897e-07	1.94929e+06	289	1.94898e+06	17.1982	
497	0.344334	0.000383065	0.343951	0	1.54259e+07	17161	1.54087e+07	0	
498	0.12563	5.14295e-05	0.125578	0	5.62812e+06	2304	5.62582e+06	0	
499	0.0287773	2.70094e-06	0.0287746	0	1.2892e+06	121	1.28908e+06	0	
500	0.0519925	8.92873e-06	0.0519812	2.29723e-06	2.32922e+06	400	2.32871e+06	102.914	
501	0.0285638	1.28573e-05	0.0285509	0	1.27963e+06	576	1.27905e+06	0	
502	0.0575682	1.08037e-05	0.0575574	0	2.579e+06	484	2.57852e+06	0	
503	0.0954157	2.89291e-05	0.095386	7.00913e-07	4.27454e+06	1296	4.27321e+06	31.4003	
504	0.0388331	5.02241e-06	0.038825	2.99346e-06	1.73969e+06	225	1.73932e+06	134.104	
505	0.0716935	1.62726e-05	0.0716693	7.83937e-06	3.21181e+06	729	3.21072e+06	351.197	
506	0.0451625	6.45101e-06	0.0451233	3.25896e-05	2.02324e+06	289	2.02148e+06	1459.99	
507	0.13306	5.58046e-05	0.132998	5.50175e-06	5.96098e+06	2500	5.95822e+06	246.474	
508	0.198357	0.00012556	0.19822	1.07086e-05	8.88624e+06	5625	8.88013e+06	479.739	
509	0.0154867	3.77239e-06	0.0154829	0	693793	169	693624	0	
510	0.581056	0.00105111	0.580004	2.78057e-07	2.60308e+07	47089	2.59837e+07	12.4567	
511	0.0819267	2.14512e-05	0.0819053	0	3.67025e+06	961	3.66929e+06	0	
512	0.0293061	2.70094e-06	0.0293034	0	1.31288e+06	121	1.31276e+06	0	
513	0.0427175	5.71439e-06	0.0427115	1.19116e-07	1.9137e+06	256	1.91344e+06	5.33632	
514	0.0401011	5.02241e-06	0.0400953	6.46648e-07	1.79649e+06	225	1.79623e+06	28.9692	
515	0.0303162	3.77239e-06	0.0303093	2.97939e-06	1.35814e+06	169	1.35783e+06	133.474	
516	0.297234	0.000275027	0.296889	6.95932e-05	1.33158e+07	12321	1.33004e+07	3117.71	
517	0.046685	8.92873e-06	0.0466708	5.20467e-06	2.09145e+06	400	2.09081e+06	233.164	
518	0.208262	0.000135806	0.208127	0	9.33e+06	6084	9.32391e+06	0	
519	0.108335	3.7523e-05	0.108298	0	4.85335e+06	1681	4.85167e+06	0	
520	0.0476133	7.23227e-06	0.0476061	0	2.13303e+06	324	2.13271e+06	0	
521	0.0445491	8.92873e-06	0.0445401	0	1.99576e+06	400	1.99536e+06	0	
522	0.0372742	5.71439e-06	0.0372684	0	1.66985e+06	256	1.66959e+06	0	
523	0.263806	0.000305563	0.263501	0	1.18183e+07	13689	1.18046e+07	0	
524	0.0315153	3.21434e-06	0.0315032	8.78514e-06	1.41186e+06	144	1.41131e+06	393.567	
525	0.0302426	3.77239e-06	0.0302388	0	1.35484e+06	169	1.35467e+06	0	
526	0.193739	0.000176811	0.193563	0	8.67938e+06	7921	8.67146e+06	0	
527	0.305181	0.000406815	0.304774	6.93056e-08	1.36718e+07	18225	1.36536e+07	3.10483	
528	0.032416	4.37508e-06	0.0324083	3.24472e-06	1.45221e+06	196	1.45186e+06	145.361	
529	0.107582	3.57149e-05	0.107544	1.79095e-06	4.81959e+06	1600	4.81791e+06	80.2331	
530	0.0429658	5.71439e-06	0.04296	0	1.92483e+06	256	1.92457e+06	0	
531	0.103911	4.93089e-05	0.103862	0	4.65515e+06	2209	4.65294e+06	0	
532	1.60093	0.00792907	1.59298	2.04753e-05	7.17206e+07	355216	7.13644e+07	917.277	
533	0.0308857	3.21434e-06	0.0308823	9.30625e-08	1.38365e+06	144	1.3835e+06	4.16912	
534	0.0439559	6.45101e-06	0.0439491	3.011e-07	1.96919e+06	289	1.96888e+06	13.489	
535	0.0322608	3.21434e-06	0.0322563	1.22474e-06	1.44525e+06	144	1.44505e+06	54.8675	
536	0.0346508	3.77239e-06	0.0346469	3.876e-08	1.55233e+06	169	1.55215e+06	1.73641	
537	0.231647	0.000236812	0.23141	0	1.03776e+07	10609	1.0367e+07	0	
538	0.0491554	8.05818e-06	0.0491469	2.78192e-07	2.20212e+06	361	2.20174e+06	12.4627	
539	0.0404744	5.02241e-06	0.0404652	4.05298e-06	1.81322e+06	225	1.8128e+06	181.57	
540	0.0297305	2.70094e-06	0.0297254	2.27059e-06	1.3319e+06	121	1.33167e+06	101.72	
541	0.0250189	2.70094e-06	0.0250162	0	1.12082e+06	121	1.1207e+06	0	
542	0.14554	6.50904e-05	0.145473	1.2684e-06	6.52008e+06	2916	6.51711e+06	56.8234	
543	0.029571	3.21434e-06	0.0295554	1.2232e-05	1.32475e+06	144	1.32406e+06	547.986	
544	0.0377292	4.37508e-06	0.0377081	1.66345e-05	1.69024e+06	196	1.68929e+06	745.215	
545	0.19911	0.000168954	0.198939	2.23738e-06	8.91997e+06	7569	8.9123e+06	100.232	
546	0.125027	4.93089e-05	0.124978	7.25106e-08	5.60112e+06	2209	5.59891e+06	3.24841	
547	0.0269567	2.70094e-06	0.0269456	8.29523e-06	1.20764e+06	121	1.20714e+06	371.619	
548	0.985777	0.00297382	0.982799	3.68301e-06	4.41619e+07	133225	4.40285e+07	164.995	
549	0.0596746	1.08037e-05	0.0596637	0	2.67337e+06	484	2.67288e+06	0	
550	0.0619893	1.18082e-05	0.0619775	0	2.77707e+06	529	2.77654e+06	0	
551	0.0406065	5.02241e-06	0.0405956	5.76221e-06	1.81913e+06	225	1.81864e+06	258.142	
552	0.046917	9.84393e-06	0.0469071	0	2.10184e+06	441	2.1014e+06	0	
553	0.149096	9.14302e-05	0.148981	2.27317e-05	6.67937e+06	4096	6.67425e+06	1018.36	
554	0.105506	3.39515e-05	0.105471	1.3906e-06	4.72661e+06	1521	4.72502e+06	62.2977	
555	0.0675634	1.39511e-05	0.0675481	1.23077e-06	3.02678e+06	625	3.0261e+06	55.1378	
556	0.0418116	2.73442e-05	0.0417843	0	1.87312e+06	1225	1.8719e+06	0	
557	0.617993	0.00119111	0.616756	4.56253e-05	2.76855e+07	53361	2.76301e+07	2043.97	
558	0.0433665	5.71439e-06	0.0433408	1.98072e-05	1.94278e+06	256	1.94163e+06	887.347	
559	0.0845326	3.22327e-05	0.084496	4.22444e-06	3.78699e+06	1444	3.78535e+06	189.251	
560	0.0354554	3.77239e-06	0.0353991	5.24473e-05	1.58837e+06	169	1.58585e+06	2349.59	
561	0.0286139	2.70094e-06	0.0286062	4.91371e-06	1.28188e+06	121	1.28153e+06	220.13	
562	0.0449219	7.23227e-06	0.044908	6.54528e-06	2.01246e+06	324	2.01184e+06	293.223	
563	0.137185	6.50904e-05	0.137075	4.49367e-05	6.1458e+06	2916	6.14086e+06	2013.12	
564	0.0221395	1.08037e-05	0.0221287	0	991832	484	991348	0	
565	0.0487733	7.23227e-06	0.0487637	2.29519e-06	2.185e+06	324	2.18457e+06	102.823	
566	0.051113	8.05818e-06	0.0510959	8.87913e-06	2.28982e+06	361	2.28905e+06	397.777	
567	0.222191	0.000161275	0.222021	8.34601e-06	9.95398e+06	7225	9.94637e+06	373.894	
568	0.0904506	2.43084e-05	0.0904205	5.66344e-06	4.05211e+06	1089	4.05076e+06	253.717	
569	0.013075	2.70094e-06	0.0130723	0	585751	121	585631	0	
570	0.0491841	8.92873e-06	0.0491752	0	2.2034e+06	400	2.203e+06	0	
571	0.177925	0.000106274	0.177813	5.34758e-06	7.97089e+06	4761	7.96589e+06	239.567	
572	0.0301107	2.70094e-06	0.030108	0	1.34893e+06	121	1.34881e+06	0	
573	0.0562664	9.84393e-06	0.0562561	3.72242e-07	2.52068e+06	441	2.52022e+06	16.6761	
574	0.0642108	1.28573e-05	0.0641974	3.89137e-07	2.87659e+06	576	2.87599e+06	17.433	
575	0.334482	0.000337707	0.334084	6.05062e-05	1.49845e+07	15129	1.49666e+07	2710.63	
576	0.130989	5.14295e-05	0.130938	7.60908e-08	5.86823e+06	2304	5.86592e+06	3.4088	
577	0.269445	0.000227705	0.269212	4.98193e-06	1.20709e+07	10201	1.20605e+07	223.186	
578	0.0517356	8.05818e-06	0.0517263	1.1321e-06	2.31771e+06	361	2.31729e+06	50.7174	
579	0.0993568	3.05586e-05	0.0993198	6.29918e-06	4.4511e+06	1369	4.44944e+06	282.198	
580	0.321508	0.000305563	0.321021	0.000181495	1.44033e+07	13689	1.43815e+07	8130.84	
581	0.0295923	2.70094e-06	0.0295896	0	1.32571e+06	121	1.32559e+06	0	
582	0.307869	0.000300362	0.307563	5.26294e-06	1.37922e+07	13456	1.37786e+07	235.775	
583	0.0304546	2.70094e-06	0.0303011	0.000150691	1.36434e+06	121	1.35746e+06	6750.86	
584	0.0352976	3.77239e-06	0.0352916	2.14027e-06	1.5813e+06	169	1.58103e+06	95.8825	
585	0.128737	5.14295e-05	0.128686	0	5.76734e+06	2304	5.76503e+06	0	
586	0.0992334	2.89291e-05	0.0992012	3.1757e-06	4.44557e+06	1296	4.44413e+06	142.268	
587	0.0440532	3.05586e-05	0.0440227	0	1.97354e+06	1369	1.97218e+06	0	
588	0.0464691	6.45101e-06	0.0464626	0	2.08177e+06	289	2.08148e+06	0	
589	2.41899	0.0178005	2.40113	5.72461e-05	1.08369e+08	797449	1.07569e+08	2564.58	
590	0.0668348	1.39511e-05	0.0668208	0	2.99414e+06	625	2.99351e+06	0	
591	0.115136	4.1273e-05	0.115095	0	5.15803e+06	1849	5.15618e+06	0	
592	0.0596519	1.08037e-05	0.0596407	2.5091e-07	2.67235e+06	484	2.67185e+06	11.2405	
593	0.0695379	1.50895e-05	0.0695228	0	3.11524e+06	676	3.11456e+06	0	
594	0.0861898	2.28575e-05	0.0861669	0	3.86123e+06	1024	3.8602e+06	0	
595	0.0356751	3.77239e-06	0.0356379	3.33453e-05	1.59821e+06	169	1.59655e+06	1493.84	
596	0.160013	7.50906e-05	0.159938	6.67785e-08	7.16849e+06	3364	7.16511e+06	2.99162	
597	0.0371259	4.37508e-06	0.0371086	1.27981e-05	1.66321e+06	196	1.66243e+06	573.346	
598	0.135095	5.35947e-05	0.134863	0.000178387	6.05215e+06	2401	6.04175e+06	7991.62	
599	0.120463	4.3215e-05	0.120415	4.26284e-06	5.39664e+06	1936	5.39451e+06	190.972	
600	0.0295325	2.70094e-06	0.0295298	0	1.32303e+06	121	1.32291e+06	0	
601	0.0538454	8.92873e-06	0.0538018	3.45308e-05	2.41223e+06	400	2.41027e+06	1546.95	
602	0.194958	0.000112524	0.194841	4.92893e-06	8.73399e+06	5041	8.72872e+06	220.811	
603	0.0356338	3.77239e-06	0.0355364	9.34915e-05	1.59636e+06	169	1.592e+06	4188.34	
604	0.0326881	3.21434e-06	0.0326848	0	1.4644e+06	144	1.46425e+06	0	
605	0.0304297	2.70094e-06	0.0304182	8.73097e-06	1.36322e+06	121	1.36271e+06	391.14	
606	0.0188954	5.71439e-06	0.0188897	0	846499	256	846243	0	
607	0.0384353	4.37508e-06	0.0384309	0	1.72187e+06	196	1.72167e+06	0	
608	0.038155	4.37508e-06	0.0381506	0	1.70931e+06	196	1.70911e+06	0	
609	0.486017	0.000691441	0.48528	4.51291e-05	2.17731e+07	30976	2.17401e+07	2021.74	
610	0.0440018	5.71439e-06	0.043996	0	1.97124e+06	256	1.97098e+06	0	
611	0.0383646	4.37508e-06	0.0381538	0.000206315	1.7187e+06	196	1.70925e+06	9242.76	
612	0.0203645	6.45101e-06	0.020358	0	912313	289	912024	0	
613	0.118066	6.2702e-05	0.117974	2.96407e-05	5.28929e+06	2809	5.28515e+06	1327.88	
614	0.0288808	3.77239e-06	0.0288481	2.87872e-05	1.29383e+06	169	1.29237e+06	1289.64	
615	0.123347	4.52017e-05	0.123302	0	5.52585e+06	2025	5.52383e+06	0	
616	1.49237	0.00663014	1.48572	2.39273e-05	6.68571e+07	297025	6.6559e+07	1071.92	
617	0.0150871	3.77239e-06	0.0150833	0	675891	169	675722	0	
618	0.285586	0.000241433	0.2853	4.4236e-05	1.2794e+07	10816	1.27812e+07	1981.73	
619	0.0469581	6.45101e-06	0.0468923	5.93025e-05	2.10368e+06	289	2.10073e+06	2656.7	
620	2.77446	0.0228156	2.75165	3.28336e-07	1.24293e+08	1.02212e+06	1.23271e+08	14.7091	
621	0.0387031	4.37508e-06	0.0386987	0	1.73387e+06	196	1.73366e+06	0	
622	0.363174	0.000394851	0.36278	0	1.62699e+07	17689	1.62522e+07	0	
623	0.0495242	7.23227e-06	0.049517	0	2.21864e+06	324	2.21832e+06	0	
624	0.120903	4.3215e-05	0.120859	0	5.41635e+06	1936	5.41442e+06	0	
625	0.196655	0.000112524	0.19653	1.18792e-05	8.80999e+06	5041	8.80442e+06	532.181	
626	0.0174965	6.45101e-06	0.0174901	0	783832	289	783543	0	
627	0.0130647	3.21434e-06	0.0130615	0	585290	144	585146	0	
628	0.128096	4.93089e-05	0.128043	3.90182e-06	5.73861e+06	2209	5.73622e+06	174.798	
629	0.0459054	6.45101e-06	0.0458927	6.17055e-06	2.05652e+06	289	2.05595e+06	276.435	
630	0.0551339	8.92873e-06	0.055125	0	2.46995e+06	400	2.46955e+06	0	
631	0.262245	0.000205718	0.262039	0	1.17483e+07	9216	1.17391e+07	0	
632	0.0737689	1.62726e-05	0.0737511	1.36947e-06	3.30478e+06	729	3.30399e+06	61.3515	
633	0.0469393	6.45101e-06	0.0469314	1.31874e-06	2.10284e+06	289	2.10249e+06	59.0786	
634	0.0797308	1.87726e-05	0.079712	0	3.57187e+06	841	3.57103e+06	0	
635	0.027264	1.18082e-05	0.0272522	0	1.2214e+06	529	1.22087e+06	0	
636	0.291954	0.000255562	0.291699	0	1.30793e+07	11449	1.30678e+07	0	
637	0.0322175	3.21434e-06	0.0321029	0.000111294	1.44331e+06	144	1.43818e+06	4985.88	
638	0.0898767	0.00012556	0.0897511	0	4.0264e+06	5625	4.02077e+06	0	
639	0.0385825	4.37508e-06	0.0385781	0	1.72846e+06	196	1.72826e+06	0	
640	0.0464649	6.45101e-06	0.0464574	8.75184e-07	2.08158e+06	289	2.08125e+06	39.2075	
641	0.0378775	4.37508e-06	0.0378731	0	1.69688e+06	196	1.69668e+06	0	
642	0.104781	3.22327e-05	0.104749	0	4.69411e+06	1444	4.69267e+06	0	
643	0.0131653	2.70094e-06	0.0131626	0	589797	121	589676	0	
644	0.0438334	5.71439e-06	0.0438277	0	1.9637e+06	256	1.96344e+06	0	
645	0.0320251	3.21434e-06	0.0320217	4.40151e-08	1.4347e+06	144	1.43454e+06	1.97184	
646	0.0667793	1.39511e-05	0.0667568	8.44279e-06	2.99165e+06	625	2.99064e+06	378.23	
647	0.0631205	1.18082e-05	0.0631087	0	2.82774e+06	529	2.82721e+06	0	
648	0.0467834	6.45101e-06	0.0467712	5.62898e-06	2.09585e+06	289	2.09531e+06	252.173	
649	0.0536823	8.92873e-06	0.0536734	0	2.40492e+06	400	2.40452e+06	0	
650	0.0848218	2.14512e-05	0.0848004	0	3.79994e+06	961	3.79898e+06	0	
651	0.0800795	1.87726e-05	0.0800597	9.63965e-07	3.58749e+06	841	3.5866e+06	43.1848	
652	0.0381718	4.37508e-06	0.0381674	0	1.71006e+06	196	1.70987e+06	0	
653	0.0808122	2.00896e-05	0.0807921	0	3.62031e+06	900	3.61941e+06	0	
654	0.0466979	6.45101e-06	0.0466915	0	2.09202e+06	289	2.09174e+06	0	
655	0.0461289	6.45101e-06	0.0461224	0	2.06653e+06	289	2.06624e+06	0	
656	0.0567593	9.84393e-06	0.0567484	9.00328e-07	2.54276e+06	441	2.54228e+06	40.3339	
657	16.4662	0.88905	15.5771	0	7.37673e+08	3.98287e+07	6.97844e+08	0	
658	0.0878268	2.28575e-05	0.0878039	0	3.93456e+06	1024	3.93354e+06	0	
659	0.186007	0.000103216	0.185904	0	8.333e+06	4624	8.32837e+06	0	
660	0.0523836	8.05818e-06	0.0523755	0	2.34674e+06	361	2.34638e+06	0	
661	0.214112	0.000146453	0.213966	0	9.59207e+06	6561	9.58551e+06	0	
662	0.117106	4.1273e-05	0.117065	0	5.24626e+06	1849	5.24441e+06	0	
663	0.0177147	5.71439e-06	0.017709	0	793606	256	793350	0	
664	0.0883946	2.43084e-05	0.0883703	0	3.96e+06	1089	3.95891e+06	0	
665	0.0316569	1.62726e-05	0.0316407	0	1.4182e+06	729	1.41747e+06	0	
666	0.0306366	2.70094e-06	0.0304246	0.000209111	1.37249e+06	121	1.363e+06	9368.03	
667	0.0384479	4.37508e-06	0.0382439	0.000199505	1.72243e+06	196	1.71329e+06	8937.67	
668	0.566749	0.000965732	0.565783	2.4526e-07	2.53899e+07	43264	2.53466e+07	10.9874	
669	0.0354261	3.77239e-06	0.0354216	6.01192e-07	1.58706e+06	169	1.58686e+06	26.9329	
670	0.0493446	7.23227e-06	0.0493083	2.89473e-05	2.21059e+06	324	2.20897e+06	1296.81	
671	0.114568	4.1273e-05	0.114524	2.5218e-06	5.13256e+06	1849	5.13059e+06	112.974	
672	0.0507976	9.84393e-06	0.0507875	1.41746e-07	2.27569e+06	441	2.27523e+06	6.35014	
673	0.0366721	5.02241e-06	0.0366606	6.40234e-06	1.64288e+06	225	1.64236e+06	286.819	
674	0.0268958	2.70094e-06	0.0268883	4.65746e-06	1.2049e+06	121	1.20457e+06	208.65	
675	0.0330199	5.02241e-06	0.0330147	4.2073e-08	1.47926e+06	225	1.47903e+06	1.88483	
676	0.0466596	6.45101e-06	0.0466531	0	2.09031e+06	289	2.09002e+06	0	
677	0.0295436	3.21434e-06	0.0295403	0	1.32353e+06	144	1.32338e+06	0	
678	0.0271384	2.70094e-06	0.0271348	7.8331e-07	1.21578e+06	121	1.21561e+06	35.0916	
679	0.023952	8.92873e-06	0.0239431	0	1.07303e+06	400	1.07263e+06	0	
680	0.0233124	2.70094e-06	0.0233096	3.16404e-08	1.04437e+06	121	1.04425e+06	1.41746	
681	0.144864	7.50906e-05	0.144776	1.28644e-05	6.48982e+06	3364	6.48587e+06	576.315	
682	0.101039	3.22327e-05	0.101005	1.71383e-06	4.5265e+06	1444	4.52498e+06	76.7782	
683	0.0378788	4.37508e-06	0.0378744	0	1.69694e+06	196	1.69674e+06	0	
684	0.069864	1.75003e-05	0.0698465	0	3.12985e+06	784	3.12906e+06	0	
685	0.0261367	3.21434e-06	0.0261327	7.23824e-07	1.1709e+06	144	1.17072e+06	32.4267	
686	0.0621488	1.39511e-05	0.0621349	0	2.78421e+06	625	2.78359e+06	0	
687	0.0631311	1.28573e-05	0.0631048	1.32767e-05	2.82822e+06	576	2.82704e+06	594.788	
688	0.057273	1.18082e-05	0.0572602	8.72178e-07	2.56578e+06	529	2.56521e+06	39.0728	
689	0.221276	0.00017286	0.221098	5.21625e-06	9.913e+06	7744	9.90502e+06	233.683	
690	0.0274615	2.70094e-06	0.0274588	0	1.23025e+06	121	1.23013e+06	0	
691	0.0325711	3.77239e-06	0.0325668	3.89473e-07	1.45915e+06	169	1.45896e+06	17.4481	
692	0.0289413	3.77239e-06	0.0289168	2.06664e-05	1.29654e+06	169	1.29544e+06	925.837	
693	0.0290585	2.70094e-06	0.0290534	2.29297e-06	1.30179e+06	121	1.30157e+06	102.723	
694	0.0325525	3.77239e-06	0.0325488	0	1.45832e+06	169	1.45815e+06	0	
695	0.104036	3.39515e-05	0.103926	7.62706e-05	4.66076e+06	1521	4.65582e+06	3416.86	
696	4.87665	0.0779737	4.79859	8.49817e-05	2.18469e+08	3.49316e+06	2.14972e+08	3807.11	
697	0.0518263	8.92873e-06	0.0518167	5.43771e-07	2.32177e+06	400	2.32134e+06	24.3605	
698	0.0564957	9.84393e-06	0.0564859	0	2.53096e+06	441	2.53052e+06	0	
699	0.106556	3.57149e-05	0.106521	0	4.77365e+06	1600	4.77205e+06	0	
700	0.267872	0.000332238	0.267539	5.71098e-07	1.20004e+07	14884	1.19855e+07	25.5847	
701	0.0298662	2.70094e-06	0.0298635	0	1.33798e+06	121	1.33786e+06	0	
702	0.98585	0.00468231	0.981164	3.59931e-06	4.41652e+07	209764	4.39553e+07	161.246	
703	0.0297232	2.70094e-06	0.029688	3.23621e-05	1.33157e+06	121	1.33e+06	1449.79	
704	0.110849	4.3215e-05	0.110806	0	4.96598e+06	1936	4.96404e+06	0	
705	0.173009	0.000103216	0.172893	1.2344e-05	7.75068e+06	4624	7.7455e+06	553.005	
706	0.0502035	8.05818e-06	0.0501228	7.25001e-05	2.24907e+06	361	2.24546e+06	3247.94	
707	0.0362433	5.02241e-06	0.0362383	0	1.62367e+06	225	1.62344e+06	0	
708	0.0458382	6.45101e-06	0.0458317	0	2.05351e+06	289	2.05322e+06	0	
709	0.13938	6.75235e-05	0.13931	2.1041e-06	6.2441e+06	3025	6.24098e+06	94.2621	
710	0.0311266	3.21434e-06	0.0311106	1.26504e-05	1.39444e+06	144	1.39373e+06	566.73	
711	0.268366	0.000236812	0.268129	7.91161e-08	1.20226e+07	10609	1.20119e+07	3.54433	
712	0.046928	8.05818e-06	0.0469181	1.75542e-06	2.10233e+06	361	2.10189e+06	78.6415	
713	0.0360896	5.02241e-06	0.0360846	0	1.61678e+06	225	1.61656e+06	0	
714	0.0620981	1.18082e-05	0.0620863	0	2.78194e+06	529	2.78141e+06	0	
715	0.0335077	4.37508e-06	0.0335029	3.223e-07	1.50112e+06	196	1.5009e+06	14.4387	
716	0.0434112	8.05818e-06	0.0434023	7.64163e-07	1.94478e+06	361	1.94438e+06	34.2338	
717	0.0308181	3.21434e-06	0.0308145	2.22501e-07	1.38062e+06	144	1.38046e+06	9.96788	
718	0.119666	5.35947e-05	0.119611	5.01124e-07	5.36094e+06	2401	5.35851e+06	22.4499	
719	0.158573	8.85953e-05	0.158482	2.91958e-06	7.10396e+06	3969	7.09986e+06	130.795	
720	0.0438764	6.45101e-06	0.0438696	2.46288e-07	1.96562e+06	289	1.96532e+06	11.0335	
721	0.0455695	8.05818e-06	0.0455591	2.28413e-06	2.04147e+06	361	2.04101e+06	102.327	
722	0.0837246	2.43084e-05	0.0836999	3.42046e-07	3.75079e+06	1089	3.74968e+06	15.3233	
723	0.966882	0.00329149	0.963584	6.68997e-06	4.33155e+07	147456	4.31677e+07	299.705	
724	0.123764	7.25236e-05	0.123691	5.25619e-08	5.54454e+06	3249	5.54129e+06	2.35473	
725	0.0730361	2.58017e-05	0.0730103	0	3.27195e+06	1155.89	3.2708e+06	0	
726	0.0976641	3.57149e-05	0.0976278	4.39486e-07	4.37527e+06	1600	4.37364e+06	19.6886	
727	0.0772624	2.14512e-05	0.0772408	0	3.46129e+06	961	3.46032e+06	0	
728	0.0282842	2.70094e-06	0.028276	5.3933e-06	1.26711e+06	121	1.26674e+06	241.615	
729	0.102573	4.3215e-05	0.10253	0	4.59521e+06	1936	4.59327e+06	0	
730	0.0791	2.14512e-05	0.0790786	0	3.54361e+06	961	3.54265e+06	0	
731	0.0313987	3.21434e-06	0.0313937	1.62193e-06	1.40663e+06	144	1.40641e+06	72.6611	
732	0.0672779	1.39511e-05	0.067264	0	3.01399e+06	625	3.01337e+06	0	
733	2.74426	0.0288062	2.71544	1.43278e-05	1.2294e+08	1.29049e+06	1.21649e+08	641.875	
734	0.0420854	6.45101e-06	0.0420744	4.45334e-06	1.88539e+06	289	1.8849e+06	199.505	
735	0.0295143	2.70094e-06	0.0295116	0	1.32221e+06	121	1.32209e+06	0	
736	9.25175	0.303771	8.94797	1.15037e-05	4.1447e+08	1.36087e+07	4.00861e+08	515.356	
737	0.0568885	1.08037e-05	0.0568703	7.27516e-06	2.54856e+06	484	2.54774e+06	325.921	
738	0.0819061	2.14512e-05	0.0818806	3.88079e-06	3.66932e+06	961	3.66818e+06	173.856	
739	0.0689826	1.50895e-05	0.0689602	7.26774e-06	3.09036e+06	676	3.08936e+06	325.588	
740	0.262754	0.000214378	0.262498	4.15716e-05	1.17711e+07	9604	1.17597e+07	1862.37	
741	0.146231	7.50906e-05	0.146155	8.90211e-07	6.55103e+06	3364	6.54762e+06	39.8807	
742	0.0354593	4.37508e-06	0.0354549	0	1.58855e+06	196	1.58835e+06	0	
743	0.0786092	2.00896e-05	0.0785891	0	3.52162e+06	900	3.52072e+06	0	
744	0.0344413	4.37508e-06	0.0344154	2.14787e-05	1.54294e+06	196	1.54178e+06	962.231	
745	0.0577418	1.08037e-05	0.0576424	8.85214e-05	2.58678e+06	484	2.58233e+06	3965.68	
746	0.136044	6.03582e-05	0.135984	0	6.09467e+06	2704	6.09197e+06	0	
747	0.0296468	3.21434e-06	0.0296429	5.3297e-07	1.32815e+06	144	1.32798e+06	23.8766	
748	0.381729	0.000707245	0.381021	0	1.71011e+07	31684	1.70694e+07	0	
749	0.0580033	1.39511e-05	0.0579893	0	2.5985e+06	625	2.59787e+06	0	
750	0.0352862	4.37508e-06	0.0352727	8.98665e-06	1.58079e+06	196	1.58019e+06	402.594	
751	0.0840279	2.43084e-05	0.0840028	5.94206e-07	3.76437e+06	1089	3.76325e+06	26.6199	
752	0.0549025	9.84393e-06	0.0548926	0	2.45959e+06	441	2.45914e+06	0	
753	0.0583229	1.08037e-05	0.0583121	0	2.61281e+06	484	2.61233e+06	0	
754	0.0279678	4.37508e-06	0.0279533	9.95696e-06	1.25293e+06	196	1.25228e+06	446.063	
755	0.0273955	2.70094e-06	0.0273856	7.12637e-06	1.22729e+06	121	1.22685e+06	319.255	
756	0.193356	0.000118953	0.193235	1.38967e-06	8.6622e+06	5329	8.6568e+06	62.2564	
757	0.0258829	3.77239e-06	0.0258791	0	1.15953e+06	169	1.15936e+06	0	
758	0.0286305	3.21434e-06	0.0286272	0	1.28262e+06	144	1.28247e+06	0	
759	0.0455201	1.08037e-05	0.0455093	0	2.03926e+06	484	2.03878e+06	0	
760	0.0383977	2.28575e-05	0.0383748	0	1.72018e+06	1024	1.71916e+06	0	
761	0.0192312	5.71439e-06	0.0192255	0	861543	256	861287	0	
762	0.145408	7.00013e-05	0.145338	0	6.51419e+06	3136	6.51105e+06	0	
763	0.0511735	1.28573e-05	0.0511606	0	2.29253e+06	576	2.29195e+06	0	
764	0.107629	3.7523e-05	0.107392	0.000199371	4.82169e+06	1681	4.81108e+06	8931.66	
765	0.0274508	2.70094e-06	0.0274476	3.8923e-07	1.22977e+06	121	1.22963e+06	17.4372	
766	0.0790282	2.28575e-05	0.0789965	8.77588e-06	3.5404e+06	1024	3.53897e+06	393.152	
767	0.027375	2.70094e-06	0.0273698	2.33918e-06	1.22637e+06	121	1.22614e+06	104.793	
768	0.0338295	4.37508e-06	0.0338242	7.69156e-07	1.51553e+06	196	1.51529e+06	34.4575	
769	0.904069	0.00414647	0.899923	1.13677e-08	4.05015e+07	185758	4.03158e+07	0.509265	
770	0.0456164	7.23227e-06	0.0456089	8.53842e-08	2.04357e+06	324	2.04324e+06	3.82514	
771	0.0425528	8.92873e-06	0.0425438	0	1.90633e+06	400	1.90593e+06	0	
772	0.0432986	7.23227e-06	0.0432902	9.97768e-07	1.93974e+06	324	1.93936e+06	44.6992	
773	0.266125	0.000354381	0.26577	0	1.19221e+07	15876	1.19063e+07	0	
774	0.110754	4.3215e-05	0.110711	0	4.96171e+06	1936	4.95977e+06	0	
775	0.043135	6.45101e-06	0.0431285	0	1.93241e+06	289	1.93212e+06	0	
776	0.0365849	4.37508e-06	0.0365778	2.64368e-06	1.63897e+06	196	1.63865e+06	118.434	
777	0.0407535	5.71439e-06	0.0407447	2.95256e-06	1.82572e+06	256	1.82532e+06	132.272	
778	0.0434094	9.84393e-06	0.0433983	1.21827e-06	1.9447e+06	441	1.9442e+06	54.5776	
779	0.0330077	3.77239e-06	0.0330039	0	1.47871e+06	169	1.47855e+06	0	
780	0.0227419	2.70094e-06	0.0227392	0	1.01882e+06	121	1.0187e+06	0	
781	0.0281094	2.70094e-06	0.0281042	2.37887e-06	1.25927e+06	121	1.25904e+06	106.571	
782	0.0288791	2.70094e-06	0.0288274	4.88405e-05	1.29376e+06	121	1.29144e+06	2188.01	
783	0.102077	3.39515e-05	0.101998	4.51842e-05	4.57298e+06	1521	4.56943e+06	2024.21	
784	0.0569349	1.18082e-05	0.0569215	1.43832e-06	2.55063e+06	529	2.55003e+06	64.4356	
785	0.035628	4.37508e-06	0.0356236	0	1.5961e+06	196	1.5959e+06	0	
786	0.0356019	5.02241e-06	0.0355721	2.47355e-05	1.59493e+06	225	1.5936e+06	1108.13	
787	0.236177	0.000197235	0.23598	2.3972e-07	1.05805e+07	8836	1.05717e+07	10.7392	
788	1.5965	0.00987127	1.58663	3.75603e-06	7.15221e+07	442225	7.10797e+07	168.267	
789	0.0228384	2.70094e-06	0.0228357	0	1.02314e+06	121	1.02302e+06	0	
790	0.198209	0.000142859	0.198027	3.8141e-05	8.8796e+06	6400	8.87148e+06	1708.68	
791	0.0330416	3.77239e-06	0.0330378	0	1.48023e+06	169	1.48006e+06	0	
792	0.070143	1.75003e-05	0.0701164	9.01652e-06	3.14235e+06	784	3.14115e+06	403.932	
793	0.0413779	5.71439e-06	0.0413701	1.99153e-06	1.85369e+06	256	1.85334e+06	89.2192	
794	0.0362924	4.37508e-06	0.036288	0	1.62587e+06	196	1.62567e+06	0	
795	0.0310334	3.77239e-06	0.0310254	4.16091e-06	1.39027e+06	169	1.38991e+06	186.405	
796	0.11646	4.52017e-05	0.116414	4.25776e-07	5.21731e+06	2025	5.21526e+06	19.0744	
797	0.0261188	2.70094e-06	0.0261161	0	1.1701e+06	121	1.16997e+06	0	
798	0.839462	0.00235774	0.837023	8.05304e-05	3.76072e+07	105625	3.74979e+07	3607.69	
799	0.0467788	7.23227e-06	0.0467341	3.73904e-05	2.09565e+06	324	2.09364e+06	1675.06	
800	0.0480527	8.05818e-06	0.0480408	3.71844e-06	2.15272e+06	361	2.15218e+06	166.583	
801	0.061387	1.39511e-05	0.0613725	4.17556e-07	2.75008e+06	625	2.74944e+06	18.7061	
802	0.053684	4.52017e-05	0.0536388	0	2.405e+06	2025	2.40297e+06	0	
803	0.121877	5.58046e-05	0.121821	0	5.46e+06	2500	5.4575e+06	0	
804	0.0179411	5.02241e-06	0.0179361	0	803747	225	803522	0	
805	0.0156532	3.77239e-06	0.0156494	0	701251	169	701082	0	
806	0.0878895	2.89291e-05	0.0878591	1.29551e-06	3.93737e+06	1296	3.93601e+06	58.038	
807	0.149719	7.50906e-05	0.149604	3.94816e-05	6.70731e+06	3364	6.70217e+06	1768.74	
808	0.0276227	2.70094e-06	0.02762	0	1.23747e+06	121	1.23735e+06	0	
809	0.0377537	5.02241e-06	0.0377456	2.94397e-06	1.69133e+06	225	1.69097e+06	131.887	
810	0.096883	3.39515e-05	0.0968488	1.57125e-07	4.34027e+06	1521	4.33874e+06	7.03909	
811	0.130398	6.03582e-05	0.130338	0	5.84174e+06	2704	5.83903e+06	0	
812	0.122291	5.14295e-05	0.122239	4.02327e-07	5.47856e+06	2304	5.47623e+06	18.0239	
813	0.0450437	7.23227e-06	0.0450365	0	2.01792e+06	324	2.01759e+06	0	
814	0.0365001	5.02241e-06	0.0364938	1.07758e-06	1.63517e+06	225	1.63489e+06	48.2749	
815	0.0282607	2.70094e-06	0.0282557	2.15658e-06	1.26605e+06	121	1.26583e+06	96.6131	
816	0.117778	0.000210026	0.117568	0	5.27638e+06	9409	5.26697e+06	0	
817	0.0459211	7.23227e-06	0.0459133	4.35967e-07	2.05722e+06	324	2.05688e+06	19.5309	
818	0.0305942	3.21434e-06	0.0304042	0.000186616	1.37059e+06	144	1.36208e+06	8360.26	
819	0.0407949	5.71439e-06	0.0407879	1.10599e-06	1.82757e+06	256	1.82726e+06	49.5476	
820	0.0372029	5.02241e-06	0.0371965	1.27191e-06	1.66666e+06	225	1.66637e+06	56.9806	
821	0.0381922	5.71439e-06	0.0381826	3.76455e-06	1.71098e+06	256	1.71055e+06	168.648	
822	0.0521101	1.08037e-05	0.052099	1.32305e-07	2.33448e+06	484	2.33399e+06	5.92718	
823	0.141862	7.00013e-05	0.141573	0.000219403	6.35534e+06	3136	6.34237e+06	9829.09	
824	0.0406469	5.71439e-06	0.0406265	1.46262e-05	1.82095e+06	256	1.82003e+06	655.245	
825	0.069132	9.43097e-05	0.0690377	0	3.09705e+06	4225	3.09283e+06	0	
826	0.0401766	2.5804e-05	0.0401508	0	1.79987e+06	1156	1.79872e+06	0	
827	0.0237341	3.77239e-06	0.0237303	0	1.06326e+06	169	1.06309e+06	0	
828	0.0331044	7.23227e-06	0.0330972	0	1.48305e+06	324	1.48272e+06	0	
829	0.0201479	2.70094e-06	0.0201452	0	902610	121	902489	0	
830	0.0921793	5.35947e-05	0.0921256	0	4.12955e+06	2401	4.12715e+06	0	
831	0.0431808	1.18082e-05	0.0431689	2.20441e-08	1.93446e+06	529	1.93393e+06	0.987559	
832	0.243318	0.000394851	0.242923	0	1.09004e+07	17689	1.08827e+07	0	
833	0.0577673	2.14512e-05	0.0577457	0	2.58792e+06	961	2.58696e+06	0	
834	0.0298625	5.71439e-06	0.0298568	0	1.33781e+06	256	1.33756e+06	0	
835	0.21688	0.000305563	0.216573	7.74123e-07	9.71604e+06	13689	9.70231e+06	34.6801	
836	0.100421	6.50904e-05	0.100356	6.70847e-08	4.49879e+06	2916	4.49586e+06	3.00533	
837	0.141512	0.000135806	0.141377	0	6.33966e+06	6084	6.33357e+06	0	
838	0.0216979	3.21434e-06	0.0216947	0	972048	144	971904	0	
839	0.0238902	3.77239e-06	0.0238861	2.09971e-07	1.07026e+06	169	1.07008e+06	9.40653	
840	0.0490741	1.62726e-05	0.0490579	0	2.19848e+06	729	2.19775e+06	0	
841	0.0552713	2.14512e-05	0.0552498	0	2.4761e+06	961	2.47514e+06	0	
842	0.047469	1.50895e-05	0.0474533	5.32859e-07	2.12657e+06	676	2.12586e+06	23.8716	
843	0.0539361	2.00896e-05	0.053916	0	2.41629e+06	900	2.41539e+06	0	
844	0.027552	5.02241e-06	0.0275469	0	1.2343e+06	225	1.23408e+06	0	
845	0.0273811	5.02241e-06	0.0273759	1.09233e-07	1.22665e+06	225	1.22641e+06	4.89357	
846	0.104469	7.50906e-05	0.104393	1.38786e-06	4.68016e+06	3364	4.67672e+06	62.1751	
847	0.0443551	1.39511e-05	0.0443411	0	1.98707e+06	625	1.98644e+06	0	
848	0.0252437	4.37508e-06	0.0252372	1.98522e-06	1.13089e+06	196	1.1306e+06	88.9362	
849	0.470253	0.00154397	0.468708	9.84915e-07	2.10669e+07	69169	2.09977e+07	44.1233	
850	0.0450248	1.39511e-05	0.0450025	8.27078e-06	2.01707e+06	625	2.01607e+06	370.524	
851	0.0214169	3.21434e-06	0.0214135	3.45338e-08	959460	144	959310	1.54708	
852	0.0122494	5.71439e-06	0.0122437	0	548766	256	548510	0	
853	0.0482476	3.57149e-05	0.0482119	0	2.16145e+06	1600	2.15985e+06	0	
854	0.0360262	2.00896e-05	0.0360061	0	1.61394e+06	900	1.61304e+06	0	
855	0.0125624	3.21434e-06	0.0125592	0	562788	144	562644	0	
856	0.0843879	0.000109377	0.0842785	0	3.7805e+06	4900	3.7756e+06	0	
857	0.0181575	5.02241e-06	0.0181525	0	813443	225	813218	0	
858	0.0115528	2.70094e-06	0.0115501	0	517556	121	517435	0	
859	0.0158164	3.77239e-06	0.0158127	0	708565	169	708396	0	
860	0.0719791	8.30595e-05	0.0718961	0	3.2246e+06	3721	3.22088e+06	0	
861	0.0129832	2.70094e-06	0.0129805	0	581639	121	581518	0	
862	0.0207286	6.45101e-06	0.0207221	0	928624	289	928335	0	
863	0.014294	3.21434e-06	0.0142907	0	640359	144	640215	0	
864	0.0199691	8.05818e-06	0.019961	0	894600	361	894239	0	
865	0.0147374	4.37508e-06	0.014733	0	660226	196	660030	0	
866	0.0322404	2.28575e-05	0.0322176	0	1.44434e+06	1024	1.44332e+06	0	
867	0.0168346	4.37508e-06	0.0168302	0	754178	196	753982	0	
868	0.0168922	4.37508e-06	0.0168879	0	756760	196	756564	0	
869	0.0204963	6.45101e-06	0.0204899	0	918220	289	917930	0	
870	0.035054	1.87726e-05	0.0350352	0	1.57039e+06	841	1.56954e+06	0	
871	0.025312	9.84393e-06	0.0253022	0	1.13396e+06	441	1.13351e+06	0	
872	0.0301246	1.39511e-05	0.0301106	0	1.34955e+06	625	1.34893e+06	0	
873	0.0388266	3.05586e-05	0.038796	0	1.73939e+06	1369	1.73803e+06	0	
874	0.0212632	7.23227e-06	0.021256	0	952576	324	952252	0	
875	0.0500794	3.93757e-05	0.05004	0	2.24351e+06	1764	2.24175e+06	0	
876	0.048098	3.57149e-05	0.0480623	0	2.15475e+06	1600	2.15315e+06	0	
877	0.0180805	5.02241e-06	0.0180755	0	809993	225	809768	0	
878	0.0353188	1.87726e-05	0.0353001	0	1.58225e+06	841	1.58141e+06	0	
879	0.0386453	2.28575e-05	0.0386224	0	1.73127e+06	1024	1.73025e+06	0	
880	0.00994743	3.21434e-06	0.00994422	0	445636	144	445492	0	
881	0.0421578	2.73442e-05	0.0421304	0	1.88863e+06	1225	1.88741e+06	0	
882	0.0132537	2.70094e-06	0.013251	0	593756	121	593635	0	
883	0.190842	0.000571439	0.19027	0	8.54956e+06	25600	8.52396e+06	0	
884	0.0839653	0.000112524	0.0838528	0	3.76157e+06	5041	3.75653e+06	0	
885	0.0270798	1.39511e-05	0.0270659	0	1.21315e+06	625	1.21253e+06	0	
886	0.059859	6.03582e-05	0.0597987	0	2.68163e+06	2704	2.67893e+06	0	
887	0.0132712	2.70094e-06	0.0132685	0	594539	121	594418	0	
888	9.41587	1.06922	8.34665	0	4.21823e+08	4.79002e+07	3.73923e+08	0	
889	0.0205493	6.45101e-06	0.0205428	0	920591	289	920302	0	
890	0.0407518	2.5804e-05	0.040726	0	1.82565e+06	1156	1.82449e+06	0	
891	0.0184333	6.45101e-06	0.0184269	0	825800	289	825511	0	
892	0.203727	0.000630011	0.203097	0	9.12683e+06	28224	9.09861e+06	0	
893	0.13817	0.000290094	0.13788	0	6.18992e+06	12996	6.17692e+06	0	
894	0.0158784	5.02241e-06	0.0158734	0	711340	225	711115	0	
895	0.0185039	6.45101e-06	0.0184974	0	828961	289	828672	0	
896	0.0528214	4.7233e-05	0.0527742	0	2.36635e+06	2116	2.36424e+06	0	
897	0.0217597	7.23227e-06	0.0217525	0	974819	324	974495	0	
898	0.115036	0.000201454	0.114835	0	5.15354e+06	9025	5.14451e+06	0	
899	0.137613	0.000300362	0.137313	0	6.16498e+06	13456	6.15152e+06	0	
900	0.0302615	1.39511e-05	0.0302475	0	1.35569e+06	625	1.35506e+06	0	
901	0.0279639	1.28573e-05	0.027951	0	1.25276e+06	576	1.25218e+06	0	
902	0.0350071	1.87726e-05	0.0349883	0	1.56829e+06	841	1.56745e+06	0	
903	0.0207913	7.23227e-06	0.0207841	0	931434	324	931110	0	
904	0.0121416	2.70094e-06	0.0121389	0	543937	121	543816	0	
905	0.0616886	5.80591e-05	0.0616305	0	2.76359e+06	2601	2.76099e+06	0	
906	0.0299383	1.75003e-05	0.0299208	0	1.34121e+06	784	1.34043e+06	0	
907	0.115064	0.000201454	0.114862	0	5.15478e+06	9025	5.14575e+06	0	
908	0.0372402	2.73442e-05	0.0372128	0	1.66833e+06	1225	1.6671e+06	0	
909	0.0157221	3.77239e-06	0.0157184	0	704340	169	704171	0	
910	0.0630761	6.03582e-05	0.0630158	0	2.82576e+06	2704	2.82305e+06	0	
911	0.0130234	2.70094e-06	0.0130207	0	583438	121	583317	0	
912	0.0114549	3.21434e-06	0.0114517	0	513171	144	513027	0	
913	0.0157481	3.77239e-06	0.0157443	0	705502	169	705333	0	
914	0.151349	0.000354381	0.150995	0	6.78034e+06	15876	6.76446e+06	0	
915	0.0177652	5.02241e-06	0.0177602	0	795869	225	795644	0	
916	0.0278573	1.18082e-05	0.0278455	0	1.24798e+06	529	1.24745e+06	0	
917	0.0236141	9.84393e-06	0.0236043	0	1.05789e+06	441	1.05745e+06	0	
918	0.0183698	5.02241e-06	0.0183647	0	822951	225	822726	0	
919	0.0410587	2.5804e-05	0.0410329	0	1.83939e+06	1156	1.83824e+06	0	
920	0.0133039	2.70094e-06	0.0133012	0	596006	121	595885	0	
921	0.0326438	1.62726e-05	0.0326275	0	1.46241e+06	729	1.46168e+06	0	
922	0.0634994	7.77023e-05	0.0634217	0	2.84472e+06	3481	2.84124e+06	0	
923	0.0240487	8.92873e-06	0.0240397	0	1.07736e+06	400	1.07696e+06	0	
924	0.0263665	1.08037e-05	0.0263557	0	1.1812e+06	484	1.18071e+06	0	
925	0.0157707	3.77239e-06	0.015767	0	706518	169	706349	0	
926	0.0351638	1.87726e-05	0.035145	0	1.5753e+06	841	1.57446e+06	0	
927	0.0266313	1.08037e-05	0.0266205	0	1.19306e+06	484	1.19257e+06	0	
928	0.0145205	3.21434e-06	0.0145173	0	650508	144	650364	0	
929	0.0930691	0.00012893	0.0929401	0	4.16941e+06	5776	4.16364e+06	0	
930	0.0274774	1.18082e-05	0.0274656	0	1.23096e+06	529	1.23043e+06	0	
931	0.0163457	4.37508e-06	0.0163413	0	732274	196	732078	0	
932	0.0696456	7.50906e-05	0.0695705	0	3.12006e+06	3364	3.1167e+06	0	
933	0.0157624	3.77239e-06	0.0157587	0	706146	169	705977	0	
934	0.0186235	5.71439e-06	0.0186178	0	834321	256	834065	0	
935	0.012985	2.70094e-06	0.0129823	0	581720	121	581599	0	
936	0.0306418	1.39511e-05	0.0306279	0	1.37272e+06	625	1.3721e+06	0	
937	0.288842	0.00123272	0.28761	0	1.29399e+07	55225	1.28846e+07	0	
938	0.0239532	8.92873e-06	0.0239443	0	1.07308e+06	400	1.07268e+06	0	
939	0.0293279	1.39511e-05	0.0293139	0	1.31386e+06	625	1.31324e+06	0	
940	0.0166914	4.37508e-06	0.016687	0	747763	196	747567	0	
941	0.0167959	4.37508e-06	0.0167915	0	752442	196	752246	0	
942	0.0188164	5.71439e-06	0.0188106	0	842959	256	842703	0	
943	0.0145614	3.21434e-06	0.0145582	0	652341	144	652197	0	
944	0.25261	0.000984393	0.251625	0	1.13167e+07	44100	1.12726e+07	0	
945	0.014301	3.21434e-06	0.0142978	0	640677	144	640532	0	
946	0.0232899	8.05818e-06	0.0232818	0	1.04336e+06	361	1.043e+06	0	
947	0.0170058	4.37508e-06	0.0170014	0	761847	196	761651	0	
948	0.0214679	7.23227e-06	0.0214606	0	961745	324	961421	0	
949	0.0208391	6.45101e-06	0.0208327	0	933577	289	933288	0	
950	0.0266531	1.08037e-05	0.0266423	0	1.19403e+06	484	1.19355e+06	0	
951	0.0426274	2.73442e-05	0.0426001	0	1.90967e+06	1225	1.90845e+06	0	
952	0.044013	3.93757e-05	0.0439736	0	1.97174e+06	1764	1.96998e+06	0	
953	0.0283707	1.28573e-05	0.0283579	0	1.27098e+06	576	1.27041e+06	0	
954	0.0544913	7.00013e-05	0.0544213	0	2.44116e+06	3136	2.43803e+06	0	
955	0.013215	2.70094e-06	0.0132123	0	592023	121	591902	0	
956	0.0143226	3.21434e-06	0.0143194	0	641644	144	641500	0	
957	0.0523896	4.1273e-05	0.0523483	0	2.34701e+06	1849	2.34516e+06	0	
958	0.0145964	3.21434e-06	0.0145931	0	653906	144	653762	0	
959	0.393997	0.00235774	0.391639	0	1.76507e+07	105625	1.75451e+07	0	
960	0.122854	0.000227705	0.122626	0	5.50376e+06	10201	5.49355e+06	0	
961	0.0106159	2.70094e-06	0.0106132	0	475584	121	475463	0	
962	0.0588081	7.50906e-05	0.058733	0	2.63455e+06	3364	2.63119e+06	0	
963	0.0106465	2.70094e-06	0.0106438	0	476958	121	476837	0	
964	0.014637	3.21434e-06	0.0146338	0	655728	144	655584	0	
965	0.207183	0.000645101	0.206538	0	9.28166e+06	28900	9.25276e+06	0	
966	0.543305	0.00434117	0.538964	0	2.43396e+07	194481	2.41451e+07	0	
967	0.0320537	2.00896e-05	0.0320336	0	1.43598e+06	900	1.43508e+06	0	
968	0.123578	0.000326814	0.123251	0	5.53621e+06	14641	5.52157e+06	0	
969	0.0205445	6.45101e-06	0.020538	0	920378	289	920089	0	
970	0.0160613	5.71439e-06	0.0160555	0	719532	256	719276	0	
971	0.0170467	4.37508e-06	0.0170423	0	763680	196	763484	0	
972	0.0329804	1.62726e-05	0.0329641	0	1.47749e+06	729	1.47676e+06	0	
973	0.0350921	2.5804e-05	0.0350663	0	1.57209e+06	1156	1.57094e+06	0	
974	0.039963	3.7523e-05	0.0399255	0	1.79031e+06	1681	1.78863e+06	0	
975	2.97031	0.122434	2.84787	0	1.33067e+08	5.48496e+06	1.27582e+08	0	
976	0.0127898	3.77239e-06	0.0127861	0	572976	169	572807	0	
977	0.0244204	8.92873e-06	0.0244115	0	1.09401e+06	400	1.09361e+06	0	
978	0.311822	0.00220084	0.309621	0	1.39693e+07	98596	1.38707e+07	0	
979	0.0439214	2.89291e-05	0.0438925	0	1.96764e+06	1296	1.96634e+06	0	
980	0.0146342	3.21434e-06	0.014631	0	655602	144	655458	0	
981	0.0206843	6.45101e-06	0.0206778	0	926639	289	926350	0	
982	0.0205945	6.45101e-06	0.0205881	0	922618	289	922329	0	
983	0.0232847	9.84393e-06	0.0232748	0	1.04313e+06	441	1.04269e+06	0	
984	0.0145353	3.21434e-06	0.0145321	0	651173	144	651029	0	
985	0.0182781	5.02241e-06	0.0182731	0	818845	225	818620	0	
986	0.044376	3.39515e-05	0.044342	0	1.988e+06	1521	1.98648e+06	0	
987	0.0136506	4.37508e-06	0.0136462	0	611536	196	611340	0	
988	0.0242281	8.92873e-06	0.0242192	0	1.0854e+06	400	1.085e+06	0	
989	0.0255818	9.84393e-06	0.025572	0	1.14604e+06	441	1.1456e+06	0	
990	0.017263	5.71439e-06	0.0172572	0	773368	256	773112	0	
991	0.168984	0.00043128	0.168553	0	7.57037e+06	19321	7.55105e+06	0	
992	0.0108784	2.70094e-06	0.0108757	0	487344	121	487223	0	
993	0.202217	0.0006151	0.201602	0	9.05916e+06	27556	9.0316e+06	0	
994	0.0194327	5.71439e-06	0.019427	0	870570	256	870314	0	
995	0.0142615	3.21434e-06	0.0142583	0	638907	144	638763	0	
996	0.0562259	4.7233e-05	0.0561787	0	2.51887e+06	2116	2.51675e+06	0	
997	5.31071	0.412922	4.89779	0	2.37915e+08	1.84986e+07	2.19416e+08	0	
998	0.0159251	5.02241e-06	0.0159201	0	713434	225	713209	0	
999	0.299409	0.00135082	0.298058	0	1.34132e+07	60516	1.33527e+07	0	
1000	0.121298	0.000337707	0.120961	0	5.43409e+06	15129	5.41896e+06	0	
1001	0.0326168	1.62726e-05	0.0326006	0	1.4612e+06	729	1.46048e+06	0	
1002	0.0390886	2.28575e-05	0.0390658	0	1.75114e+06	1024	1.75011e+06	0	
1003	0.01343	2.70094e-06	0.0134273	0	601655	121	601534	0	
1004	0.0148288	5.02241e-06	0.0148237	0	664318	225	664093	0	
1005	0.174538	0.000462865	0.174075	0	7.81917e+06	20736	7.79844e+06	0	
1006	0.0132403	2.70094e-06	0.0132376	0	593157	121	593036	0	
1007	0.0315576	1.50895e-05	0.0315425	0	1.41375e+06	676	1.41307e+06	0	
1008	0.0133457	2.70094e-06	0.013343	0	597878	121	597757	0	
1009	0.0780159	0.000146453	0.0778695	0	3.49505e+06	6561	3.48849e+06	0	
1010	0.0373531	2.14512e-05	0.0373316	0	1.67338e+06	961	1.67242e+06	0	
1011	0.0156171	3.77239e-06	0.0156133	0	699634	169	699465	0	
1012	0.0469328	3.39515e-05	0.0468989	0	2.10255e+06	1521	2.10103e+06	0	
1013	0.0207374	6.45101e-06	0.020731	0	929022	289	928733	0	
1014	0.018303	5.02241e-06	0.018298	0	819960	225	819735	0	
1015	0.0182839	5.02241e-06	0.0182789	0	819106	225	818881	0	
1016	0.04401	3.93757e-05	0.0439706	0	1.97161e+06	1764	1.96985e+06	0	
1017	0.0157569	3.77239e-06	0.0157531	0	705896	169	705727	0	
1018	0.0219183	7.23227e-06	0.021911	0	981922	324	981598	0	
1019	0.17189	0.000450097	0.17144	0	7.70056e+06	20164	7.6804e+06	0	
1020	0.013435	4.37508e-06	0.0134306	0	601877	196	601681	0	
1021	0.417665	0.00273442	0.41493	0	1.8711e+07	122500	1.85885e+07	0	
1022	0.0181439	5.02241e-06	0.0181389	0	812833	225	812608	0	
1023	0.0204277	6.45101e-06	0.0204212	0	915146	289	914857	0	
1024	0.0240209	8.92873e-06	0.024012	0	1.07611e+06	400	1.07571e+06	0	
1025	0.0155101	3.77239e-06	0.0155063	0	694841	169	694672	0	
1026	0.13085	0.000265205	0.130584	0	5.86197e+06	11881	5.85009e+06	0	
1027	0.0180872	5.02241e-06	0.0180822	0	810293	225	810068	0	
1028	0.0167529	4.37508e-06	0.0167486	0	750519	196	750323	0	
1029	0.0156603	4.37508e-06	0.0156559	0	701569	196	701373	0	
1030	0.0384675	2.28575e-05	0.0384446	0	1.72331e+06	1024	1.72229e+06	0	
1031	0.0446353	3.05586e-05	0.0446048	0	1.99962e+06	1369	1.99825e+06	0	
1032	0.0316237	1.50895e-05	0.0316086	0	1.41671e+06	676	1.41604e+06	0	
1033	0.0122862	3.21434e-06	0.012283	0	550412	144	550268	0	
1034	2.07256	0.0661906	2.00637	0	9.28492e+07	2.96528e+06	8.98839e+07	0	
1035	0.0228941	8.05818e-06	0.022886	0	1.02563e+06	361	1.02527e+06	0	
1036	0.0263961	1.08037e-05	0.0263853	0	1.18252e+06	484	1.18203e+06	0	
1037	0.0114943	2.70094e-06	0.0114916	0	514935	121	514814	0	
1038	0.0300918	1.39511e-05	0.0300779	0	1.34809e+06	625	1.34746e+06	0	
1039	0.0143263	3.21434e-06	0.0143231	0	641806	144	641662	0	
1040	0.0569567	4.93089e-05	0.0569073	0	2.55161e+06	2209	2.5494e+06	0	
1041	0.0186848	7.23227e-06	0.0186775	0	837064	324	836740	0	
1042	0.0143904	3.21434e-06	0.0143872	0	644682	144	644538	0	
1043	0.0156531	3.77239e-06	0.0156493	0	701248	169	701079	0	
1044	0.0593249	6.03582e-05	0.0592645	0	2.6577e+06	2704	2.655e+06	0	
1045	0.218814	0.000731285	0.218083	0	9.80271e+06	32761	9.76994e+06	0	
1046	0.0239807	8.92873e-06	0.0239718	0	1.07431e+06	400	1.07391e+06	0	
1047	0.016701	4.37508e-06	0.0166966	0	748192	196	747996	0	
1048	0.0131981	2.70094e-06	0.0131954	0	591268	121	591147	0	
1049	0.139435	0.000383065	0.139051	0	6.24657e+06	17161	6.22941e+06	0	
1050	0.0234336	1.18082e-05	0.0234218	0	1.0498e+06	529	1.04928e+06	0	
1051	0.0496169	6.75235e-05	0.0495494	0	2.22279e+06	3025	2.21977e+06	0	
1052	0.0267957	1.18082e-05	0.0267839	0	1.20042e+06	529	1.19989e+06	0	
1053	0.0140156	3.21434e-06	0.0140124	0	627888	144	627744	0	
1054	0.0368679	4.1273e-05	0.0368266	0	1.65165e+06	1849	1.6498e+06	0	
1055	0.0453909	3.22327e-05	0.0453587	0	2.03347e+06	1444	2.03203e+06	0	
1056	0.0135665	3.77239e-06	0.0135628	0	607771	169	607602	0	
1057	0.0225211	9.84393e-06	0.0225112	0	1.00892e+06	441	1.00848e+06	0	
1058	0.0322333	2.00896e-05	0.0322132	0	1.44402e+06	900	1.44312e+06	0	
1059	0.0293033	1.62726e-05	0.0292871	0	1.31276e+06	729	1.31203e+06	0	
1060	0.0225326	8.92873e-06	0.0225236	0	1.00944e+06	400	1.00904e+06	0	
1061	0.0839468	0.000188932	0.0837578	0	3.76074e+06	8464	3.75228e+06	0	
1062	0.0164091	5.02241e-06	0.0164041	0	735115	225	734890	0	
1063	0.0289814	2.00896e-05	0.0289613	0	1.29834e+06	900	1.29744e+06	0	
1064	0.0182203	5.71439e-06	0.0182145	0	816254	256	815998	0	
1065	0.0168066	4.37508e-06	0.0168022	0	752922	196	752726	0	
1066	0.0141909	3.77239e-06	0.0141871	0	635740	169	635571	0	
1067	0.0102081	2.70094e-06	0.0102054	0	457317	121	457196	0	
1068	0.0530038	7.25236e-05	0.0529313	0	2.37452e+06	3249	2.37127e+06	0	
1069	0.014369	5.02241e-06	0.014364	0	643722	225	643497	0	
1070	0.0209543	1.08037e-05	0.0209435	0	938737	484	938253	0	
1071	0.0133482	4.37508e-06	0.0133438	0	597988	196	597792	0	
1072	0.0614685	8.85953e-05	0.06138	0	2.75374e+06	3969	2.74977e+06	0	
1073	0.0937073	0.000135806	0.0935715	0	4.19801e+06	6084	4.19192e+06	0	
1074	0.0124307	4.37508e-06	0.0124264	0	556888	196	556692	0	
1075	0.0167591	7.23227e-06	0.0167518	0	750794	324	750470	0	
1076	0.0516256	6.50904e-05	0.0515605	0	2.31278e+06	2916	2.30986e+06	0	
1077	0.0428705	4.3215e-05	0.0428273	0	1.92056e+06	1936	1.91862e+06	0	
1078	0.0539136	5.35947e-05	0.05386	0	2.41528e+06	2401	2.41288e+06	0	
1079	0.141306	0.000371457	0.140934	0	6.33039e+06	16641	6.31375e+06	0	
1080	0.0287474	1.39511e-05	0.0287334	0	1.28786e+06	625	1.28723e+06	0	
1081	0.061712	6.2702e-05	0.0616493	0	2.76464e+06	2809	2.76183e+06	0	
1082	0.0140421	3.21434e-06	0.0140389	0	629077	144	628933	0	
1083	0.0114882	3.21434e-06	0.0114849	0	514661	144	514517	0	
1084	0.214625	0.00102225	0.213603	0	9.61503e+06	45796	9.56924e+06	0	
1085	0.0387841	2.43084e-05	0.0387598	0	1.73749e+06	1089	1.73641e+06	0	
1086	0.0252707	9.84393e-06	0.0252609	0	1.1321e+06	441	1.13166e+06	0	
1087	0.025239	1.50895e-05	0.0252239	0	1.13068e+06	676	1.13001e+06	0	
1088	0.0164151	6.45101e-06	0.0164086	0	735384	289	735095	0	
1089	0.0127248	2.70094e-06	0.0127221	0	570063	121	569942	0	
1090	0.0663056	0.000100202	0.0662054	0	2.97043e+06	4489	2.96594e+06	0	
1091	0.0226053	1.18082e-05	0.0225935	0	1.0127e+06	529	1.01217e+06	0	
1092	0.0105753	2.70094e-06	0.0105726	0	473765	121	473644	0	
1093	0.0191605	8.92873e-06	0.0191516	0	858377	400	857977	0	
1094	0.0340495	1.87726e-05	0.0340307	0	1.52539e+06	841	1.52454e+06	0	
1095	0.0156251	4.37508e-06	0.0156207	0	699993	196	699797	0	
1096	0.545224	0.00712563	0.538098	0	2.44255e+07	319222	2.41063e+07	0	
1097	0.0179929	7.23227e-06	0.0179856	0	806067	324	805743	0	
1098	0.0105526	2.70094e-06	0.0105499	0	472751	121	472630	0	
1099	0.0236562	8.92873e-06	0.0236473	0	1.05978e+06	400	1.05938e+06	0	
1100	0.0110517	2.70094e-06	0.011049	0	495107	121	494986	0	
1101	0.0145765	4.37508e-06	0.0145721	0	653016	196	652820	0	
1102	0.0439906	4.52017e-05	0.0439454	0	1.97074e+06	2025	1.96871e+06	0	
1103	0.0130183	3.77239e-06	0.0130146	0	583212	169	583043	0	
1104	0.0403364	3.7523e-05	0.0402988	0	1.80703e+06	1681	1.80535e+06	0	
1105	0.0130717	2.70094e-06	0.013069	0	585604	121	585483	0	
1106	0.0187422	5.71439e-06	0.0187365	0	839636	256	839380	0	
1107	0.0590554	7.00013e-05	0.0589854	0	2.64563e+06	3136	2.64249e+06	0	
1108	0.0139455	3.77239e-06	0.0139417	0	624748	169	624579	0	
1109	0.0526359	4.3215e-05	0.0525927	0	2.35804e+06	1936	2.35611e+06	0	
1110	0.0450838	3.22327e-05	0.0450515	0	2.01971e+06	1444	2.01827e+06	0	
1111	0.0206986	7.23227e-06	0.0206913	0	927281	324	926957	0	
1112	0.0256427	1.28573e-05	0.0256299	0	1.14877e+06	576	1.14819e+06	0	
1113	0.0147862	4.37508e-06	0.0147818	0	662409	196	662213	0	
1114	0.0197758	8.05818e-06	0.0197677	0	885939	361	885578	0	
1115	0.0294442	1.39511e-05	0.0294303	0	1.31907e+06	625	1.31845e+06	0	
1116	0.0167001	4.37508e-06	0.0166957	0	748152	196	747956	0	
1117	0.0359415	2.73442e-05	0.0359142	0	1.61015e+06	1225	1.60892e+06	0	
1118	0.0228385	8.92873e-06	0.0228296	0	1.02314e+06	400	1.02274e+06	0	
1119	0.0296938	1.39511e-05	0.0296798	0	1.33025e+06	625	1.32963e+06	0	
1120	0.0164816	4.37508e-06	0.0164772	0	738362	196	738166	0	
1121	0.0217238	8.05818e-06	0.0217157	0	973210	361	972849	0	
1122	0.0113992	2.70094e-06	0.0113965	0	510676	121	510555	0	
1123	0.0167098	5.71439e-06	0.0167041	0	748588	256	748332	0	
1124	0.0427067	4.52017e-05	0.0426615	0	1.91322e+06	2025	1.91119e+06	0	
1125	0.205983	0.00105111	0.204932	0	9.22788e+06	47089	9.18079e+06	0	
1126	0.0164619	5.02241e-06	0.0164569	0	737482	225	737257	0	
1127	0.0170797	7.23227e-06	0.0170724	0	765157	324	764833	0	
1128	0.0118542	3.77239e-06	0.0118504	0	531061	169	530892	0	
1129	0.033931	2.28575e-05	0.0339082	0	1.52008e+06	1024	1.51906e+06	0	
1130	0.0236955	8.92873e-06	0.0236866	0	1.06154e+06	400	1.06114e+06	0	
1131	0.0193038	7.23227e-06	0.0192966	0	864795	324	864471	0	
1132	0.029	1.39511e-05	0.028986	0	1.29917e+06	625	1.29855e+06	0	
1133	0.0300766	1.50895e-05	0.0300615	0	1.3474e+06	676	1.34673e+06	0	
1134	0.0316498	1.62726e-05	0.0316335	0	1.41788e+06	729	1.41715e+06	0	
1135	0.0104752	2.70094e-06	0.0104725	0	469282	121	469161	0	
1136	0.434297	0.003139	0.431158	0	1.94561e+07	140625	1.93155e+07	0	
1137	0.022567	1.28573e-05	0.0225541	0	1.01098e+06	576	1.0104e+06	0	
1138	0.0251352	1.18082e-05	0.0251234	0	1.12603e+06	529	1.1255e+06	0	
1139	0.017821	8.05818e-06	0.0178129	0	798366	361	798005	0	
1140	0.0650963	8.30595e-05	0.0650132	0	2.91626e+06	3721	2.91254e+06	0	
1141	0.0404993	4.1273e-05	0.040458	0	1.81433e+06	1849	1.81248e+06	0	
1142	0.0168491	7.23227e-06	0.0168418	0	754826	324	754502	0	
1143	0.0425844	2.89291e-05	0.0425555	0	1.90774e+06	1296	1.90645e+06	0	
1144	0.0128451	3.21434e-06	0.0128419	0	575451	144	575307	0	
1145	0.0131934	3.21434e-06	0.0131902	0	591056	144	590912	0	
1146	0.0107568	2.70094e-06	0.0107541	0	481898	121	481777	0	
1147	0.0163957	4.37508e-06	0.0163913	0	734516	196	734320	0	
1148	3.91914	0.236209	3.68293	0	1.75574e+08	1.0582e+07	1.64992e+08	0	
1149	0.0443716	3.22327e-05	0.0443394	0	1.98781e+06	1444	1.98637e+06	0	
1150	0.0156308	4.37508e-06	0.0156264	0	700249	196	700053	0	
1151	0.0792245	0.000103216	0.0791213	0	3.54919e+06	4624	3.54457e+06	0	
1152	0.0131449	4.37508e-06	0.0131405	0	588882	196	588686	0	
1153	0.0254941	1.18082e-05	0.0254823	0	1.14211e+06	529	1.14158e+06	0	
1154	0.031174	1.62726e-05	0.0311578	0	1.39657e+06	729	1.39584e+06	0	
1155	0.00960694	2.70094e-06	0.00960424	0	430383	121	430262	0	
1156	0.0125996	3.77239e-06	0.0125958	0	564453	169	564284	0	
1157	0.0111617	2.70094e-06	0.011159	0	500036	121	499915	0	
1158	0.0167039	7.23227e-06	0.0166966	0	748321	324	747997	0	
1159	0.011828	3.77239e-06	0.0118242	0	529886	169	529717	0	
1160	0.0546068	7.50906e-05	0.0545317	0	2.44634e+06	3364	2.44297e+06	0	
1161	0.0225344	9.84393e-06	0.0225245	0	1.00952e+06	441	1.00908e+06	0	
1162	0.0120519	2.70094e-06	0.0120492	0	539918	121	539797	0	
1163	0.00962751	2.70094e-06	0.00962481	0	431304	121	431183	0	
1164	0.0142946	3.77239e-06	0.0142908	0	640388	169	640219	0	
1165	0.0636032	0.000103216	0.0635	0	2.84937e+06	4624	2.84475e+06	0	
1166	0.018545	5.71439e-06	0.0185393	0	830801	256	830545	0	
1167	0.0138984	3.77239e-06	0.0138946	0	622637	169	622468	0	
1168	0.0465494	3.57149e-05	0.0465137	0	2.08537e+06	1600	2.08377e+06	0	
1169	0.0164889	5.02241e-06	0.0164839	0	738690	225	738465	0	
1170	0.0208674	8.05818e-06	0.0208594	0	934845	361	934484	0	
1171	0.0118438	3.77239e-06	0.0118401	0	530596	169	530427	0	
1172	0.0526831	7.25236e-05	0.0526106	0	2.36016e+06	3249	2.35691e+06	0	
1173	0.0562716	6.75235e-05	0.0562041	0	2.52092e+06	3025	2.51789e+06	0	
1174	0.0238532	1.08037e-05	0.0238424	0	1.0686e+06	484	1.06812e+06	0	
1175	0.0254814	1.18082e-05	0.0254696	0	1.14154e+06	529	1.14101e+06	0	
1176	0.0683862	7.77023e-05	0.0683085	0	3.06364e+06	3481	3.06016e+06	0	
1177	0.0120451	3.21434e-06	0.0120419	0	539613	144	539469	0	
1178	0.0118385	2.70094e-06	0.0118358	0	530358	121	530237	0	
1179	0.0646391	8.58051e-05	0.0645533	0	2.89577e+06	3844	2.89193e+06	0	
1180	0.0164679	5.02241e-06	0.0164628	0	737749	225	737524	0	
1181	0.0149138	4.37508e-06	0.0149094	0	668129	196	667933	0	
1182	0.0559699	5.80591e-05	0.0559118	0	2.5074e+06	2601	2.5048e+06	0	
1183	0.0332998	2.14512e-05	0.0332783	0	1.4918e+06	961	1.49084e+06	0	
1184	0.0219168	8.92873e-06	0.0219079	0	981857	400	981457	0	
1185	0.0140524	3.77239e-06	0.0140486	0	629538	169	629369	0	
1186	0.0959252	0.000180806	0.0957444	0	4.29737e+06	8100	4.28927e+06	0	
1187	0.0147466	3.77239e-06	0.0147428	0	660637	169	660468	0	
1188	0.0127071	2.70094e-06	0.0127043	0	569267	121	569146	0	
1189	0.00990315	2.70094e-06	0.00990045	0	443652	121	443531	0	
1190	0.0211677	8.92873e-06	0.0211588	0	948298	400	947898	0	
1191	0.100442	0.00017286	0.10027	0	4.49976e+06	7744	4.49201e+06	0	
1192	0.0129827	3.21434e-06	0.0129795	0	581615	144	581471	0	
1193	0.0217632	8.92873e-06	0.0217543	0	974975	400	974575	0	
1194	0.029583	1.62726e-05	0.0295667	0	1.32529e+06	729	1.32456e+06	0	
1195	0.013013	3.21434e-06	0.0130098	0	582973	144	582829	0	
1196	0.0278978	1.39511e-05	0.0278839	0	1.2498e+06	625	1.24917e+06	0	
1197	0.0409442	3.05586e-05	0.0409137	0	1.83426e+06	1369	1.8329e+06	0	
1198	0.110738	0.000232236	0.110506	0	4.961e+06	10404	4.95059e+06	0	
1199	0.0157425	4.37508e-06	0.0157381	0	705253	196	705057	0	
1200	0.0197373	7.23227e-06	0.0197301	0	884216	324	883892	0	
1201	0.0115742	2.70094e-06	0.0115715	0	518517	121	518396	0	
1202	0.0299957	1.75003e-05	0.0299782	0	1.34378e+06	784	1.343e+06	0	
1203	0.0161425	5.02241e-06	0.0161375	0	723173	225	722948	0	
1204	0.0120559	2.70094e-06	0.0120532	0	540094	121	539973	0	
1205	0.0272401	1.28573e-05	0.0272273	0	1.22033e+06	576	1.21976e+06	0	
1206	0.0609535	6.75235e-05	0.060886	0	2.73066e+06	3025	2.72764e+06	0	
1207	0.0158366	4.37508e-06	0.0158322	0	709466	196	709270	0	
1208	0.0131736	3.21434e-06	0.0131704	0	590167	144	590023	0	
1209	0.01585	4.37508e-06	0.0158457	0	710070	196	709874	0	
1210	0.0159643	4.37508e-06	0.0159599	0	715188	196	714992	0	
1211	0.0159943	5.02241e-06	0.0159893	0	716533	225	716308	0	
1212	0.019788	7.23227e-06	0.0197807	0	886485	324	886161	0	
1213	0.0181844	5.71439e-06	0.0181787	0	814649	256	814393	0	
1214	0.00874537	4.37508e-06	0.008741	0	391785	196	391589	0	
1215	0.0565486	6.2702e-05	0.0564859	0	2.53333e+06	2809	2.53052e+06	0	
1216	0.0124905	2.70094e-06	0.0124878	0	559567	121	559446	0	
1217	0.0116861	2.70094e-06	0.0116834	0	523528	121	523407	0	
1218	0.0149869	4.37508e-06	0.0149825	0	671402	196	671206	0	
1219	0.0149193	4.37508e-06	0.0149149	0	668374	196	668178	0	
1220	0.0266322	1.39511e-05	0.0266182	0	1.1931e+06	625	1.19247e+06	0	
1221	0.134839	0.000360029	0.134479	0	6.04069e+06	16129	6.02456e+06	0	
1222	0.0122825	2.70094e-06	0.0122798	0	550249	121	550128	0	
1223	0.0187333	6.45101e-06	0.0187268	0	839237	289	838948	0	
1224	0.0150901	4.37508e-06	0.0150858	0	676027	196	675831	0	
1225	0.0354151	2.73442e-05	0.0353877	0	1.58656e+06	1225	1.58534e+06	0	
1226	0.0254189	1.28573e-05	0.0254061	0	1.13874e+06	576	1.13817e+06	0	
1227	0.0157895	4.37508e-06	0.0157851	0	707357	196	707161	0	
1228	0.0338212	2.00896e-05	0.0338012	0	1.51516e+06	900	1.51426e+06	0	
1229	0.0200036	8.05818e-06	0.0199956	0	896147	361	895786	0	
1230	0.0145386	3.77239e-06	0.0145349	0	651320	169	651151	0	
1231	0.0184934	6.45101e-06	0.018487	0	828492	289	828203	0	
1232	0.0206125	8.05818e-06	0.0206045	0	923425	361	923064	0	
1233	0.0977815	0.000321434	0.0974601	0	4.38053e+06	14400	4.36613e+06	0	
1234	0.0148057	7.23227e-06	0.0147985	0	663284	324	662960	0	
1235	0.00995966	3.21434e-06	0.00995645	0	446184	144	446040	0	
1236	0.0107389	3.77239e-06	0.0107351	0	481093	169	480924	0	
1237	0.0107011	3.77239e-06	0.0106973	0	479401	169	479232	0	
1238	0.0136381	6.45101e-06	0.0136316	0	610976	289	610687	0	
1239	0.0112986	4.37508e-06	0.0112942	0	506169	196	505973	0	
1240	0.0106887	3.77239e-06	0.0106849	0	478846	169	478677	0	
1241	0.00974281	3.21434e-06	0.0097396	0	436469	144	436325	0	
1242	0.0245396	2.00896e-05	0.0245195	0	1.09935e+06	900	1.09845e+06	0	
1243	0.0155489	8.05818e-06	0.0155409	0	696580	361	696219	0	
1244	0.293503	0.00297382	0.290529	0	1.31486e+07	133225	1.30154e+07	0	
1245	0.0255855	2.28575e-05	0.0255627	0	1.14621e+06	1024	1.14518e+06	0	
1246	0.0397107	5.35947e-05	0.0396571	0	1.779e+06	2401	1.7766e+06	0	
1247	0.00877619	2.70094e-06	0.00877349	0	393166	121	393045	0	
1248	0.0265611	2.43084e-05	0.0265368	0	1.18991e+06	1089	1.18882e+06	0	
1249	0.022359	1.75003e-05	0.0223415	0	1.00166e+06	784	1.00088e+06	0	
1250	0.0168255	9.84393e-06	0.0168157	0	753771	441	753330	0	
1251	0.0294174	3.05586e-05	0.0293869	0	1.31787e+06	1369	1.31651e+06	0	
1252	0.0111105	4.37508e-06	0.0111062	0	497744	196	497548	0	
1253	0.0126575	5.71439e-06	0.0126518	0	567048	256	566792	0	
1254	0.0149695	8.05818e-06	0.0149615	0	670624	361	670263	0	
1255	0.0110486	4.37508e-06	0.0110443	0	494971	196	494775	0	
1256	0.0448306	4.3215e-05	0.0447874	0	2.00837e+06	1936	2.00644e+06	0	
1257	0.0101831	3.77239e-06	0.0101793	0	456194	169	456025	0	
1258	0.0644269	0.000142859	0.064284	0	2.88627e+06	6400	2.87987e+06	0	
1259	0.0087303	2.70094e-06	0.0087276	0	391110	121	390989	0	
1260	0.0860193	0.000210026	0.0858093	0	3.85359e+06	9409	3.84418e+06	0	
1261	0.0155909	7.23227e-06	0.0155836	0	698460	324	698136	0	
1262	0.00939884	3.21434e-06	0.00939563	0	421060	144	420916	0	
1263	0.0290102	2.73442e-05	0.0289828	0	1.29963e+06	1225	1.2984e+06	0	
1264	0.0129226	3.21434e-06	0.0129194	0	578925	144	578781	0	
1265	0.0122613	5.02241e-06	0.0122563	0	549297	225	549072	0	
1266	0.0102917	3.21434e-06	0.0102884	0	461060	144	460916	0	
1267	0.021659	1.39511e-05	0.0216451	0	970309	625	969684	0	
1268	0.0093905	2.70094e-06	0.0093878	0	420687	121	420566	0	
1269	0.0151181	5.02241e-06	0.0151131	0	677281	225	677056	0	
1270	0.0234107	1.75003e-05	0.0233932	0	1.04878e+06	784	1.04799e+06	0	
1271	0.0301186	2.5804e-05	0.0300928	0	1.34928e+06	1156	1.34813e+06	0	
1272	0.054297	9.72339e-05	0.0541998	0	2.43246e+06	4356	2.4281e+06	0	
1273	0.0402109	4.52017e-05	0.0401657	0	1.80141e+06	2025	1.79939e+06	0	
1274	0.0831709	0.000210026	0.0829609	0	3.72598e+06	9409	3.71658e+06	0	
1275	0.0105063	3.21434e-06	0.0105031	0	470677	144	470533	0	
1276	0.0570248	0.000109377	0.0569154	0	2.55466e+06	4900	2.54976e+06	0	
1277	0.0172026	1.18082e-05	0.0171908	0	770664	529	770135	0	
1278	0.0124083	4.37508e-06	0.0124039	0	555882	196	555686	0	
1279	0.0124498	5.02241e-06	0.0124448	0	557743	225	557518	0	
1280	0.0226669	1.62726e-05	0.0226507	0	1.01546e+06	729	1.01473e+06	0	
1281	0.0839407	0.000227705	0.083713	0	3.76047e+06	10201	3.75027e+06	0	
1282	0.00971934	2.70094e-06	0.00971663	0	435418	121	435297	0	
1283	0.0712734	0.000180798	0.0710926	0	3.19299e+06	8099.62	3.18489e+06	0	
1284	0.0186238	8.92873e-06	0.0186148	0	834331	400	833931	0	
1285	0.00957574	2.70094e-06	0.00957304	0	428985	121	428864	0	
1286	0.0116963	4.37508e-06	0.0116919	0	523986	196	523790	0	
1287	0.0818954	0.000176811	0.0817186	0	3.66884e+06	7921	3.66092e+06	0	
1288	0.0109826	3.77239e-06	0.0109788	0	492011	169	491842	0	
1289	0.0101652	2.70094e-06	0.0101625	0	455392	121	455271	0	
1290	0.193359	0.00100323	0.192356	0	8.66234e+06	44944	8.6174e+06	0	
1291	0.0509567	6.50904e-05	0.0508916	0	2.28281e+06	2916	2.2799e+06	0	
1292	0.0415187	4.52017e-05	0.0414735	0	1.86e+06	2025	1.85798e+06	0	
1293	0.0149804	6.45101e-06	0.0149739	0	671111	289	670822	0	
1294	0.029746	3.05576e-05	0.0297154	0	1.33259e+06	1368.95	1.33122e+06	0	
1295	0.0309593	3.57149e-05	0.0309236	0	1.38695e+06	1600	1.38535e+06	0	
1296	0.0153494	6.45101e-06	0.015343	0	687643	289	687354	0	
1297	0.00214647	3.21434e-06	0.00214325	0	96160.1	144	96016.1	0	
1298	0.0113127	3.77239e-06	0.0113089	0	506802	169	506633	0	
1299	0.0266325	1.75003e-05	0.026615	0	1.19311e+06	784	1.19233e+06	0	
1300	0.0113221	3.77239e-06	0.0113184	0	507224	169	507055	0	
1301	0.0182064	9.84393e-06	0.0181965	0	815633	441	815192	0	
1302	0.0122886	3.77239e-06	0.0122849	0	550522	169	550353	0	
1303	0.0224269	1.62726e-05	0.0224107	0	1.00471e+06	729	1.00398e+06	0	
1304	0.0124015	5.02241e-06	0.0123965	0	555578	225	555353	0	
1305	0.0105311	3.21434e-06	0.0105279	0	471788	144	471644	0	
1306	0.010149	3.21434e-06	0.0101458	0	454670	144	454526	0	
1307	0.00978127	3.21434e-06	0.00977806	0	438192	144	438048	0	
1308	0.155498	0.000578604	0.15492	0	6.96621e+06	25921	6.94029e+06	0	
1309	0.0142322	7.23227e-06	0.0142249	0	637591	324	637267	0	
1310	0.0567036	9.72339e-05	0.0566064	0	2.54027e+06	4356	2.53592e+06	0	
1311	0.0138619	5.02241e-06	0.0138569	0	621003	225	620778	0	
1312	0.0135988	8.05818e-06	0.0135908	0	609219	361	608858	0	
1313	0.0569595	8.03586e-05	0.0568792	0	2.55174e+06	3600	2.54814e+06	0	
1314	0.0101766	2.70094e-06	0.0101739	0	455905	121	455784	0	
1315	0.0162214	6.45101e-06	0.016215	0	726707	289	726418	0	
1316	0.0204021	1.18082e-05	0.0203903	0	913999	529	913470	0	
1317	0.0199403	9.84393e-06	0.0199305	0	893313	441	892872	0	
1318	0.0747699	0.00012893	0.074641	0	3.34963e+06	5776	3.34385e+06	0	
1319	0.00227793	3.77239e-06	0.00227415	0	102049	169	101880	0	
1320	0.0155343	5.71439e-06	0.0155285	0	695924	256	695668	0	
1321	0.014913	5.71439e-06	0.0149073	0	668091	256	667835	0	
1322	0.0126483	4.37508e-06	0.0126439	0	566634	196	566438	0	
1323	1.25353	0.0304519	1.22308	0	5.61572e+07	1.36422e+06	5.4793e+07	0	
1324	0.00995677	2.70094e-06	0.00995407	0	446055	121	445934	0	
1325	0.0108303	3.77239e-06	0.0108265	0	485190	169	485021	0	
1326	0.0553298	9.72339e-05	0.0552325	0	2.47872e+06	4356	2.47437e+06	0	
1327	0.0229739	1.18082e-05	0.0229621	0	1.02921e+06	529	1.02868e+06	0	
1328	0.0121248	4.37508e-06	0.0121205	0	543185	196	542989	0	
1329	0.018728	9.84393e-06	0.0187182	0	839002	441	838561	0	
1330	0.0273713	1.87726e-05	0.0273525	0	1.22621e+06	841	1.22537e+06	0	
1331	1.32126	0.0459012	1.27536	0	5.91916e+07	2.05633e+06	5.71353e+07	0	
1332	0.0170416	8.92873e-06	0.0170326	0	763450	400	763050	0	
1333	0.0297406	3.05586e-05	0.02971	0	1.33235e+06	1369	1.33098e+06	0	
1334	0.0249209	1.39511e-05	0.024907	0	1.11643e+06	625	1.11581e+06	0	
1335	0.0109056	2.70094e-06	0.0109029	0	488565	121	488444	0	
1336	0.0112316	5.71439e-06	0.0112258	0	503166	256	502910	0	
1337	0.0155531	7.23227e-06	0.0155458	0	696766	324	696442	0	
1338	0.0164218	6.45101e-06	0.0164154	0	735685	289	735396	0	
1339	0.00876135	2.70094e-06	0.00875865	0	392501	121	392380	0	
1340	0.0873435	0.000146453	0.0871971	0	3.91291e+06	6561	3.90635e+06	0	
1341	0.0178773	1.08037e-05	0.0178665	0	800891	484	800407	0	
1342	0.0152338	8.92873e-06	0.0152249	0	682465	400	682065	0	
1343	0.0667082	0.000168954	0.0665393	0	2.98847e+06	7569	2.9809e+06	0	
1344	0.0152946	1.18082e-05	0.0152828	0	685187	529	684658	0	
1345	0.0264646	1.50895e-05	0.0264495	0	1.18559e+06	676	1.18491e+06	0	
1346	0.0134497	6.45101e-06	0.0134433	0	602538	289	602249	0	
1347	0.0166912	6.45101e-06	0.0166848	0	747756	289	747467	0	
1348	0.0625912	8.30595e-05	0.0625082	0	2.80403e+06	3721	2.80031e+06	0	
1349	0.0077529	2.70094e-06	0.0077502	0	347323	121	347202	0	
1350	0.0127466	3.21434e-06	0.0127433	0	571037	144	570893	0	
1351	0.0157624	5.71439e-06	0.0157567	0	706146	256	705890	0	
1352	0.00432172	5.02241e-06	0.0043167	0	193609	225	193384	0	
1353	0.0195039	1.08037e-05	0.0194931	0	873761	484	873277	0	
1354	0.00977665	3.77239e-06	0.00977288	0	437986	169	437817	0	
1355	0.025367	1.50895e-05	0.0253519	0	1.13642e+06	676	1.13574e+06	0	
1356	0.0298051	3.57149e-05	0.0297694	0	1.33524e+06	1600	1.33364e+06	0	
1357	0.0180708	7.23227e-06	0.0180635	0	809557	324	809233	0	
1358	0.00903843	4.37508e-06	0.00903405	0	404914	196	404718	0	
1359	0.0119221	2.70094e-06	0.0119194	0	534104	121	533983	0	
1360	0.0134158	9.84393e-06	0.013406	0	601019	441	600578	0	
1361	0.014223	3.77239e-06	0.0142192	0	637179	169	637010	0	
1362	0.0112668	3.21434e-06	0.0112636	0	504747	144	504603	0	
1363	0.0358174	3.39515e-05	0.0357835	0	1.60459e+06	1521	1.60307e+06	0	
1364	0.012136	2.70094e-06	0.0121333	0	543686	121	543565	0	
1365	0.0161116	8.05818e-06	0.0161035	0	721787	361	721426	0	
1366	0.0172239	1.08037e-05	0.0172131	0	771619	484	771135	0	
1367	0.0148208	8.05818e-06	0.0148127	0	663960	361	663599	0	
1368	0.0627856	7.25236e-05	0.062713	0	2.81274e+06	3249	2.80949e+06	0	
1369	0.0386952	5.35947e-05	0.0386416	0	1.73351e+06	2401	1.73111e+06	0	
1370	0.0434483	3.39515e-05	0.0434144	0	1.94645e+06	1521	1.94492e+06	0	
1371	0.00397396	8.05818e-06	0.00396591	0	178030	361	177669	0	
1372	0.00861207	2.70094e-06	0.00860937	0	385813	121	385692	0	
1373	0.0126228	8.92873e-06	0.0126139	0	565495	400	565095	0	
1374	0.205027	0.00131808	0.203709	0	9.18507e+06	59049	9.12603e+06	0	
1375	0.00715897	1.18082e-05	0.00714717	0	320716	529	320187	0	
1376	0.01202	2.70094e-06	0.0120173	0	538486	121	538365	0	
1377	0.0150854	4.37508e-06	0.015081	0	675816	196	675620	0	
1378	0.0111703	4.37508e-06	0.0111659	0	500421	196	500225	0	
1379	0.418291	0.00317258	0.415119	0	1.87391e+07	142129	1.85969e+07	0	
1380	0.0473661	4.3215e-05	0.0473229	0	2.12196e+06	1936	2.12002e+06	0	
1381	0.120139	0.000462865	0.119676	0	5.38212e+06	20736	5.36139e+06	0	
1382	0.0333205	2.00896e-05	0.0333005	0	1.49273e+06	900	1.49183e+06	0	
1383	0.0120783	3.21434e-06	0.0120751	0	541099	144	540955	0	
1384	0.0128008	5.71439e-06	0.0127951	0	573469	256	573213	0	
1385	0.0265608	0.000146453	0.0264144	0	1.1899e+06	6561	1.18334e+06	0	
1386	0.0270161	2.43084e-05	0.0269918	0	1.21029e+06	1089	1.20921e+06	0	
1387	0.055103	5.35947e-05	0.0550494	0	2.46857e+06	2401	2.46616e+06	0	
1388	0.00987422	3.21434e-06	0.00987101	0	442357	144	442213	0	
1389	0.00951414	3.21434e-06	0.00951093	0	426225	144	426081	0	
1390	0.0096791	3.21434e-06	0.00967589	0	433615	144	433471	0	
1391	0.0134486	6.45101e-06	0.0134421	0	602488	289	602199	0	
1392	0.137583	0.000571439	0.137012	0	6.16363e+06	25600	6.13803e+06	0	
1393	0.0385359	3.05586e-05	0.0385053	0	1.72637e+06	1369	1.725e+06	0	
1394	0.0242322	3.57149e-05	0.0241965	0	1.08558e+06	1600	1.08398e+06	0	
1395	0.0188032	1.18082e-05	0.0187914	0	842371	529	841842	0	
1396	0.0203867	7.23227e-06	0.0203795	0	913310	324	912986	0	
1397	0.0151761	4.7233e-05	0.0151289	0	679879	2116	677763	0	
1398	0.00680659	9.84393e-06	0.00679674	0	304929	441	304488	0	
1399	0.447644	0.0044601	0.443184	0	2.0054e+07	199809	1.98542e+07	0	
1400	0.0869541	0.00012893	0.0868251	0	3.89547e+06	5776	3.88969e+06	0	
1401	0.018952	1.08037e-05	0.0189412	0	849034	484	848550	0	
1402	0.0113036	3.77239e-06	0.0112998	0	506393	169	506224	0	
1403	0.0148074	3.77239e-06	0.0148037	0	663363	169	663194	0	
1404	0.0105625	3.21434e-06	0.0105593	0	473195	144	473051	0	
1405	0.0306558	2.73442e-05	0.0306284	0	1.37335e+06	1225	1.37213e+06	0	
1406	0.0153799	4.7233e-05	0.0153326	0	689007	2116	686891	0	
1407	0.0239308	1.62726e-05	0.0239145	0	1.07208e+06	729	1.07135e+06	0	
