Node	dPC	dPCintra	dPCflux	dPCconnector	varPC	varPCintra	varPCflux	varPCconnector	
1	0.0135339	3.3974e-06	0.0135306	4.75523e-08	1.29069e+06	324	1.29037e+06	4.53492	
2	0.0436417	3.65011e-05	0.0436052	4.80338e-08	4.16197e+06	3481	4.15849e+06	4.58083	
3	0.0120511	2.68436e-06	0.0120484	4.77613e-08	1.14928e+06	256	1.14902e+06	4.55485	
4	0.109407	0.000211436	0.109195	4.65751e-08	1.04338e+07	20164	1.04136e+07	4.44172	
5	0.0356777	2.21879e-05	0.0356555	4.75345e-08	3.40247e+06	2116	3.40036e+06	4.53322	
6	0.0190826	6.55363e-06	0.0190761	4.778e-08	1.81985e+06	625	1.81922e+06	4.55663	
7	0.032867	2.12337e-05	0.0328457	4.76431e-08	3.13442e+06	2025	3.13239e+06	4.54358	
8	0.0550386	5.43584e-05	0.0549842	4.74954e-08	5.24886e+06	5184	5.24367e+06	4.52948	
9	0.0686933	8.30581e-05	0.0686102	4.61689e-08	6.55107e+06	7921	6.54315e+06	4.40298	
10	0.0218437	8.81857e-06	0.0218349	4.76022e-08	2.08317e+06	841	2.08233e+06	4.53967	
11	0.0188794	6.55363e-06	0.0188729	4.78703e-08	1.80047e+06	625	1.79985e+06	4.56524	
12	0.0139659	3.3974e-06	0.0139625	4.76949e-08	1.33188e+06	324	1.33156e+06	4.54851	
13	0.0215438	8.22088e-06	0.0215356	4.74866e-08	2.05457e+06	784	2.05378e+06	4.52865	
14	0.0885218	0.000148489	0.0883733	4.62462e-08	8.44205e+06	14161	8.42788e+06	4.41036	
15	0.0130581	3.0304e-06	0.0130551	4.78038e-08	1.24531e+06	289	1.24502e+06	4.5589	
16	0.0112667	2.3593e-06	0.0112643	4.78046e-08	1.07447e+06	225	1.07424e+06	4.55898	
17	0.0176553	5.54699e-06	0.0176497	4.77374e-08	1.68373e+06	529	1.6832e+06	4.55257	
18	0.0367905	2.41593e-05	0.0367663	4.78307e-08	3.5086e+06	2304	3.50629e+06	4.56146	
19	0.0121799	3.3974e-06	0.0121765	4.76023e-08	1.16156e+06	324	1.16124e+06	4.53968	
20	0.0123635	3.3974e-06	0.0123601	4.76141e-08	1.17907e+06	324	1.17875e+06	4.54081	
21	0.00762393	6.03983e-06	0.00761789	4.77365e-08	727071	576	726495	4.55249	
22	0.0203651	7.64416e-06	0.0203575	4.80372e-08	1.94216e+06	729	1.94143e+06	4.58116	
23	0.129533	0.000378538	0.129154	4.7508e-08	1.23531e+07	36100	1.2317e+07	4.53069	
24	0.022261	8.81857e-06	0.0222522	4.77699e-08	2.12296e+06	841	2.12212e+06	4.55567	
25	0.0113227	2.3593e-06	0.0113203	4.78905e-08	1.07981e+06	225	1.07959e+06	4.56717	
26	0.0167351	5.07513e-06	0.01673	4.76073e-08	1.59597e+06	484	1.59549e+06	4.54016	
27	0.0364341	2.41593e-05	0.03641	4.80668e-08	3.47461e+06	2304	3.47231e+06	4.58398	
28	0.0282	1.4355e-05	0.0281856	4.78659e-08	2.68934e+06	1369	2.68797e+06	4.56483	
29	0.0197017	7.08841e-06	0.0196946	4.79069e-08	1.87889e+06	676	1.87821e+06	4.56873	
30	0.0211959	8.22088e-06	0.0211877	4.79333e-08	2.02139e+06	784	2.02061e+06	4.57125	
31	0.012961	3.0304e-06	0.0129579	4.76071e-08	1.23605e+06	289	1.23576e+06	4.54014	
32	0.0205645	1.07374e-05	0.0205538	4.77099e-08	1.96117e+06	1024	1.96015e+06	4.54994	
33	0.0114359	3.0304e-06	0.0114329	4.76482e-08	1.09061e+06	289	1.09032e+06	4.54406	
34	0.0296876	2.03005e-05	0.0296673	4.7046e-08	2.83121e+06	1936	2.82928e+06	4.48663	
35	0.0137306	4.19432e-06	0.0137264	4.75824e-08	1.30944e+06	400	1.30904e+06	4.53778	
36	0.0124314	3.0304e-06	0.0124283	4.77461e-08	1.18554e+06	289	1.18525e+06	4.5534	
37	0.0907805	0.000171799	0.0906087	4.65552e-08	8.65745e+06	16384	8.64107e+06	4.43983	
38	0.133307	0.000554699	0.132753	4.83708e-08	1.27131e+07	52900	1.26602e+07	4.61297	
39	0.0141892	4.62424e-06	0.0141846	4.7804e-08	1.35318e+06	441	1.35274e+06	4.55892	
40	0.0196013	9.43723e-06	0.0195918	4.7917e-08	1.86931e+06	900	1.86841e+06	4.56969	
41	0.0183818	7.64416e-06	0.0183741	4.74607e-08	1.75301e+06	729	1.75228e+06	4.52618	
42	0.0114778	3.0304e-06	0.0114747	4.77951e-08	1.0946e+06	289	1.09431e+06	4.55807	
43	0.0129604	5.07513e-06	0.0129553	4.77623e-08	1.23599e+06	484	1.23551e+06	4.55495	
44	0.0277557	1.51415e-05	0.0277406	4.75605e-08	2.64698e+06	1444	2.64553e+06	4.53569	
45	0.0125492	3.78538e-06	0.0125454	4.76424e-08	1.19677e+06	361	1.19641e+06	4.54351	
46	0.0101738	2.3593e-06	0.0101714	4.76902e-08	970248	225	970023	4.54807	
47	0.0709636	0.000148489	0.0708151	4.85762e-08	6.76758e+06	14161	6.75342e+06	4.63256	
48	0.0101875	3.0304e-06	0.0101844	4.78947e-08	971552	289	971263	4.56756	
49	0.0872083	0.000161229	0.0870471	4.78943e-08	8.31678e+06	15376	8.30141e+06	4.56753	
50	0.0277611	1.51415e-05	0.0277459	4.75015e-08	2.64749e+06	1444	2.64604e+06	4.53007	
51	0.0394797	3.77489e-05	0.0394419	4.72044e-08	3.76505e+06	3600	3.76145e+06	4.50173	
52	0.0115744	2.68436e-06	0.0115717	4.77838e-08	1.10382e+06	256	1.10356e+06	4.55699	
53	0.0193993	1.07374e-05	0.0193885	4.80737e-08	1.85005e+06	1024	1.84902e+06	4.58464	
54	0.0122887	3.0304e-06	0.0122856	4.77759e-08	1.17193e+06	289	1.17164e+06	4.55624	
55	1.09354	0.0228132	1.07072	4.28893e-08	1.04287e+08	2.17562e+06	1.02112e+08	4.09022	
56	0.00738885	5.54699e-06	0.00738331	4.77424e-08	704652	529	704123	4.55305	
57	0.0109474	3.3974e-06	0.010944	4.78144e-08	1.04402e+06	324	1.04369e+06	4.55991	
58	0.0115521	3.0304e-06	0.011549	4.77899e-08	1.10168e+06	289	1.1014e+06	4.55757	
59	0.0652412	0.000102771	0.0651384	4.77268e-08	6.22185e+06	9801	6.21205e+06	4.55156	
60	0.0117291	2.68436e-06	0.0117264	4.78362e-08	1.11857e+06	256	1.11831e+06	4.56199	
61	0.023305	1.07374e-05	0.0232942	4.76628e-08	2.22252e+06	1024	2.2215e+06	4.54545	
62	3.41761	0.211395	3.20622	5.38623e-08	3.25927e+08	2.01601e+07	3.05767e+08	5.13668	
63	0.181221	0.000644919	0.180576	4.85866e-08	1.72825e+07	61504	1.7221e+07	4.63356	
64	0.0115674	3.0304e-06	0.0115644	4.74609e-08	1.10315e+06	289	1.10286e+06	4.5262	
65	0.0144002	4.19432e-06	0.014396	4.78693e-08	1.3733e+06	400	1.3729e+06	4.56515	
66	0.0092517	2.3593e-06	0.00924934	4.7811e-08	882306	225	882081	4.55959	
67	0.366629	0.00313745	0.363491	4.56655e-08	3.49642e+07	299209	3.4665e+07	4.35498	
68	0.0305309	1.93882e-05	0.0305115	4.8055e-08	2.91164e+06	1849	2.90979e+06	4.58286	
69	0.0116282	1.35896e-05	0.0116146	4.7628e-08	1.10894e+06	1296	1.10765e+06	4.54213	
70	0.00789009	2.3593e-06	0.00788773	4.77015e-08	752453	225	752228	4.54915	
71	0.0141291	4.19432e-06	0.0141249	4.75904e-08	1.34745e+06	400	1.34705e+06	4.53855	
72	0.0170109	6.55363e-06	0.0170043	4.78477e-08	1.62227e+06	625	1.62165e+06	4.56309	
73	0.00904351	3.0304e-06	0.00904048	4.74599e-08	862451	289	862162	4.5261	
74	0.0141364	4.62424e-06	0.0141318	4.78388e-08	1.34814e+06	441	1.3477e+06	4.56224	
75	0.0114876	2.68436e-06	0.0114849	4.76226e-08	1.09553e+06	256	1.09528e+06	4.54162	
76	0.00787074	6.0566e-05	0.00781018	4.77999e-08	750608	5776	744832	4.55853	
77	0.0288174	2.03005e-05	0.0287971	4.78338e-08	2.74822e+06	1936	2.74629e+06	4.56176	
78	0.0114013	2.68436e-06	0.0113986	4.754e-08	1.0873e+06	256	1.08705e+06	4.53374	
79	0.170461	0.000644919	0.169817	4.59493e-08	1.62564e+07	61504	1.61949e+07	4.38204	
80	0.0188604	7.08841e-06	0.0188533	4.80986e-08	1.79865e+06	676	1.79798e+06	4.58702	
81	0.00383285	1.4355e-05	0.00381849	4.7728e-08	365527	1369	364158	4.55167	
82	0.0126162	3.3974e-06	0.0126128	4.76078e-08	1.20316e+06	324	1.20284e+06	4.54021	
83	0.0143482	4.19432e-06	0.014344	4.76351e-08	1.36834e+06	400	1.36794e+06	4.54281	
84	0.0045319	1.4355e-05	0.00451755	4.77292e-08	432194	1369	430825	4.55178	
85	0.0429509	3.65011e-05	0.0429144	4.73645e-08	4.09609e+06	3481	4.09261e+06	4.51701	
86	0.0120072	4.62424e-06	0.0120026	4.7793e-08	1.14509e+06	441	1.14465e+06	4.55787	
87	0.0108697	2.3593e-06	0.0108673	4.747e-08	1.03661e+06	225	1.03638e+06	4.52707	
88	0.0836234	0.000133893	0.0834895	4.82566e-08	7.9749e+06	12769	7.96213e+06	4.60209	
89	0.0112586	2.68436e-06	0.0112559	4.74298e-08	1.0737e+06	256	1.07344e+06	4.52323	
90	0.0489079	4.84864e-05	0.0488594	4.76521e-08	4.66419e+06	4624	4.65957e+06	4.54444	
91	0.0123611	3.0304e-06	0.0123581	4.77292e-08	1.17884e+06	289	1.17855e+06	4.55179	
92	0.0192177	7.64416e-06	0.0192101	4.77598e-08	1.83274e+06	729	1.83201e+06	4.55471	
93	0.0118548	3.0304e-06	0.0118518	4.77799e-08	1.13056e+06	289	1.13027e+06	4.55662	
94	0.335101	0.00246652	0.332635	4.40267e-08	3.19576e+07	235225	3.17223e+07	4.19869	
95	0.0745505	0.000150995	0.0743995	4.72826e-08	7.10965e+06	14400	7.09525e+06	4.5092	
96	0.0166435	6.55363e-06	0.0166369	4.82918e-08	1.58724e+06	625	1.58661e+06	4.60544	
97	0.0231664	1.1419e-05	0.023155	4.77634e-08	2.20931e+06	1089	2.20822e+06	4.55505	
98	0.0782736	0.00014354	0.07813	4.79402e-08	7.46471e+06	13689	7.45102e+06	4.57191	
99	0.0139146	4.19432e-06	0.0139104	4.75684e-08	1.32699e+06	400	1.32659e+06	4.53645	
100	0.0105946	2.3593e-06	0.0105922	4.77685e-08	1.01037e+06	225	1.01015e+06	4.55554	
101	0.0105746	2.3593e-06	0.0105722	4.77359e-08	1.00846e+06	225	1.00824e+06	4.55242	
102	0.0114215	2.68436e-06	0.0114188	4.78139e-08	1.08923e+06	256	1.08898e+06	4.55987	
103	0.0139336	3.78538e-06	0.0139298	4.76909e-08	1.3288e+06	361	1.32844e+06	4.54813	
104	0.0175286	6.55363e-06	0.017522	4.81248e-08	1.67165e+06	625	1.67102e+06	4.58951	
105	0.0193369	9.43723e-06	0.0193275	4.77751e-08	1.8441e+06	900	1.8432e+06	4.55616	
106	0.0567565	7.93671e-05	0.0566771	4.771e-08	5.41269e+06	7569	5.40512e+06	4.54995	
107	0.0117068	2.68436e-06	0.0117042	4.76962e-08	1.11645e+06	256	1.11619e+06	4.54864	
108	0.0192896	7.64416e-06	0.019282	4.79215e-08	1.83959e+06	729	1.83886e+06	4.57013	
109	0.674659	0.0106754	0.663984	4.03651e-08	6.43401e+07	1.01808e+06	6.3322e+07	3.84949	
110	0.0316907	2.21879e-05	0.0316685	4.81745e-08	3.02224e+06	2116	3.02013e+06	4.59425	
111	0.0324342	2.31631e-05	0.032411	4.75024e-08	3.09314e+06	2209	3.09094e+06	4.53016	
112	0.0223098	1.07374e-05	0.0222991	4.73787e-08	2.12762e+06	1024	2.12659e+06	4.51836	
113	0.0270277	1.67773e-05	0.0270109	4.73692e-08	2.57755e+06	1600	2.57595e+06	4.51746	
114	0.0138013	3.78538e-06	0.0137975	4.76373e-08	1.31619e+06	361	1.31583e+06	4.54302	
115	0.0324578	2.12337e-05	0.0324366	4.76424e-08	3.0954e+06	2025	3.09338e+06	4.54351	
116	0.288321	0.00182336	0.286498	4.87865e-08	2.74963e+07	173889	2.73224e+07	4.65261	
117	0.0908838	0.000169125	0.0907147	4.69671e-08	8.66731e+06	16129	8.65118e+06	4.47911	
118	0.0231933	1.28451e-05	0.0231805	4.74875e-08	2.21188e+06	1225	2.21065e+06	4.52874	
119	0.0191496	7.64416e-06	0.019142	4.80395e-08	1.82624e+06	729	1.82551e+06	4.58138	
120	0.0128538	3.78538e-06	0.01285	4.76895e-08	1.22583e+06	361	1.22547e+06	4.548	
121	0.0308656	1.21216e-05	0.0308535	4.75218e-08	2.94356e+06	1156	2.9424e+06	4.532	
122	0.0294985	1.84969e-05	0.02948	4.77987e-08	2.81318e+06	1764	2.81142e+06	4.55842	
123	0.0537132	6.5442e-05	0.0536478	4.79942e-08	5.12246e+06	6241	5.11622e+06	4.57706	
124	0.0452296	4.56762e-05	0.0451839	4.88575e-08	4.31341e+06	4356	4.30905e+06	4.65938	
125	0.0110441	2.68436e-06	0.0110414	4.77625e-08	1.05324e+06	256	1.05298e+06	4.55496	
126	0.0242489	1.28451e-05	0.024236	4.77155e-08	2.31254e+06	1225	2.31131e+06	4.55048	
127	0.98149	0.048606	0.932884	6.14869e-08	9.36016e+07	4.6354e+06	8.89662e+07	5.86382	
128	0.00985355	5.07513e-06	0.00984848	4.76427e-08	939703	484	939219	4.54354	
129	0.0326312	6.21704e-05	0.0325691	4.74706e-08	3.11194e+06	5929	3.10601e+06	4.52713	
130	0.0771261	0.00033974	0.0767863	4.747e-08	7.35527e+06	32400	7.32287e+06	4.52707	
131	0.0174591	1.76266e-05	0.0174415	4.78452e-08	1.66502e+06	1681	1.66334e+06	4.56285	
132	0.0322657	2.51764e-05	0.0322405	4.79056e-08	3.07708e+06	2401	3.07467e+06	4.56861	
133	0.0190701	8.22088e-06	0.0190618	4.7719e-08	1.81865e+06	784	1.81787e+06	4.55081	
134	0.0143876	2.68436e-06	0.0143849	4.76107e-08	1.3721e+06	256	1.37184e+06	4.54048	
135	0.0283022	1.00768e-05	0.0282921	4.77984e-08	2.69909e+06	961	2.69813e+06	4.55838	
136	0.0105006	2.68436e-06	0.0104979	4.76829e-08	1.00141e+06	256	1.00115e+06	4.54737	
137	0.0315634	1.21216e-05	0.0315512	4.79154e-08	3.0101e+06	1156	3.00894e+06	4.56954	
138	0.0244309	1.35896e-05	0.0244173	4.77857e-08	2.3299e+06	1296	2.3286e+06	4.55717	
139	0.0166678	3.0304e-06	0.0166647	4.77056e-08	1.58955e+06	289	1.58926e+06	4.54953	
140	0.0156871	2.68436e-06	0.0156844	4.77332e-08	1.49603e+06	256	1.49578e+06	4.55217	
141	0.0163057	3.0304e-06	0.0163027	4.77331e-08	1.55503e+06	289	1.55474e+06	4.55215	
142	0.0147686	2.3593e-06	0.0147663	4.75392e-08	1.40844e+06	225	1.40821e+06	4.53367	
143	0.0583627	2.83536e-05	0.0583343	7.829e-08	5.56587e+06	2704	5.56316e+06	7.46628	
144	0.0607757	3.05766e-05	0.0607426	2.65904e-06	5.79599e+06	2916	5.79283e+06	253.585	
145	0.0330904	8.81857e-06	0.0330816	4.80193e-08	3.15573e+06	841	3.15489e+06	4.57945	
146	0.0629611	3.17196e-05	0.0629294	4.74008e-08	6.0044e+06	3025	6.00138e+06	4.52046	
147	0.0200472	1.1419e-05	0.0200358	4.75065e-08	1.91184e+06	1089	1.91075e+06	4.53055	
148	0.0284038	6.55363e-06	0.0282588	0.000138477	2.70878e+06	625	2.69496e+06	13206.1	
149	0.0318487	1.07374e-05	0.0318379	4.81326e-08	3.03731e+06	1024	3.03629e+06	4.59026	
150	0.0182943	2.68436e-06	0.0182917	4.7619e-08	1.74468e+06	256	1.74442e+06	4.54128	
151	0.0737307	4.29499e-05	0.0736878	5.24025e-08	7.03147e+06	4096	7.02738e+06	4.99746	
152	0.12257	0.000117818	0.122452	1.0706e-07	1.16891e+07	11236	1.16778e+07	10.21	
153	0.0172369	2.3593e-06	0.0172341	4.99179e-07	1.64383e+06	225	1.64356e+06	47.6051	
154	0.0699272	3.90177e-05	0.0698882	4.85836e-08	6.66874e+06	3721	6.66502e+06	4.63327	
155	0.0380492	1.1419e-05	0.0380377	1.04003e-07	3.62863e+06	1089	3.62754e+06	9.91845	
156	0.0322158	8.22088e-06	0.0322055	2.14811e-06	3.07232e+06	784	3.07133e+06	204.858	
157	0.0428113	1.4355e-05	0.042797	4.78967e-08	4.08278e+06	1369	4.08141e+06	4.56776	
158	0.0174404	2.3593e-06	0.017438	9.73906e-08	1.66323e+06	225	1.663e+06	9.28784	
159	0.0331903	8.81857e-06	0.0331815	4.74008e-08	3.16526e+06	841	3.16442e+06	4.52046	
160	0.0877175	5.89827e-05	0.0876585	1.31178e-07	8.36535e+06	5625	8.35972e+06	12.5101	
161	0.0348754	1.28451e-05	0.0348623	3.18403e-07	3.32596e+06	1225	3.32471e+06	30.3651	
162	0.050674	2.21879e-05	0.0506516	2.08991e-07	4.83262e+06	2116	4.83049e+06	19.9309	
163	0.144326	0.000174494	0.14415	1.4057e-06	1.37639e+07	16641	1.37472e+07	134.057	
164	0.0265275	8.81857e-06	0.0265187	7.95349e-08	2.52985e+06	841	2.52901e+06	7.585	
165	0.0257949	7.08841e-06	0.0257878	4.75765e-08	2.45998e+06	676	2.4593e+06	4.53722	
166	0.0236021	3.78538e-06	0.0235545	4.39182e-05	2.25086e+06	361	2.24632e+06	4188.34	
167	0.131935	0.000217433	0.131717	4.90664e-08	1.25822e+07	20736	1.25615e+07	4.67931	
168	0.030437	7.64416e-06	0.0304294	4.84615e-08	2.90269e+06	729	2.90196e+06	4.62163	
169	0.0179363	2.68436e-06	0.0179336	4.75543e-08	1.71053e+06	256	1.71028e+06	4.5351	
170	0.0185485	3.78538e-06	0.0185447	4.82608e-08	1.76892e+06	361	1.76855e+06	4.60249	
171	0.0951772	7.39879e-05	0.0951032	4.80994e-08	9.07675e+06	7056	9.0697e+06	4.58709	
172	0.0176779	2.68436e-06	0.0176752	4.74784e-08	1.68588e+06	256	1.68563e+06	4.52786	
173	0.0712028	4.43025e-05	0.0711585	4.84495e-08	6.79039e+06	4225	6.78616e+06	4.62047	
174	0.115885	0.000169125	0.115716	4.69333e-08	1.10516e+07	16129	1.10355e+07	4.47588	
175	0.0188643	4.19432e-06	0.0188601	4.78509e-08	1.79903e+06	400	1.79863e+06	4.56339	
176	0.0241327	4.62424e-06	0.0241281	4.91834e-08	2.30146e+06	441	2.30102e+06	4.69047	
177	0.0150908	2.68436e-06	0.0150882	4.78534e-08	1.43917e+06	256	1.43891e+06	4.56363	
178	0.0232489	4.19432e-06	0.0232447	4.77312e-08	2.21718e+06	400	2.21678e+06	4.55198	
179	0.0406328	2.03005e-05	0.0406125	8.81498e-08	3.87502e+06	1936	3.87308e+06	8.40657	
180	0.0201116	2.68436e-06	0.0201089	4.78028e-08	1.91798e+06	256	1.91773e+06	4.5588	
181	0.0550939	1.59489e-05	0.0550721	5.81791e-06	5.25413e+06	1521	5.25206e+06	554.836	
182	0.0505034	0.000111244	0.0503922	8.30247e-08	4.81636e+06	10609	4.80574e+06	7.91781	
183	0.0330341	8.22088e-06	0.0330259	4.82465e-08	3.15036e+06	784	3.14957e+06	4.60112	
184	0.0317752	6.55363e-06	0.0317686	4.79621e-08	3.0303e+06	625	3.02968e+06	4.57399	
185	0.0642492	2.12337e-05	0.064228	4.80444e-08	6.12725e+06	2025	6.12523e+06	4.58185	
186	0.00843779	3.0304e-06	0.00843476	4.78521e-08	804685	289	804396	4.56351	
187	0.0627136	0.00016384	0.0625491	7.34113e-07	5.9808e+06	15625	5.96511e+06	70.0101	
188	0.00845438	3.0304e-06	0.00845135	4.77171e-08	806268	289	805979	4.55063	
189	0.152763	0.000115606	0.152647	4.97924e-08	1.45685e+07	11025	1.45575e+07	4.74854	
190	0.0114241	5.07513e-06	0.0114136	5.54459e-06	1.08949e+06	484	1.08848e+06	528.77	
191	0.0075023	2.3593e-06	0.00749978	2.06968e-07	715471	225	715231	19.7379	
192	0.0791584	2.94546e-05	0.0791289	4.93237e-08	7.54909e+06	2809	7.54628e+06	4.70385	
193	0.00781377	2.3593e-06	0.00781133	1.30019e-07	745175	225	744942	12.3995	
194	0.0569907	1.51415e-05	0.0569756	4.7761e-08	5.43503e+06	1444	5.43359e+06	4.55482	
195	0.847477	0.0032649	0.844209	3.15836e-06	8.08212e+07	311364	8.05096e+07	301.203	
196	1.26806	0.00694786	1.26111	5.96523e-08	1.20931e+08	662596	1.20268e+08	5.68885	
197	0.00794209	2.3593e-06	0.00792251	1.72649e-05	757413	225	755546	1646.5	
198	0.80566	0.00281359	0.802846	1.95949e-07	7.68332e+07	268324	7.65649e+07	18.6871	
199	0.0285781	4.19432e-06	0.0285739	4.77474e-08	2.72541e+06	400	2.72501e+06	4.55352	
200	0.0319073	6.03983e-06	0.0319013	4.7484e-08	3.0429e+06	576	3.04233e+06	4.5284	
201	0.0930061	3.77489e-05	0.0929683	6.08368e-08	8.8697e+06	3600	8.8661e+06	5.80181	
202	0.0494355	1.07374e-05	0.0494248	4.79668e-08	4.71451e+06	1024	4.71349e+06	4.57445	
203	0.0589085	1.51415e-05	0.0588924	1.00991e-06	5.61792e+06	1444	5.61639e+06	96.3123	
204	0.162993	0.000117818	0.162875	1.77287e-07	1.55441e+07	11236	1.55329e+07	16.9073	
205	0.0382787	6.55363e-06	0.0382722	4.73081e-08	3.65052e+06	625	3.6499e+06	4.51163	
206	0.310657	0.000398723	0.310259	5.89783e-08	2.96264e+07	38025	2.95884e+07	5.62458	
207	0.0259103	3.78538e-06	0.0259065	4.75485e-08	2.47098e+06	361	2.47062e+06	4.53455	
208	0.304359	0.000386549	0.303972	4.97636e-08	2.90257e+07	36864	2.89889e+07	4.7458	
209	0.0314829	5.54699e-06	0.0314774	4.81685e-08	3.00243e+06	529	3.0019e+06	4.59368	
210	0.228216	0.000220464	0.227996	8.15111e-08	2.17643e+07	21025	2.17432e+07	7.77346	
211	0.372284	0.000564388	0.37172	1.28391e-07	3.55036e+07	53824	3.54497e+07	12.2442	
212	0.0686864	2.03005e-05	0.0686661	5.3632e-08	6.55041e+06	1936	6.54847e+06	5.11471	
213	0.0680723	2.03005e-05	0.068052	4.84418e-08	6.49184e+06	1936	6.4899e+06	4.61975	
214	0.0326157	4.62424e-06	0.032611	4.74677e-08	3.11046e+06	441	3.11001e+06	4.52684	
215	0.0634514	1.67773e-05	0.0634346	7.0426e-08	6.05116e+06	1600	6.04956e+06	6.71631	
216	0.259221	0.000275189	0.258946	4.8885e-08	2.47211e+07	26244	2.46948e+07	4.66201	
217	0.0238302	2.3593e-06	0.0238278	4.74372e-08	2.27261e+06	225	2.27239e+06	4.52393	
218	0.0334138	4.62424e-06	0.0334091	4.7664e-08	3.18657e+06	441	3.18613e+06	4.54557	
219	0.0239303	2.3593e-06	0.023928	4.78919e-08	2.28216e+06	225	2.28193e+06	4.5673	
220	0.0354869	5.07513e-06	0.0354818	4.80411e-08	3.38428e+06	484	3.38379e+06	4.58153	
221	0.882551	0.00303505	0.879516	5.44749e-08	8.41661e+07	289444	8.38767e+07	5.19511	
222	0.0518414	1.07374e-05	0.0518306	4.82234e-08	4.94395e+06	1024	4.94293e+06	4.59891	
223	0.0307422	3.78538e-06	0.0307384	4.78111e-08	2.93179e+06	361	2.93142e+06	4.55959	
224	0.0237617	2.3593e-06	0.0237594	4.80793e-08	2.26608e+06	225	2.26586e+06	4.58517	
225	0.054218	1.1419e-05	0.0542065	4.74646e-08	5.1706e+06	1089	5.16951e+06	4.52655	
226	0.182342	0.000131534	0.182202	8.38231e-06	1.73894e+07	12544	1.73761e+07	799.395	
227	0.0444177	7.64416e-06	0.0444101	4.75286e-08	4.23598e+06	729	4.23525e+06	4.53265	
228	0.842066	0.00271667	0.839349	5.29765e-08	8.03052e+07	259081	8.00461e+07	5.0522	
229	0.0235402	2.3593e-06	0.0235379	4.80394e-08	2.24496e+06	225	2.24473e+06	4.58137	
230	0.0833906	2.62145e-05	0.0833644	4.64978e-08	7.9527e+06	2500	7.9502e+06	4.43435	
231	0.031835	4.19432e-06	0.0318308	4.79764e-08	3.036e+06	400	3.0356e+06	4.57536	
232	0.0377673	5.54699e-06	0.0377617	5.9824e-08	3.60175e+06	529	3.60122e+06	5.70523	
233	0.038366	5.54699e-06	0.0383594	1.04384e-06	3.65885e+06	529	3.65822e+06	99.5484	
234	0.0355012	5.07513e-06	0.0354961	4.77534e-08	3.38564e+06	484	3.38516e+06	4.5541	
235	0.19277	0.000141097	0.192629	4.76431e-08	1.83839e+07	13456	1.83704e+07	4.54357	
236	0.0789555	2.41593e-05	0.0789313	4.81243e-08	7.52974e+06	2304	7.52744e+06	4.58946	
237	0.0351961	4.62424e-06	0.0351915	4.9794e-08	3.35655e+06	441	3.35611e+06	4.7487	
238	0.220834	0.000179947	0.220651	3.28256e-06	2.10603e+07	17161	2.10428e+07	313.048	
239	0.0602361	1.51415e-05	0.0602209	4.81375e-08	5.74453e+06	1444	5.74308e+06	4.59073	
240	0.0248697	2.3593e-06	0.0248673	7.90069e-08	2.37174e+06	225	2.37151e+06	7.53464	
241	0.0344014	4.62424e-06	0.0343968	4.73593e-08	3.28076e+06	441	3.28031e+06	4.51651	
242	0.0250897	2.3593e-06	0.0250873	4.74498e-08	2.39272e+06	225	2.3925e+06	4.52514	
243	0.0250848	2.3593e-06	0.0250824	4.73676e-08	2.39226e+06	225	2.39203e+06	4.5173	
244	0.0368947	5.07513e-06	0.0368896	4.92307e-08	3.51853e+06	484	3.51805e+06	4.69498	
245	0.0650106	1.84969e-05	0.0649921	4.8168e-08	6.19986e+06	1764	6.1981e+06	4.59363	
246	0.0863513	2.72736e-05	0.086324	4.75207e-08	8.23505e+06	2601	8.23245e+06	4.5319	
247	0.0538141	1.07374e-05	0.0538034	4.81111e-08	5.13209e+06	1024	5.13106e+06	4.5882	
248	0.053905	1.07374e-05	0.0538943	4.80209e-08	5.14075e+06	1024	5.13973e+06	4.57961	
249	0.0287031	3.0304e-06	0.0287001	4.78444e-08	2.73733e+06	289	2.73704e+06	4.56277	
250	0.0329892	4.19432e-06	0.032985	4.78701e-08	3.14607e+06	400	3.14567e+06	4.56522	
251	0.385753	0.000535573	0.385217	1.1234e-06	3.67881e+07	51076	3.67369e+07	107.135	
252	0.0327167	4.19432e-06	0.0327125	4.83337e-08	3.12009e+06	400	3.11969e+06	4.60943	
253	0.0640968	1.51415e-05	0.0640817	4.82464e-08	6.11271e+06	1444	6.11127e+06	4.60111	
254	0.0978851	3.40684e-05	0.097851	4.9448e-08	9.335e+06	3249	9.33175e+06	4.7157	
255	0.0427752	7.08841e-06	0.0427681	4.7041e-08	4.07934e+06	676	4.07866e+06	4.48616	
256	0.0399752	6.03983e-06	0.0399661	3.09283e-06	3.81231e+06	576	3.81144e+06	294.953	
257	0.521896	0.000950025	0.520945	6.64036e-07	4.97716e+07	90601	4.96809e+07	63.327	
258	0.0459346	8.22088e-06	0.0459264	4.76203e-08	4.38064e+06	784	4.37986e+06	4.5414	
259	0.0692119	1.67773e-05	0.0691952	4.82644e-08	6.60053e+06	1600	6.59893e+06	4.60282	
260	0.217168	0.00016384	0.217004	6.0943e-08	2.07107e+07	15625	2.0695e+07	5.81194	
261	0.0311882	3.3974e-06	0.0311848	4.77736e-08	2.97432e+06	324	2.974e+06	4.55602	
262	0.0782137	2.12337e-05	0.0781925	4.83241e-08	7.459e+06	2025	7.45697e+06	4.60852	
263	0.0939272	3.17196e-05	0.0938955	4.98708e-08	8.95755e+06	3025	8.95452e+06	4.75602	
264	2.36297	0.019167	2.3438	5.15483e-07	2.25349e+08	1.8279e+06	2.23521e+08	49.16	
265	0.0348945	4.19432e-06	0.0348904	4.74858e-08	3.32778e+06	400	3.32738e+06	4.52857	
266	0.0401233	5.54699e-06	0.0401177	4.79317e-08	3.82643e+06	529	3.8259e+06	4.5711	
267	0.136527	6.21704e-05	0.136465	1.00204e-07	1.30202e+07	5929	1.30143e+07	9.55615	
268	0.169022	9.66373e-05	0.168925	4.60327e-08	1.61191e+07	9216	1.61099e+07	4.38999	
269	0.197325	0.000129195	0.197196	4.90526e-08	1.88183e+07	12321	1.88059e+07	4.678	
270	0.0321166	3.3974e-06	0.0321114	1.80811e-06	3.06286e+06	324	3.06236e+06	172.434	
271	0.0428246	6.03983e-06	0.0428181	4.61841e-07	4.08405e+06	576	4.08343e+06	44.0443	
272	0.0323372	1.1419e-05	0.0323258	4.76712e-08	3.0839e+06	1089	3.08281e+06	4.54625	
273	0.116583	4.56762e-05	0.116538	4.83445e-08	1.11182e+07	4356	1.11138e+07	4.61046	
274	0.0232874	5.54699e-06	0.0232819	4.76324e-08	2.22085e+06	529	2.22032e+06	4.54255	
275	0.0495752	8.22088e-06	0.049567	4.74645e-08	4.72784e+06	784	4.72705e+06	4.52654	
276	0.0437336	6.55363e-06	0.043727	4.77729e-08	4.17073e+06	625	4.17011e+06	4.55595	
277	0.0377606	4.62424e-06	0.0377559	7.53232e-08	3.60111e+06	441	3.60066e+06	7.18334	
278	0.100053	3.28835e-05	0.100019	1.28527e-06	9.54179e+06	3136	9.53854e+06	122.572	
279	50.0519	9.91693	40.135	1.46156e-09	4.7733e+09	9.45747e+08	3.82755e+09	0.139385	
280	0.0660458	1.4355e-05	0.0660314	4.82611e-08	6.29858e+06	1369	6.29721e+06	4.60251	
281	0.0323454	3.3974e-06	0.032342	4.81115e-08	3.08468e+06	324	3.08436e+06	4.58825	
282	0.108765	3.77489e-05	0.108727	5.02918e-08	1.03726e+07	3600	1.0369e+07	4.79618	
283	0.0340219	3.78538e-06	0.0340181	4.72952e-08	3.24456e+06	361	3.2442e+06	4.51039	
284	0.0344352	3.78538e-06	0.0344309	6.05655e-07	3.28398e+06	361	3.28356e+06	57.7594	
285	0.147649	6.87974e-05	0.14758	4.81807e-08	1.40808e+07	6561	1.40743e+07	4.59484	
286	0.0856093	2.31631e-05	0.0855861	4.96506e-08	8.16429e+06	2209	8.16208e+06	4.73502	
287	0.0323721	3.78538e-06	0.0323683	4.73112e-08	3.08723e+06	361	3.08687e+06	4.51192	
288	0.0263655	2.3593e-06	0.0263632	4.77812e-08	2.5144e+06	225	2.51418e+06	4.55674	
289	0.0400804	5.07513e-06	0.0400747	6.24328e-07	3.82234e+06	484	3.8218e+06	59.5402	
290	0.0830509	2.21879e-05	0.0830287	4.73625e-08	7.92031e+06	2116	7.91819e+06	4.51681	
291	0.0311073	3.0304e-06	0.0311038	5.49715e-07	2.96661e+06	289	2.96627e+06	52.4246	
292	0.0401414	5.07513e-06	0.040128	8.4611e-06	3.82816e+06	484	3.82688e+06	806.909	
293	0.0459375	7.08841e-06	0.0459301	3.52656e-07	4.38092e+06	676	4.38021e+06	33.6317	
294	0.0990389	3.05766e-05	0.0989969	1.15104e-05	9.44503e+06	2916	9.44102e+06	1097.71	
295	0.0248414	2.3593e-06	0.0248378	1.35029e-06	2.36905e+06	225	2.3687e+06	128.773	
296	0.0310917	3.0304e-06	0.0310887	4.74187e-08	2.96512e+06	289	2.96483e+06	4.52218	
297	0.0711044	1.59489e-05	0.0710885	4.89494e-08	6.78101e+06	1521	6.77949e+06	4.66815	
298	0.0835364	2.41593e-05	0.0835122	8.20558e-08	7.96661e+06	2304	7.9643e+06	7.82541	
299	0.196324	0.000138674	0.196186	4.59494e-08	1.87228e+07	13225	1.87096e+07	4.38205	
300	0.0368746	4.19432e-06	0.036868	2.4878e-06	3.51662e+06	400	3.51598e+06	237.254	
301	0.0310266	3.0304e-06	0.0310228	8.34431e-07	2.95891e+06	289	2.95855e+06	79.5771	
302	0.0620976	1.35896e-05	0.062084	4.77685e-08	5.92205e+06	1296	5.92076e+06	4.55554	
303	0.081163	2.03005e-05	0.0811418	9.53267e-07	7.74026e+06	1936	7.73824e+06	90.9101	
304	1.04743	0.00404376	1.04338	4.54956e-08	9.98902e+07	385641	9.95046e+07	4.33878	
305	0.0700006	1.84969e-05	0.0699808	1.31428e-06	6.67574e+06	1764	6.67385e+06	125.339	
306	0.105866	4.03074e-05	0.105825	4.82108e-08	1.00961e+07	3844	1.00922e+07	4.59771	
307	0.34431	0.000366678	0.343936	7.07027e-06	3.28358e+07	34969	3.28001e+07	674.27	
308	0.137099	7.39879e-05	0.137025	4.70816e-08	1.30747e+07	7056	1.30677e+07	4.49003	
309	0.0343495	4.19432e-06	0.0343453	4.74486e-08	3.27581e+06	400	3.27541e+06	4.52502	
310	0.103715	3.40684e-05	0.10368	9.2806e-07	9.89104e+06	3249	9.88771e+06	88.5062	
311	0.0386329	5.07513e-06	0.0386275	3.45303e-07	3.6843e+06	484	3.68378e+06	32.9304	
312	0.0953307	2.83536e-05	0.095295	7.36183e-06	9.09139e+06	2704	9.08799e+06	702.075	
313	0.0326717	3.78538e-06	0.0326679	4.82636e-08	3.11579e+06	361	3.11543e+06	4.60275	
314	0.0752194	2.03005e-05	0.0751991	4.63729e-08	7.17344e+06	1936	7.17151e+06	4.42244	
315	1.38207	0.0062818	1.37578	9.96761e-06	1.31803e+08	599076	1.31203e+08	950.58	
316	0.0493004	8.22088e-06	0.0492922	4.81602e-08	4.70162e+06	784	4.70084e+06	4.59289	
317	0.0743679	1.76266e-05	0.0743503	4.85644e-08	7.09224e+06	1681	7.09055e+06	4.63143	
318	0.0103014	2.3593e-06	0.010299	4.78247e-08	982412	225	982187	4.56089	
319	0.1346	5.74203e-05	0.134542	4.79676e-08	1.28363e+07	5476	1.28309e+07	4.57452	
320	0.0617054	1.1419e-05	0.0616377	5.6365e-05	5.88465e+06	1089	5.87819e+06	5375.36	
321	0.0282728	2.68436e-06	0.0282701	7.4408e-08	2.69629e+06	256	2.69603e+06	7.09606	
322	0.0333912	3.78538e-06	0.0333865	8.95449e-07	3.18441e+06	361	3.18397e+06	85.3962	
323	0.0925602	3.05766e-05	0.0925286	1.04069e-06	8.82718e+06	2916	8.82417e+06	99.2474	
324	0.0293855	3.0304e-06	0.0293825	6.57519e-08	2.80241e+06	289	2.80212e+06	6.27056	
325	0.0573714	1.1419e-05	0.0573598	1.45463e-07	5.47133e+06	1089	5.47023e+06	13.8724	
326	0.029108	2.68436e-06	0.0291053	5.66662e-08	2.77594e+06	256	2.77569e+06	5.40407	
327	0.0363853	4.19432e-06	0.0363811	4.80831e-08	3.46995e+06	400	3.46955e+06	4.58554	
328	0.113718	4.56762e-05	0.113672	4.702e-08	1.08449e+07	4356	1.08406e+07	4.48415	
329	0.0840758	2.31631e-05	0.0840525	9.81924e-08	8.01804e+06	2209	8.01583e+06	9.3643	
330	0.127244	5.58789e-05	0.127188	6.03933e-08	1.21349e+07	5329	1.21296e+07	5.75952	
331	0.0416982	5.54699e-06	0.0416904	2.30509e-06	3.97663e+06	529	3.97588e+06	219.829	
332	0.216682	0.000148489	0.216533	9.5814e-07	2.06643e+07	14161	2.06501e+07	91.3749	
333	0.0273196	2.68436e-06	0.0273169	4.81156e-08	2.60539e+06	256	2.60513e+06	4.58864	
334	0.0636476	1.4355e-05	0.063633	2.94558e-07	6.06987e+06	1369	6.06848e+06	28.0911	
335	0.092279	3.17196e-05	0.0922473	4.71355e-08	8.80036e+06	3025	8.79734e+06	4.49516	
336	0.0328326	3.78538e-06	0.0328253	3.54721e-06	3.13114e+06	361	3.13044e+06	338.287	
337	0.237655	0.000202596	0.237452	8.82635e-08	2.26644e+07	19321	2.26451e+07	8.41741	
338	0.0346241	3.78538e-06	0.0346199	4.38028e-07	3.30199e+06	361	3.30159e+06	41.7734	
339	0.0331667	4.19432e-06	0.0331625	4.76472e-08	3.163e+06	400	3.1626e+06	4.54397	
340	0.0432252	6.55363e-06	0.0432187	4.83905e-08	4.12226e+06	625	4.12163e+06	4.61485	
341	0.198102	0.000131534	0.19797	1.5255e-07	1.88924e+07	12544	1.88798e+07	14.5482	
342	0.220632	0.000169125	0.220463	1.82332e-07	2.1041e+07	16129	2.10249e+07	17.3884	
343	0.0511331	8.81857e-06	0.0511225	1.87118e-06	4.87641e+06	841	4.87539e+06	178.449	
344	0.412985	0.000545094	0.412433	7.24301e-06	3.93851e+07	51984	3.93325e+07	690.744	
345	0.046555	7.64416e-06	0.0465473	4.7254e-08	4.4398e+06	729	4.43907e+06	4.50647	
346	0.0284071	2.3593e-06	0.0284025	2.28273e-06	2.7091e+06	225	2.70866e+06	217.697	
347	0.056755	1.07374e-05	0.0567422	2.09772e-06	5.41254e+06	1024	5.41133e+06	200.053	
348	0.648667	0.0012193	0.647425	2.19854e-05	6.18613e+07	116281	6.17429e+07	2096.68	
349	0.0531593	1.00768e-05	0.0531492	4.71354e-08	5.06963e+06	961	5.06867e+06	4.49516	
350	0.121461	4.29499e-05	0.121416	1.68232e-06	1.15834e+07	4096	1.15791e+07	160.438	
351	0.0326533	3.78538e-06	0.0326492	3.51659e-07	3.11404e+06	361	3.11365e+06	33.5366	
352	0.0292136	3.0304e-06	0.0292106	4.78036e-08	2.78601e+06	289	2.78572e+06	4.55888	
353	0.0322784	3.0304e-06	0.0322711	4.33127e-06	3.07829e+06	289	3.07759e+06	413.06	
354	3.09544	0.0278597	3.06756	2.15038e-05	2.95203e+08	2.6569e+06	2.92544e+08	2050.75	
355	0.517763	0.000962692	0.5168	9.76414e-07	4.93775e+07	91809	4.92856e+07	93.1176	
356	0.0258534	2.3593e-06	0.025851	4.79231e-08	2.46556e+06	225	2.46533e+06	4.57028	
357	0.0486232	8.22088e-06	0.0486149	1.55335e-07	4.63705e+06	784	4.63625e+06	14.8138	
358	0.135672	5.43584e-05	0.135582	3.59586e-05	1.29386e+07	5184	1.293e+07	3429.26	
359	0.0629901	1.35896e-05	0.0629753	1.25226e-06	6.00717e+06	1296	6.00576e+06	119.424	
360	0.111135	3.52742e-05	0.111099	3.56487e-07	1.05986e+07	3364	1.05952e+07	33.9971	
361	0.0606213	1.07374e-05	0.0606106	4.742e-08	5.78127e+06	1024	5.78024e+06	4.5223	
362	0.0331528	3.78538e-06	0.033136	1.30291e-05	3.16167e+06	361	3.16008e+06	1242.54	
363	0.04041	4.62424e-06	0.0404009	4.49578e-06	3.85377e+06	441	3.85291e+06	428.748	
364	0.0493354	7.08841e-06	0.0492874	4.09672e-05	4.70496e+06	676	4.70038e+06	3906.91	
365	0.0399973	5.54699e-06	0.0399915	2.33882e-07	3.81441e+06	529	3.81387e+06	22.3046	
366	0.938185	0.003069	0.935072	4.41045e-05	8.94718e+07	292681	8.91749e+07	4206.11	
367	0.0434732	5.54699e-06	0.0434676	4.78748e-08	4.1459e+06	529	4.14537e+06	4.56567	
368	0.0596801	1.00768e-05	0.05967	4.79018e-08	5.69151e+06	961	5.69054e+06	4.56825	
369	0.0405267	4.62424e-06	0.0404985	2.36089e-05	3.8649e+06	441	3.86221e+06	2251.51	
370	0.0430151	5.54699e-06	0.0430096	4.80053e-08	4.10222e+06	529	4.10169e+06	4.57812	
371	0.0329968	3.0304e-06	0.0329938	4.82709e-08	3.1468e+06	289	3.14651e+06	4.60345	
372	0.121759	4.16182e-05	0.12171	7.30032e-06	1.16118e+07	3969	1.16071e+07	696.209	
373	0.0282044	2.3593e-06	0.0282018	2.60449e-07	2.68976e+06	225	2.68952e+06	24.8382	
374	0.0358658	3.78538e-06	0.0358613	8.48459e-07	3.42041e+06	361	3.41998e+06	80.9149	
375	0.459494	0.000584018	0.458907	3.14148e-06	4.38205e+07	55696	4.37645e+07	299.593	
376	0.0387842	4.62424e-06	0.0387794	1.93036e-07	3.69872e+06	441	3.69827e+06	18.4092	
377	0.0406151	5.07513e-06	0.0405755	3.45444e-05	3.87333e+06	484	3.86956e+06	3294.39	
378	0.137345	5.43584e-05	0.13729	1.11761e-07	1.30982e+07	5184	1.3093e+07	10.6583	
379	0.203419	0.000115606	0.203303	8.20292e-07	1.93995e+07	11025	1.93884e+07	78.2287	
380	0.0379173	4.19432e-06	0.0379131	4.75627e-08	3.61605e+06	400	3.61565e+06	4.53591	
381	0.254166	0.000182704	0.253983	1.1063e-07	2.4239e+07	17424	2.42216e+07	10.5504	
382	0.0432269	6.55363e-06	0.0432198	6.0298e-07	4.12242e+06	625	4.12174e+06	57.5043	
383	0.0640893	1.21216e-05	0.0640771	4.71482e-08	6.11199e+06	1156	6.11084e+06	4.49638	
384	0.0435962	5.54699e-06	0.0435573	3.34122e-05	4.15763e+06	529	4.15392e+06	3186.42	
385	0.110894	3.40684e-05	0.110854	5.56059e-06	1.05756e+07	3249	1.05718e+07	530.296	
386	0.0468883	6.55363e-06	0.0468818	4.8072e-08	4.47159e+06	625	4.47097e+06	4.58448	
387	0.0309091	2.68436e-06	0.0309064	4.76406e-08	2.9477e+06	256	2.94745e+06	4.54334	
388	0.0638075	1.1419e-05	0.0637959	1.68005e-07	6.08512e+06	1089	6.08402e+06	16.0221	
389	0.0406166	4.62424e-06	0.040612	5.63926e-08	3.87348e+06	441	3.87304e+06	5.37798	
390	0.0286879	2.3593e-06	0.0286855	4.9685e-08	2.73587e+06	225	2.73565e+06	4.7383	
391	0.090745	2.31631e-05	0.0907216	2.67388e-07	8.65407e+06	2209	8.65184e+06	25.4999	
392	0.057467	9.43723e-06	0.0574575	4.7332e-08	5.48045e+06	900	5.47955e+06	4.5139	
393	0.0518804	7.64416e-06	0.0518728	4.75376e-08	4.94768e+06	729	4.94695e+06	4.53352	
394	0.0368594	3.78538e-06	0.0368556	4.8153e-08	3.51517e+06	361	3.51481e+06	4.5922	
395	0.0772863	1.67773e-05	0.0772695	4.87139e-08	7.37055e+06	1600	7.36895e+06	4.6457	
396	0.256415	0.000182704	0.256232	5.12425e-08	2.44535e+07	17424	2.4436e+07	4.88683	
397	0.0712927	1.4355e-05	0.0712783	4.64762e-08	6.79896e+06	1369	6.79759e+06	4.43229	
398	0.03429	3.3974e-06	0.0342848	1.84068e-06	3.27013e+06	324	3.26964e+06	175.54	
399	0.067901	1.28451e-05	0.067886	2.30149e-06	6.47551e+06	1225	6.47407e+06	219.486	
400	0.0644907	1.21216e-05	0.0644786	4.78868e-08	6.15028e+06	1156	6.14912e+06	4.56682	
401	0.0345712	3.3974e-06	0.0345316	3.61941e-05	3.29695e+06	324	3.29318e+06	3451.72	
402	0.0364912	3.78538e-06	0.0364874	4.83296e-08	3.48005e+06	361	3.47969e+06	4.60904	
403	0.0302657	2.68436e-06	0.030263	4.73411e-08	2.88634e+06	256	2.88608e+06	4.51478	
404	0.0328674	3.0304e-06	0.0328644	4.75084e-08	3.13446e+06	289	3.13418e+06	4.53072	
405	0.0318731	3.0304e-06	0.0318699	2.15097e-07	3.03964e+06	289	3.03933e+06	20.5131	
406	0.562914	0.000887949	0.562026	1.03011e-07	5.36834e+07	84681	5.35987e+07	9.8239	
407	0.0445171	5.54699e-06	0.0445101	1.5282e-06	4.24546e+06	529	4.24479e+06	145.739	
408	0.0575261	9.43723e-06	0.0575166	4.77816e-08	5.48608e+06	900	5.48518e+06	4.55678	
409	0.0301277	2.68436e-06	0.0301221	2.90859e-06	2.87318e+06	256	2.87265e+06	277.383	
410	0.0546327	8.81857e-06	0.0546238	4.82244e-08	5.21015e+06	841	5.20931e+06	4.59901	
411	0.322032	0.000288947	0.321743	1.52599e-07	3.07112e+07	27556	3.06836e+07	14.5529	
412	0.0459459	6.03983e-06	0.0459399	4.78873e-08	4.38172e+06	576	4.38114e+06	4.56686	
413	0.0443936	5.54699e-06	0.0443881	4.82111e-08	4.23368e+06	529	4.23315e+06	4.59775	
414	0.036575	3.78538e-06	0.0365712	4.90974e-08	3.48804e+06	361	3.48768e+06	4.68227	
415	0.115024	3.77489e-05	0.114986	7.23606e-08	1.09695e+07	3600	1.09659e+07	6.90081	
416	0.050833	7.64416e-06	0.0508254	4.96317e-08	4.84779e+06	729	4.84706e+06	4.73322	
417	0.0943754	2.51764e-05	0.0943499	3.70894e-07	9.00029e+06	2401	8.99785e+06	35.371	
418	0.0347752	3.3974e-06	0.0347701	1.80115e-06	3.3164e+06	324	3.31591e+06	171.77	
419	0.042615	5.07513e-06	0.0426099	5.08073e-08	4.06406e+06	484	4.06357e+06	4.84534	
420	0.0555278	8.81857e-06	0.0555189	1.17783e-07	5.29551e+06	841	5.29466e+06	11.2326	
421	0.128186	4.70708e-05	0.128139	4.82088e-08	1.22247e+07	4489	1.22202e+07	4.59752	
422	0.0317453	3.0304e-06	0.0317422	1.43214e-07	3.02745e+06	289	3.02715e+06	13.6579	
423	0.167335	7.93671e-05	0.167256	2.12541e-07	1.59583e+07	7569	1.59507e+07	20.2693	
424	0.0424326	5.07513e-06	0.0424268	8.16591e-07	4.04667e+06	484	4.04611e+06	77.8757	
425	0.0422036	5.07513e-06	0.0421985	4.67462e-08	4.02483e+06	484	4.02434e+06	4.45804	
426	0.0501409	7.08841e-06	0.0501339	4.75871e-08	4.78179e+06	676	4.78111e+06	4.53824	
427	0.0700873	1.4355e-05	0.0700728	1.45772e-07	6.68401e+06	1369	6.68263e+06	13.9018	
428	0.0342727	3.3974e-06	0.0342314	3.80227e-05	3.26848e+06	324	3.26454e+06	3626.1	
429	0.132933	0.000169125	0.132764	4.91397e-08	1.26774e+07	16129	1.26613e+07	4.6863	
430	0.0891279	2.31631e-05	0.0891047	4.82854e-08	8.49985e+06	2209	8.49764e+06	4.60483	
431	20.9191	1.43663	19.4824	4.1268e-07	1.99499e+09	1.37007e+08	1.85798e+09	39.356	
432	0.0900514	2.31631e-05	0.0900283	4.80837e-08	8.58793e+06	2209	8.58572e+06	4.58559	
433	0.05299	8.22088e-06	0.0529818	4.678e-08	5.05349e+06	784	5.05271e+06	4.46126	
434	0.0318736	3.0304e-06	0.03187	6.45637e-07	3.03968e+06	289	3.03934e+06	61.5724	
435	0.0672081	1.28451e-05	0.0671952	8.46986e-08	6.40942e+06	1225	6.4082e+06	8.07744	
436	0.0713949	1.4355e-05	0.0712975	8.30998e-05	6.80871e+06	1369	6.79942e+06	7924.97	
437	0.0473649	7.08841e-06	0.0473578	4.83951e-08	4.51704e+06	676	4.51637e+06	4.61529	
438	0.0634383	1.4355e-05	0.0634239	1.13424e-07	6.04992e+06	1369	6.04854e+06	10.8168	
439	0.0532541	1.00768e-05	0.0532436	5.13747e-07	5.07868e+06	961	5.07768e+06	48.9944	
440	0.209981	0.000131534	0.20985	5.10775e-08	2.00252e+07	12544	2.00127e+07	4.8711	
441	0.0656158	1.51415e-05	0.0656007	7.74307e-08	6.25758e+06	1444	6.25613e+06	7.38433	
442	0.117756	4.70708e-05	0.117706	2.87889e-06	1.123e+07	4489	1.12252e+07	274.551	
443	0.0431552	6.03983e-06	0.0431492	4.74635e-08	4.11558e+06	576	4.115e+06	4.52644	
444	0.0569192	1.07374e-05	0.0569061	2.4181e-06	5.42821e+06	1024	5.42696e+06	230.607	
445	0.0690251	1.59489e-05	0.0690091	4.81907e-08	6.58271e+06	1521	6.58119e+06	4.5958	
446	0.0385739	5.07513e-06	0.0385688	4.72428e-08	3.67867e+06	484	3.67819e+06	4.5054	
447	0.0341949	4.19432e-06	0.0341792	1.14977e-05	3.26106e+06	400	3.25957e+06	1096.5	
448	0.202151	0.000136273	0.201916	9.93335e-05	1.92785e+07	12996	1.92561e+07	9473.13	
449	0.701935	0.00153815	0.700396	2.97851e-07	6.69413e+07	146689	6.67946e+07	28.4052	
450	0.0743258	2.03005e-05	0.0743053	2.21055e-07	7.08822e+06	1936	7.08627e+06	21.0813	
451	0.0326251	4.19432e-06	0.0326208	7.59511e-08	3.11135e+06	400	3.11095e+06	7.24322	
452	0.0324201	3.0304e-06	0.0324171	6.8606e-08	3.0918e+06	289	3.09151e+06	6.54274	
453	0.124844	6.21704e-05	0.124781	4.9203e-08	1.19059e+07	5929	1.19e+07	4.69233	
454	0.0390848	5.07513e-06	0.0390798	4.82279e-08	3.7274e+06	484	3.72692e+06	4.59934	
455	0.0642251	1.35896e-05	0.0642115	4.70183e-08	6.12495e+06	1296	6.12365e+06	4.48399	
456	0.126426	5.89827e-05	0.126368	4.98839e-08	1.20569e+07	5625	1.20513e+07	4.75727	
457	0.0534941	9.43723e-06	0.0534329	5.18595e-05	5.10157e+06	900	5.09573e+06	4945.68	
458	0.0292737	2.68436e-06	0.0292163	5.46779e-05	2.79174e+06	256	2.78627e+06	5214.46	
459	0.0301778	3.0304e-06	0.0301747	4.76636e-08	2.87796e+06	289	2.87767e+06	4.54553	
460	0.205019	0.000161229	0.204857	2.53379e-07	1.9552e+07	15376	1.95366e+07	24.1639	
461	0.0742071	2.03005e-05	0.0741868	4.87087e-08	7.0769e+06	1936	7.07496e+06	4.6452	
462	0.0366357	4.19432e-06	0.036621	1.0604e-05	3.49384e+06	400	3.49243e+06	1011.27	
463	0.307443	0.000317468	0.307126	4.63619e-08	2.93199e+07	30276	2.92896e+07	4.42139	
464	0.315139	0.000332232	0.314807	3.80686e-07	3.00538e+07	31684	3.00221e+07	36.3048	
465	0.0632545	1.28451e-05	0.063221	2.07061e-05	6.03239e+06	1225	6.02919e+06	1974.68	
466	0.0819881	2.41593e-05	0.0819639	4.70009e-08	7.81895e+06	2304	7.81665e+06	4.48233	
467	2.56322	0.0261105	2.53711	2.61834e-07	2.44446e+08	2.49008e+06	2.41956e+08	24.9703	
468	0.168808	0.000104858	0.168703	4.75274e-08	1.60987e+07	10000	1.60887e+07	4.53254	
469	1.1259	0.00405679	1.12184	1.44304e-06	1.07374e+08	386884	1.06987e+08	137.618	
470	0.0290783	3.0304e-06	0.0290731	2.1626e-06	2.7731e+06	289	2.77261e+06	206.24	
471	0.156813	8.87519e-05	0.156724	4.91807e-08	1.49548e+07	8464	1.49463e+07	4.69021	
472	0.0283135	2.68436e-06	0.0283103	6.11066e-07	2.70017e+06	256	2.69986e+06	58.2755	
473	0.207579	0.000161229	0.207417	2.24646e-07	1.97961e+07	15376	1.97807e+07	21.4238	
474	0.0958014	2.83536e-05	0.0957728	3.14398e-07	9.13628e+06	2704	9.13355e+06	29.9831	
475	0.0632627	1.21216e-05	0.0632505	4.78129e-08	6.03316e+06	1156	6.03201e+06	4.55977	
476	0.0853407	2.21879e-05	0.0853185	4.7335e-08	8.13868e+06	2116	8.13656e+06	4.51419	
477	0.0289486	3.0304e-06	0.0289456	4.81451e-08	2.76074e+06	289	2.76045e+06	4.59145	
478	0.115842	4.84864e-05	0.115794	1.12814e-07	1.10475e+07	4624	1.10429e+07	10.7587	
479	0.620901	0.00119086	0.61971	1.26825e-07	5.92134e+07	113569	5.90998e+07	12.0949	
480	0.116172	4.84864e-05	0.116124	4.74406e-08	1.1079e+07	4624	1.10743e+07	4.52426	
481	0.0287837	3.0304e-06	0.0287807	4.76832e-08	2.74501e+06	289	2.74472e+06	4.5474	
482	0.0427789	6.03983e-06	0.0427679	4.96165e-06	4.07969e+06	576	4.07864e+06	473.177	
483	0.222436	0.000174494	0.222262	4.73126e-08	2.12131e+07	16641	2.11964e+07	4.51206	
484	0.0693443	1.59489e-05	0.0693278	5.5907e-07	6.61315e+06	1521	6.61158e+06	53.3168	
485	0.0865503	2.72736e-05	0.0865231	4.87448e-08	8.25404e+06	2601	8.25144e+06	4.64864	
486	0.0303633	3.3974e-06	0.0303599	4.77867e-08	2.89565e+06	324	2.89533e+06	4.55727	
487	0.303963	0.000335976	0.303627	4.95686e-08	2.8988e+07	32041	2.8956e+07	4.7272	
488	0.0389617	5.07513e-06	0.0389566	8.77541e-08	3.71566e+06	484	3.71517e+06	8.36884	
489	0.0440841	6.55363e-06	0.0440768	7.33647e-07	4.20416e+06	625	4.20347e+06	69.9656	
490	0.338276	0.000355007	0.337921	8.11191e-08	3.22603e+07	33856	3.22265e+07	7.73608	
491	0.0351428	3.78538e-06	0.035139	4.79935e-08	3.35146e+06	361	3.3511e+06	4.57699	
492	9.84116	0.33284	9.50823	8.34149e-05	9.38521e+08	3.17419e+07	9.06771e+08	7955.02	
493	0.0263788	2.3593e-06	0.0263765	5.37451e-08	2.51567e+06	225	2.51544e+06	5.12551	
494	0.0508048	8.22088e-06	0.0507966	4.81122e-08	4.8451e+06	784	4.84431e+06	4.58831	
495	0.0459202	7.64416e-06	0.0459125	4.76049e-08	4.37926e+06	729	4.37854e+06	4.53993	
496	0.0275352	2.68436e-06	0.0275211	1.15118e-05	2.62595e+06	256	2.6246e+06	1097.85	
497	0.047625	7.08841e-06	0.0476179	4.77428e-08	4.54185e+06	676	4.54117e+06	4.55308	
498	0.0470234	7.64416e-06	0.0470124	3.37595e-06	4.48448e+06	729	4.48343e+06	321.954	
499	2.77796	0.0286862	2.74922	5.82338e-05	2.64926e+08	2.73571e+06	2.62184e+08	5553.57	
500	0.0734584	2.12337e-05	0.0734372	4.8514e-08	7.0055e+06	2025	7.00347e+06	4.62663	
501	0.075657	1.93882e-05	0.0756376	4.92136e-08	7.21517e+06	1849	7.21332e+06	4.69335	
502	0.0324835	3.3974e-06	0.0324795	6.4223e-07	3.09785e+06	324	3.09747e+06	61.2475	
503	0.0641801	1.28451e-05	0.0641672	4.70523e-08	6.12065e+06	1225	6.11943e+06	4.48723	
504	0.0342531	4.62424e-06	0.0342485	4.7405e-08	3.26661e+06	441	3.26617e+06	4.52087	
505	0.111553	3.90177e-05	0.111514	4.61932e-08	1.06384e+07	3721	1.06347e+07	4.4053	
506	0.0043635	3.0304e-06	0.00436046	6.09955e-08	416133	289	415843	5.81695	
507	0.0326139	4.19432e-06	0.0326097	4.78346e-08	3.11029e+06	400	3.10989e+06	4.56184	
508	0.0391663	5.07513e-06	0.0391611	1.90454e-07	3.73517e+06	484	3.73467e+06	18.163	
509	0.0285702	7.64416e-06	0.0285625	4.80363e-08	2.72465e+06	729	2.72392e+06	4.58108	
510	0.0259687	2.3593e-06	0.0259637	2.64862e-06	2.47655e+06	225	2.47608e+06	252.591	
511	0.0853954	2.51764e-05	0.0853593	1.09035e-05	8.14389e+06	2401	8.14045e+06	1039.83	
512	0.0475728	7.08841e-06	0.0475655	2.15667e-07	4.53687e+06	676	4.53617e+06	20.5674	
513	0.0371301	5.07513e-06	0.0371243	8.43468e-07	3.54099e+06	484	3.54043e+06	80.4389	
514	0.0368737	5.54699e-06	0.0368682	4.74037e-08	3.51653e+06	529	3.516e+06	4.52074	
515	0.0834941	2.31631e-05	0.0834707	2.93939e-07	7.96257e+06	2209	7.96034e+06	28.032	
516	0.0291007	2.68436e-06	0.0290968	1.21786e-06	2.77524e+06	256	2.77487e+06	116.144	
517	0.0260568	2.3593e-06	0.0260544	5.59289e-08	2.48495e+06	225	2.48473e+06	5.33376	
518	0.0279285	2.3593e-06	0.0279098	1.64635e-05	2.66346e+06	225	2.66167e+06	1570.07	
519	0.0560285	1.1419e-05	0.056017	1.17301e-07	5.34326e+06	1089	5.34217e+06	11.1867	
520	0.0515713	1.1419e-05	0.0515598	4.77665e-08	4.91819e+06	1089	4.9171e+06	4.55534	
521	0.0870844	2.41593e-05	0.087057	3.33293e-06	8.30497e+06	2304	8.30235e+06	317.851	
522	0.00919605	1.51415e-05	0.00918091	4.76374e-08	876999	1444	875555	4.54303	
523	0.679724	0.00149825	0.678225	4.80015e-08	6.48231e+07	142884	6.46802e+07	4.57775	
524	0.0341204	4.62424e-06	0.0341134	2.35906e-06	3.25395e+06	441	3.25329e+06	224.976	
525	0.0370788	5.07513e-06	0.0370737	6.77756e-08	3.53609e+06	484	3.5356e+06	6.46354	
526	0.3441	0.000480208	0.343619	1.31407e-06	3.28158e+07	45796	3.27698e+07	125.319	
527	0.0248119	2.68436e-06	0.0248092	4.80301e-08	2.36623e+06	256	2.36598e+06	4.58049	
528	0.0317066	3.3974e-06	0.0316964	6.86145e-06	3.02376e+06	324	3.02278e+06	654.355	
529	0.0272093	3.0304e-06	0.0272063	4.73407e-08	2.59487e+06	289	2.59458e+06	4.51473	
530	0.0293651	3.78538e-06	0.0293613	4.79818e-08	2.80045e+06	361	2.80009e+06	4.57587	
531	0.0289195	3.3974e-06	0.0289161	4.72314e-08	2.75796e+06	324	2.75764e+06	4.50431	
532	0.0902233	3.28835e-05	0.0901904	4.79079e-08	8.60432e+06	3136	8.60118e+06	4.56882	
533	0.0919963	2.83536e-05	0.0919601	7.92639e-06	8.7734e+06	2704	8.76995e+06	755.916	
534	0.0341797	3.78538e-06	0.0341755	4.09032e-07	3.25961e+06	361	3.25922e+06	39.0081	
535	0.192779	0.000133893	0.192643	1.56619e-06	1.83847e+07	12769	1.83718e+07	149.362	
536	0.039998	6.55363e-06	0.0399914	4.73354e-08	3.81448e+06	625	3.81386e+06	4.51423	
537	0.0265624	6.55363e-06	0.0265558	4.78235e-08	2.53317e+06	625	2.53254e+06	4.56077	
538	0.0502052	8.22088e-06	0.0501969	1.47331e-07	4.78791e+06	784	4.78712e+06	14.0505	
539	0.0397637	5.07513e-06	0.0397504	8.2458e-06	3.79214e+06	484	3.79087e+06	786.377	
540	0.0780286	2.51764e-05	0.0780034	4.79156e-08	7.44135e+06	2401	7.43895e+06	4.56957	
541	0.336321	0.00037061	0.33595	5.04503e-08	3.20739e+07	35344	3.20385e+07	4.81129	
542	0.0368346	4.62424e-06	0.0368166	1.33616e-05	3.5128e+06	441	3.51109e+06	1274.25	
543	0.0303256	3.0304e-06	0.0303226	4.79e-08	2.89206e+06	289	2.89177e+06	4.56807	
544	0.0267668	2.3593e-06	0.0267566	7.8536e-06	2.55267e+06	225	2.5517e+06	748.974	
545	0.0317016	3.3974e-06	0.0316884	9.93529e-06	3.02329e+06	324	3.02202e+06	947.497	
546	0.0627257	1.28451e-05	0.0627128	4.85805e-08	5.98195e+06	1225	5.98073e+06	4.63298	
547	0.0568994	1.07374e-05	0.0568887	4.7331e-08	5.42632e+06	1024	5.4253e+06	4.51381	
548	0.0373146	4.62424e-06	0.03731	4.76771e-08	3.55858e+06	441	3.55814e+06	4.54682	
549	0.0824151	2.21879e-05	0.0823929	7.14594e-08	7.85967e+06	2116	7.85755e+06	6.81486	
550	0.183634	0.000111244	0.183517	5.36566e-06	1.75126e+07	10609	1.75015e+07	511.706	
551	0.0351876	4.19432e-06	0.0351773	6.12278e-06	3.35573e+06	400	3.35475e+06	583.911	
552	0.143748	6.87974e-05	0.143671	8.38086e-06	1.37088e+07	6561	1.37014e+07	799.256	
553	0.0602626	1.21216e-05	0.06025	4.75449e-07	5.74705e+06	1156	5.74586e+06	45.3421	
554	0.0317607	3.3974e-06	0.0317571	2.01513e-07	3.02891e+06	324	3.02858e+06	19.2177	
555	0.0347185	4.19432e-06	0.0347112	3.1623e-06	3.31099e+06	400	3.3103e+06	301.578	
556	0.0159762	2.3593e-06	0.0159739	4.77434e-08	1.5236e+06	225	1.52338e+06	4.55314	
557	0.0160161	2.3593e-06	0.0160138	4.76612e-08	1.52741e+06	225	1.52718e+06	4.5453	
558	0.0330783	1.00768e-05	0.0330682	4.73403e-08	3.15457e+06	961	3.15361e+06	4.51469	
559	0.0386457	1.35896e-05	0.0386322	4.79952e-08	3.68552e+06	1296	3.68423e+06	4.57715	
560	0.0238145	7.64416e-06	0.0238069	4.77052e-08	2.27112e+06	729	2.27039e+06	4.5495	
561	0.0310605	8.81857e-06	0.0310517	4.77546e-08	2.96214e+06	841	2.9613e+06	4.5542	
562	0.0203223	3.78538e-06	0.0203185	4.76322e-08	1.93807e+06	361	1.93771e+06	4.54254	
563	0.0117029	3.0304e-06	0.0116999	4.7894e-08	1.11607e+06	289	1.11578e+06	4.5675	
564	0.0194896	3.3974e-06	0.0194862	4.76405e-08	1.85866e+06	324	1.85834e+06	4.54333	
565	0.0246176	6.55363e-06	0.024611	4.73234e-08	2.3477e+06	625	2.34708e+06	4.51309	
566	0.0271284	6.55363e-06	0.0271219	4.80957e-08	2.58715e+06	625	2.58653e+06	4.58674	
567	0.015748	2.68436e-06	0.0157453	4.78377e-08	1.50184e+06	256	1.50158e+06	4.56213	
568	0.0234645	5.07513e-06	0.0234594	4.75275e-08	2.23774e+06	484	2.23725e+06	4.53255	
569	0.0369278	1.4355e-05	0.0369134	4.82678e-08	3.52168e+06	1369	3.52032e+06	4.60315	
570	0.0292954	7.64416e-06	0.0292878	4.75788e-08	2.79381e+06	729	2.79309e+06	4.53744	
571	0.0390966	1.35896e-05	0.039083	4.74105e-08	3.72852e+06	1296	3.72722e+06	4.52139	
572	0.0183992	3.0304e-06	0.0183962	4.72598e-08	1.75468e+06	289	1.75439e+06	4.50702	
573	0.0311433	9.43723e-06	0.0311338	4.74784e-08	2.97004e+06	900	2.96914e+06	4.52786	
574	0.0733875	0.000126878	0.0732606	4.68419e-08	6.99874e+06	12100	6.98664e+06	4.46717	
575	0.0177697	3.3974e-06	0.0177663	4.75203e-08	1.69464e+06	324	1.69432e+06	4.53186	
576	0.0891819	7.93671e-05	0.0891026	4.60885e-08	8.505e+06	7569	8.49744e+06	4.39532	
577	0.0523333	2.41593e-05	0.0523092	4.81525e-08	4.99087e+06	2304	4.98856e+06	4.59215	
578	0.0158662	2.68436e-06	0.0158635	4.79307e-08	1.51311e+06	256	1.51285e+06	4.571	
579	0.0244361	5.54699e-06	0.0244305	4.82237e-08	2.33039e+06	529	2.32986e+06	4.59894	
580	0.0227329	4.62424e-06	0.0227282	4.80908e-08	2.16796e+06	441	2.16752e+06	4.58627	
581	0.0241759	5.07513e-06	0.0241708	4.74218e-08	2.30558e+06	484	2.30509e+06	4.52247	
582	0.0379038	1.28451e-05	0.0378909	4.73897e-08	3.61477e+06	1225	3.61354e+06	4.51941	
583	0.0156909	2.3593e-06	0.0156886	4.79343e-08	1.4964e+06	225	1.49617e+06	4.57134	
584	0.0379854	1.35896e-05	0.0379718	4.7782e-08	3.62254e+06	1296	3.62125e+06	4.55682	
585	0.0150294	4.62424e-06	0.0150247	4.75931e-08	1.4333e+06	441	1.43286e+06	4.53881	
586	0.0369369	1.21216e-05	0.0369248	4.82664e-08	3.52256e+06	1156	3.5214e+06	4.60301	
587	0.0209383	3.78538e-06	0.0209345	4.7598e-08	1.99682e+06	361	1.99646e+06	4.53927	
588	0.0124439	3.78538e-06	0.0124401	4.75807e-08	1.18673e+06	361	1.18637e+06	4.53762	
589	0.0189152	3.0304e-06	0.0189121	4.74631e-08	1.80388e+06	289	1.80359e+06	4.5264	
590	0.0189866	8.81857e-06	0.0189778	4.83073e-08	1.8107e+06	841	1.80985e+06	4.60692	
591	0.0169226	2.68436e-06	0.0169199	4.75604e-08	1.61386e+06	256	1.6136e+06	4.53569	
592	0.0387146	1.28451e-05	0.0387018	4.83648e-08	3.69209e+06	1225	3.69087e+06	4.6124	
593	0.0163104	2.68436e-06	0.0163077	4.7732e-08	1.55547e+06	256	1.55521e+06	4.55205	
594	0.0289615	7.08841e-06	0.0289544	4.72391e-08	2.76197e+06	676	2.76129e+06	4.50504	
595	0.0166909	2.68436e-06	0.0166883	4.77918e-08	1.59176e+06	256	1.59151e+06	4.55776	
596	0.0413517	1.59489e-05	0.0413358	4.73648e-08	3.94359e+06	1521	3.94207e+06	4.51703	
597	0.13163	0.000148489	0.131481	4.69449e-08	1.25531e+07	14161	1.25389e+07	4.47699	
598	0.0591143	2.94546e-05	0.0590848	4.73832e-08	5.63754e+06	2809	5.63474e+06	4.51879	
599	0.0173018	2.68436e-06	0.0172991	4.76492e-08	1.65002e+06	256	1.64976e+06	4.54416	
600	0.0353024	1.21216e-05	0.0352903	4.78755e-08	3.36668e+06	1156	3.36552e+06	4.56574	
601	0.0205098	4.19432e-06	0.0205056	4.80808e-08	1.95596e+06	400	1.95556e+06	4.58531	
602	0.0511658	2.31631e-05	0.0511426	4.8588e-08	4.87952e+06	2209	4.87731e+06	4.63369	
603	0.0447842	4.70708e-05	0.0447371	4.77402e-08	4.27093e+06	4489	4.26644e+06	4.55284	
604	0.0226457	5.07513e-06	0.0226406	4.83157e-08	2.15965e+06	484	2.15916e+06	4.60772	
605	0.0390521	1.28451e-05	0.0390392	4.73036e-08	3.72428e+06	1225	3.72305e+06	4.5112	
606	0.0179312	2.68436e-06	0.0179285	4.77674e-08	1.71004e+06	256	1.70978e+06	4.55543	
607	0.0344109	1.07374e-05	0.0344002	4.78961e-08	3.28166e+06	1024	3.28064e+06	4.5677	
608	0.0298249	8.81857e-06	0.0298161	4.80042e-08	2.84431e+06	841	2.84347e+06	4.57801	
609	0.0245459	5.54699e-06	0.0245404	4.80406e-08	2.34087e+06	529	2.34034e+06	4.58148	
610	0.0172177	7.08841e-06	0.0172106	4.78706e-08	1.642e+06	676	1.64132e+06	4.56527	
611	0.030989	9.43723e-06	0.0309796	4.69691e-08	2.95533e+06	900	2.95443e+06	4.4793	
612	0.0426851	1.51415e-05	0.04267	4.77289e-08	4.07075e+06	1444	4.0693e+06	4.55175	
613	0.0381549	1.21216e-05	0.0381428	4.77874e-08	3.63871e+06	1156	3.63756e+06	4.55733	
614	0.0215683	4.62424e-06	0.0215636	4.79927e-08	2.0569e+06	441	2.05646e+06	4.57691	
615	0.0321796	1.00768e-05	0.0321695	4.79958e-08	3.06887e+06	961	3.06791e+06	4.57721	
616	0.084871	6.87974e-05	0.0848022	4.76027e-08	8.09388e+06	6561	8.08732e+06	4.53972	
617	0.0179731	2.68436e-06	0.0179704	4.7873e-08	1.71404e+06	256	1.71379e+06	4.5655	
618	0.0280927	6.55363e-06	0.0280862	4.76613e-08	2.67912e+06	625	2.67849e+06	4.54531	
619	0.021483	3.78538e-06	0.0214792	4.74243e-08	2.04876e+06	361	2.0484e+06	4.5227	
620	0.0179263	2.68436e-06	0.0179237	4.75908e-08	1.70958e+06	256	1.70932e+06	4.53858	
621	0.0382798	1.21216e-05	0.0382677	4.76724e-08	3.65063e+06	1156	3.64947e+06	4.54637	
622	0.0490652	2.31631e-05	0.0490421	4.70404e-08	4.6792e+06	2209	4.67699e+06	4.4861	
623	0.0394633	1.28451e-05	0.0394505	4.74739e-08	3.76349e+06	1225	3.76227e+06	4.52744	
624	0.429753	0.00152213	0.428231	5.45229e-08	4.09842e+07	145161	4.08391e+07	5.19968	
625	0.0463932	1.76266e-05	0.0463756	4.76803e-08	4.42438e+06	1681	4.4227e+06	4.54713	
626	0.0465263	1.76266e-05	0.0465087	4.7907e-08	4.43707e+06	1681	4.43539e+06	4.56874	
627	0.0249095	5.07513e-06	0.0249044	4.82753e-08	2.37554e+06	484	2.37506e+06	4.60386	
628	0.0240153	5.54699e-06	0.0240097	4.76328e-08	2.29026e+06	529	2.28973e+06	4.54259	
629	0.0683439	3.77489e-05	0.0683061	4.71653e-08	6.51774e+06	3600	6.51414e+06	4.498	
630	0.0238015	4.62424e-06	0.0237969	4.76299e-08	2.26987e+06	441	2.26943e+06	4.54231	
631	0.0490666	2.31631e-05	0.0490434	4.80692e-08	4.67933e+06	2209	4.67712e+06	4.58421	
632	0.0170914	2.3593e-06	0.017089	4.79064e-08	1.62995e+06	225	1.62973e+06	4.56869	
633	0.0178093	2.68436e-06	0.0178066	4.78149e-08	1.69842e+06	256	1.69816e+06	4.55996	
634	0.0103683	2.68436e-06	0.0103657	4.76697e-08	988802	256	988546	4.54611	
635	0.0157444	2.3593e-06	0.015742	4.78418e-08	1.50149e+06	225	1.50127e+06	4.56253	
636	0.0351374	1.21216e-05	0.0351253	4.7836e-08	3.35095e+06	1156	3.34979e+06	4.56197	
637	0.0981195	7.93671e-05	0.0980402	4.76589e-08	9.35736e+06	7569	9.34979e+06	4.54508	
638	0.0195807	7.64416e-06	0.019573	4.82072e-08	1.86735e+06	729	1.86662e+06	4.59737	
639	0.0191621	3.0304e-06	0.019159	4.7291e-08	1.82743e+06	289	1.82714e+06	4.51	
640	0.043367	1.84969e-05	0.0433485	4.79096e-08	4.13577e+06	1764	4.13401e+06	4.56899	
641	0.0272903	7.08841e-06	0.0272832	4.72568e-08	2.60259e+06	676	2.60191e+06	4.50673	
642	0.151756	0.000220464	0.151536	4.69481e-08	1.44725e+07	21025	1.44515e+07	4.47729	
643	0.025986	6.55363e-06	0.0259795	4.75879e-08	2.4782e+06	625	2.47758e+06	4.53831	
644	0.0230221	5.07513e-06	0.023017	4.76802e-08	2.19555e+06	484	2.19506e+06	4.54711	
645	0.0438139	1.93882e-05	0.0437945	4.77561e-08	4.1784e+06	1849	4.17655e+06	4.55435	
646	0.0222455	5.07513e-06	0.0222404	4.76594e-08	2.12148e+06	484	2.121e+06	4.54513	
647	0.204289	0.00037061	0.203918	4.76259e-08	1.94824e+07	35344	1.94471e+07	4.54194	
648	0.0585361	2.94546e-05	0.0585066	4.71775e-08	5.5824e+06	2809	5.57959e+06	4.49917	
649	0.0572036	6.0566e-05	0.057143	4.68911e-08	5.45533e+06	5776	5.44955e+06	4.47186	
650	0.0427698	1.59489e-05	0.0427539	4.75867e-08	4.07882e+06	1521	4.0773e+06	4.5382	
651	0.0213376	4.19432e-06	0.0213334	4.77527e-08	2.0349e+06	400	2.0345e+06	4.55403	
652	0.0126279	2.68436e-06	0.0126252	4.7574e-08	1.20429e+06	256	1.20403e+06	4.53699	
653	0.0280248	1.84969e-05	0.0280063	4.73593e-08	2.67264e+06	1764	2.67088e+06	4.51651	
654	0.0155457	4.62424e-06	0.0155411	4.76772e-08	1.48255e+06	441	1.48211e+06	4.54682	
655	0.0321037	9.43723e-06	0.0320942	4.67978e-08	3.06163e+06	900	3.06073e+06	4.46296	
656	0.0367362	2.41593e-05	0.0367121	4.75533e-08	3.50342e+06	2304	3.50112e+06	4.53501	
657	0.0494672	2.72736e-05	0.04944	4.8112e-08	4.71754e+06	2601	4.71494e+06	4.58829	
658	0.0560688	2.83536e-05	0.0560404	4.86645e-08	5.34711e+06	2704	5.3444e+06	4.64098	
659	0.0173992	3.3974e-06	0.0173958	4.78649e-08	1.65931e+06	324	1.65899e+06	4.56473	
660	0.0216367	4.19432e-06	0.0216325	4.78824e-08	2.06343e+06	400	2.06303e+06	4.5664	
661	0.0347468	1.35896e-05	0.0347332	4.80346e-08	3.31369e+06	1296	3.3124e+06	4.58091	
662	0.0181147	3.3974e-06	0.0181113	4.76889e-08	1.72754e+06	324	1.72722e+06	4.54794	
663	0.123755	0.000174494	0.123581	4.60198e-08	1.18022e+07	16641	1.17855e+07	4.38876	
664	0.0325504	2.62145e-05	0.0325241	4.70387e-08	3.10423e+06	2500	3.10173e+06	4.48593	
665	0.024932	7.08841e-06	0.0249249	4.75624e-08	2.37768e+06	676	2.37701e+06	4.53588	
666	0.0278083	7.64416e-06	0.0278007	4.74929e-08	2.65199e+06	729	2.65126e+06	4.52925	
667	0.016207	2.3593e-06	0.0162047	4.78006e-08	1.54562e+06	225	1.54539e+06	4.55859	
668	0.0141954	2.3593e-06	0.0141931	4.79183e-08	1.35377e+06	225	1.35355e+06	4.56982	
669	0.0274169	7.08841e-06	0.0274098	4.78086e-08	2.61466e+06	676	2.61399e+06	4.55936	
670	0.0196293	3.78538e-06	0.0196255	4.77102e-08	1.87198e+06	361	1.87162e+06	4.54998	
671	0.0200258	4.62424e-06	0.0200212	4.77338e-08	1.9098e+06	441	1.90936e+06	4.55223	
672	0.0199176	3.78538e-06	0.0199138	4.76848e-08	1.89948e+06	361	1.89912e+06	4.54755	
673	0.0676251	4.29499e-05	0.0675822	4.76864e-08	6.4492e+06	4096	6.4451e+06	4.5477	
674	0.0214552	4.62424e-06	0.0214506	4.75877e-08	2.04611e+06	441	2.04567e+06	4.53829	
675	0.0547867	2.83536e-05	0.0547583	4.76089e-08	5.22483e+06	2704	5.22213e+06	4.54032	
676	0.0224791	5.07513e-06	0.022474	4.79925e-08	2.14376e+06	484	2.14328e+06	4.5769	
677	0.0114064	2.3593e-06	0.0114041	4.75505e-08	1.0878e+06	225	1.08757e+06	4.53474	
678	0.0172515	3.0304e-06	0.0172485	4.74937e-08	1.64523e+06	289	1.64494e+06	4.52932	
679	0.0201669	3.78538e-06	0.0201631	4.7723e-08	1.92326e+06	361	1.92289e+06	4.5512	
680	0.0214013	4.19432e-06	0.0213971	4.75132e-08	2.04098e+06	400	2.04058e+06	4.53119	
681	0.0182313	3.0304e-06	0.0182283	4.78286e-08	1.73867e+06	289	1.73838e+06	4.56127	
682	0.0156087	2.3593e-06	0.0156064	4.78746e-08	1.48856e+06	225	1.48833e+06	4.56565	
683	0.0110422	3.0304e-06	0.0110391	4.76386e-08	1.05306e+06	289	1.05277e+06	4.54315	
684	0.0314855	9.43723e-06	0.0314761	4.75712e-08	3.00267e+06	900	3.00177e+06	4.53672	
685	0.0718444	4.84864e-05	0.071796	4.77755e-08	6.85158e+06	4624	6.84696e+06	4.5562	
686	0.028527	7.64416e-06	0.0285194	4.72576e-08	2.72054e+06	729	2.71981e+06	4.50681	
687	0.0315238	9.43723e-06	0.0315143	4.76887e-08	3.00632e+06	900	3.00542e+06	4.54793	
688	0.00872726	4.19432e-06	0.00872307	4.78549e-08	832292	400	831892	4.56377	
689	0.0147978	1.21216e-05	0.0147857	4.77376e-08	1.41122e+06	1156	1.41006e+06	4.55259	
690	0.0230661	3.28835e-05	0.0230332	4.81267e-08	2.19974e+06	3136	2.19661e+06	4.58969	
691	0.00748616	3.3974e-06	0.00748276	4.77701e-08	713932	324	713608	4.55568	
692	0.00732205	3.0304e-06	0.00731902	4.76696e-08	698281	289	697992	4.54611	
693	0.00700636	2.68436e-06	0.00700367	4.77366e-08	668175	256	667919	4.55249	
694	0.0186194	2.62145e-05	0.0185932	4.78915e-08	1.77568e+06	2500	1.77318e+06	4.56727	
695	0.00636158	2.3593e-06	0.00635922	4.77679e-08	606684	225	606459	4.55548	
696	0.0421927	0.000109094	0.0420836	4.81309e-08	4.02379e+06	10404	4.01338e+06	4.5901	
697	0.00964056	4.19432e-06	0.00963637	4.77008e-08	919390	400	918990	4.54908	
698	0.0097289	4.62424e-06	0.00972428	4.77234e-08	927815	441	927374	4.55124	
699	0.0131772	8.22088e-06	0.013169	4.74746e-08	1.25667e+06	784	1.25589e+06	4.52751	
700	0.0175385	1.76266e-05	0.0175209	4.78792e-08	1.67259e+06	1681	1.67091e+06	4.56609	
701	0.0201676	2.12337e-05	0.0201463	4.77552e-08	1.92332e+06	2025	1.92129e+06	4.55426	
702	0.0151331	1.28451e-05	0.0151203	4.79421e-08	1.4432e+06	1225	1.44197e+06	4.57209	
703	0.00861594	3.78538e-06	0.00861215	4.76401e-08	821675	361	821314	4.54329	
704	0.0244147	3.40684e-05	0.0243806	4.83513e-08	2.32835e+06	3249	2.3251e+06	4.61111	
705	0.0234928	4.16182e-05	0.0234511	4.79243e-08	2.24043e+06	3969	2.23646e+06	4.57039	
706	0.00959973	3.78538e-06	0.00959594	4.78576e-08	915496	361	915135	4.56403	
707	0.0173852	7.08841e-06	0.0173782	4.7637e-08	1.65798e+06	676	1.6573e+06	4.54299	
708	0.0368701	8.12021e-05	0.0367889	4.86326e-08	3.51619e+06	7744	3.50844e+06	4.63794	
709	0.00656991	1.67773e-05	0.00655313	4.76859e-08	626552	1600	624952	4.54765	
710	0.0425378	0.000109094	0.0424288	4.77453e-08	4.0567e+06	10404	4.0463e+06	4.55332	
711	0.00599569	1.35896e-05	0.0059821	4.76179e-08	571790	1296	570494	4.54117	
712	0.00812029	2.41593e-05	0.00809613	4.75861e-08	774406	2304	772102	4.53814	
713	0.0308491	5.89827e-05	0.0307901	4.75182e-08	2.94198e+06	5625	2.93636e+06	4.53166	
714	0.0695325	0.00156234	0.0679702	4.79419e-08	6.6311e+06	148996	6.4821e+06	4.57207	
715	0.00609278	2.3593e-06	0.00609042	4.77652e-08	581050	225	580825	4.55522	
716	0.0144975	7.05066e-05	0.014427	4.77617e-08	1.38258e+06	6724	1.37586e+06	4.55489	
717	0.00538086	8.81857e-06	0.00537204	4.76741e-08	513156	841	512315	4.54653	
718	0.003239	3.3974e-06	0.0032356	4.76808e-08	308893	324	308569	4.54717	
719	0.00817465	2.21879e-05	0.00815246	4.75669e-08	779591	2116	777475	4.53631	
720	0.0122763	4.29499e-05	0.0122333	4.75467e-08	1.17075e+06	4096	1.16665e+06	4.53438	
721	0.00327266	3.3974e-06	0.00326926	4.77381e-08	312104	324	311780	4.55263	
722	0.002816	2.3593e-06	0.00281364	4.77227e-08	268553	225	268328	4.55117	
723	0.0465508	0.000650131	0.0459007	4.72538e-08	4.43941e+06	62001	4.37741e+06	4.50645	
724	0.00351862	3.78538e-06	0.00351484	4.76377e-08	335560	361	335199	4.54306	
725	0.00813512	2.3593e-06	0.00813276	4.74394e-08	775821	225	775596	4.52414	
726	0.00334442	3.0304e-06	0.00334139	4.77518e-08	318947	289	318658	4.55394	
727	0.0339282	0.00030304	0.0336251	4.86966e-08	3.23562e+06	28900	3.20672e+06	4.64404	
728	0.0124898	5.54699e-06	0.0124843	4.75394e-08	1.19112e+06	529	1.19059e+06	4.53369	
729	0.0195777	0.000124582	0.0194531	4.73124e-08	1.86707e+06	11881	1.85518e+06	4.51203	
730	0.00312601	3.0304e-06	0.00312298	4.76436e-08	298118	289	297829	4.54362	
731	0.0195808	1.28451e-05	0.0195679	4.77603e-08	1.86736e+06	1225	1.86613e+06	4.55475	
732	0.00986838	3.17196e-05	0.00983666	4.76167e-08	941116	3025	938091	4.54105	
733	0.0186106	1.07374e-05	0.0185999	4.79134e-08	1.77484e+06	1024	1.77381e+06	4.56935	
734	0.0189461	0.000115606	0.0188305	4.77046e-08	1.80683e+06	11025	1.79581e+06	4.54944	
735	0.00589119	1.00768e-05	0.00588112	4.77308e-08	561825	961	560864	4.55194	
736	0.0118924	4.03074e-05	0.0118521	4.74465e-08	1.13414e+06	3844	1.1303e+06	4.52482	
737	0.0446634	5.74203e-05	0.0446059	4.80647e-08	4.25941e+06	5476	4.25393e+06	4.58378	
738	0.00518857	7.08841e-06	0.00518148	4.76212e-08	494818	676	494142	4.54149	
739	0.0171007	8.81857e-06	0.0170919	4.75896e-08	1.63084e+06	841	1.63e+06	4.53847	
740	0.00797413	1.76266e-05	0.0079565	4.77946e-08	760468	1681	758787	4.55802	
741	0.0161571	7.08841e-06	0.0161501	4.77841e-08	1.54086e+06	676	1.54018e+06	4.55702	
742	0.0404739	4.70708e-05	0.0404268	4.8114e-08	3.85987e+06	4489	3.85538e+06	4.58848	
743	0.00341852	3.0304e-06	0.00341549	4.76343e-08	326013	289	325724	4.54273	
744	0.101063	0.00239584	0.0986674	4.78228e-08	9.63808e+06	228484	9.4096e+06	4.56071	
745	0.0074802	1.4355e-05	0.00746584	4.76198e-08	713363	1369	711994	4.54135	
746	0.0168146	7.64416e-06	0.016807	4.79879e-08	1.60356e+06	729	1.60283e+06	4.57646	
747	0.00369065	3.3974e-06	0.00368725	4.77335e-08	351966	324	351642	4.5522	
748	0.0279682	1.84969e-05	0.0279497	4.77276e-08	2.66724e+06	1764	2.66548e+06	4.55163	
749	0.0358261	0.000335976	0.0354901	4.71564e-08	3.41662e+06	32041	3.38458e+06	4.49716	
750	0.00361111	3.3974e-06	0.00360771	4.77069e-08	344381	324	344057	4.54965	
751	0.00274426	2.68436e-06	0.00274158	4.7742e-08	261712	256	261456	4.55301	
752	0.0107237	3.0304e-06	0.0107207	4.76649e-08	1.02268e+06	289	1.0224e+06	4.54565	
753	0.00272333	3.0304e-06	0.0027203	4.77186e-08	259716	289	259427	4.55078	
754	0.00460071	6.03983e-06	0.00459467	4.76673e-08	438755	576	438179	4.54589	
755	0.00981558	2.62145e-05	0.00978937	4.7549e-08	936082	2500	933582	4.5346	
756	0.0120753	3.78538e-06	0.0120715	4.7628e-08	1.15158e+06	361	1.15122e+06	4.54214	
757	0.0117729	3.78538e-06	0.0117692	4.77343e-08	1.12275e+06	361	1.12239e+06	4.55227	
758	0.00438733	4.62424e-06	0.0043827	4.77194e-08	418406	441	417965	4.55085	
759	0.00812292	1.59489e-05	0.00810697	4.79434e-08	774657	1521	773136	4.57221	
760	0.0477165	0.000507513	0.047209	4.69057e-08	4.55057e+06	48400	4.50217e+06	4.47325	
761	0.0112234	2.83536e-05	0.011195	4.76626e-08	1.07034e+06	2704	1.06764e+06	4.54544	
762	0.00376004	3.0304e-06	0.00375701	4.77472e-08	358583	289	358294	4.55351	
763	0.00742881	1.28451e-05	0.00741597	4.77214e-08	708463	1225	707238	4.55104	
764	0.00438176	4.19432e-06	0.00437757	4.76592e-08	417875	400	417475	4.54511	
765	0.00391775	3.3974e-06	0.00391435	4.77906e-08	373624	324	373300	4.55764	
766	0.0121233	2.94546e-05	0.0120939	4.74374e-08	1.15617e+06	2809	1.15336e+06	4.52396	
767	0.00669419	1.00768e-05	0.00668411	4.75689e-08	638404	961	637443	4.53649	
768	0.00500257	5.54699e-06	0.00499703	4.77715e-08	477080	529	476551	4.55582	
769	0.0112253	2.62145e-05	0.0111991	4.77239e-08	1.07053e+06	2500	1.06803e+06	4.55128	
770	0.00523043	6.03983e-06	0.00522439	4.76727e-08	498810	576	498234	4.5464	
771	0.0268716	1.59489e-05	0.0268557	4.76814e-08	2.56266e+06	1521	2.56114e+06	4.54723	
772	0.0181153	7.08841e-06	0.0181082	4.778e-08	1.7276e+06	676	1.72692e+06	4.55663	
773	0.0405972	3.52742e-05	0.040562	4.8016e-08	3.87163e+06	3364	3.86827e+06	4.57914	
774	0.0211858	8.81857e-06	0.021177	4.73941e-08	2.02042e+06	841	2.01958e+06	4.51983	
775	0.033834	2.21879e-05	0.0338118	4.79682e-08	3.22664e+06	2116	3.22453e+06	4.57458	
776	0.0613674	7.22368e-05	0.0612952	4.76981e-08	5.85242e+06	6889	5.84553e+06	4.54882	
777	0.24415	0.00113499	0.243015	4.34416e-08	2.32838e+07	108241	2.31756e+07	4.14289	
778	0.0551121	5.74203e-05	0.0550547	4.70733e-08	5.25587e+06	5476	5.25039e+06	4.48923	
779	0.100477	0.000191104	0.100286	4.74183e-08	9.58222e+06	18225	9.56399e+06	4.52214	
780	0.0133632	3.3974e-06	0.0133598	4.7707e-08	1.2744e+06	324	1.27408e+06	4.54966	
781	0.204951	0.000804566	0.204147	4.98045e-08	1.95456e+07	76729	1.94689e+07	4.7497	
782	0.0209242	8.22088e-06	0.0209159	4.75496e-08	1.99547e+06	784	1.99469e+06	4.53466	
783	0.0487921	4.99229e-05	0.0487422	4.72008e-08	4.65315e+06	4761	4.64839e+06	4.5014	
784	0.0316606	1.93882e-05	0.0316413	4.77117e-08	3.01938e+06	1849	3.01753e+06	4.55012	
785	0.0712523	9.46345e-05	0.0711576	4.72179e-08	6.79511e+06	9025	6.78608e+06	4.50302	
786	0.703766	0.00926527	0.694501	4.15742e-08	6.7116e+07	883600	6.62324e+07	3.9648	
787	26.0839	6.96896	19.115	1.14519e-07	2.48754e+09	6.64608e+08	1.82293e+09	10.9213	
788	0.0154442	5.07513e-06	0.0154392	4.77479e-08	1.47287e+06	484	1.47238e+06	4.55356	
789	0.0565803	6.87974e-05	0.0565115	4.84137e-08	5.39589e+06	6561	5.38932e+06	4.61707	
790	0.0272095	1.35896e-05	0.0271959	4.74481e-08	2.59489e+06	1296	2.59359e+06	4.52498	
791	0.0372376	2.83536e-05	0.0372093	4.821e-08	3.55124e+06	2704	3.54853e+06	4.59764	
792	0.0356712	2.51764e-05	0.035646	4.73884e-08	3.40185e+06	2401	3.39945e+06	4.51928	
793	0.0145118	3.78538e-06	0.014508	4.79642e-08	1.38395e+06	361	1.38359e+06	4.5742	
794	0.0139611	3.3974e-06	0.0139577	4.77174e-08	1.33143e+06	324	1.33111e+06	4.55066	
795	0.0427402	3.65011e-05	0.0427037	4.74102e-08	4.076e+06	3481	4.07252e+06	4.52136	
796	0.068805	0.000109094	0.0686959	4.91532e-08	6.56172e+06	10404	6.55131e+06	4.68759	
797	0.0189319	6.55363e-06	0.0189254	4.7364e-08	1.80548e+06	625	1.80485e+06	4.51696	
798	0.011502	2.3593e-06	0.0114996	4.77177e-08	1.09691e+06	225	1.09668e+06	4.55069	
799	0.016608	5.07513e-06	0.0166029	4.73936e-08	1.58385e+06	484	1.58337e+06	4.51978	
800	0.0406424	3.28835e-05	0.0406095	4.79554e-08	3.87594e+06	3136	3.87281e+06	4.57336	
801	0.0447975	3.65011e-05	0.044761	4.8213e-08	4.2722e+06	3481	4.26872e+06	4.59792	
802	0.0240277	1.1419e-05	0.0240163	4.79047e-08	2.29144e+06	1089	2.29036e+06	4.56852	
803	0.0155639	4.19432e-06	0.0155597	4.75966e-08	1.48428e+06	400	1.48388e+06	4.53914	
804	0.011111	2.3593e-06	0.0111086	4.77587e-08	1.05962e+06	225	1.05939e+06	4.5546	
805	0.0625818	7.39879e-05	0.0625078	4.65723e-08	5.96823e+06	7056	5.96118e+06	4.44145	
806	0.0163283	6.03983e-06	0.0163223	4.74441e-08	1.55718e+06	576	1.5566e+06	4.5246	
807	0.0163461	6.55363e-06	0.0163395	4.78679e-08	1.55887e+06	625	1.55825e+06	4.56502	
808	0.0123988	3.0304e-06	0.0123957	4.75523e-08	1.18243e+06	289	1.18214e+06	4.53492	
809	0.0110993	2.3593e-06	0.0110969	4.76505e-08	1.05851e+06	225	1.05828e+06	4.54428	
810	0.0121434	2.68436e-06	0.0121407	4.77115e-08	1.15808e+06	256	1.15782e+06	4.5501	
811	0.0301818	2.03005e-05	0.0301615	4.79377e-08	2.87834e+06	1936	2.87641e+06	4.57167	
812	0.015636	4.62424e-06	0.0156314	4.78622e-08	1.49116e+06	441	1.49072e+06	4.56447	
813	0.0110719	2.3593e-06	0.0110695	4.76263e-08	1.05589e+06	225	1.05567e+06	4.54197	
814	0.0619414	7.05066e-05	0.0618709	4.62675e-08	5.90716e+06	6724	5.90043e+06	4.41238	
815	0.196545	0.000714304	0.195831	5.02094e-08	1.87439e+07	68121	1.86758e+07	4.78831	
816	0.0445447	4.43025e-05	0.0445004	4.70558e-08	4.24809e+06	4225	4.24386e+06	4.48756	
817	0.0228541	1.07374e-05	0.0228434	4.75673e-08	2.17952e+06	1024	2.1785e+06	4.53635	
818	0.0268238	1.51415e-05	0.0268086	4.75861e-08	2.5581e+06	1444	2.55665e+06	4.53814	
819	0.0147212	3.78538e-06	0.0147174	4.75244e-08	1.40392e+06	361	1.40356e+06	4.53225	
820	0.168117	0.000475731	0.167641	4.9773e-08	1.60328e+07	45369	1.59874e+07	4.74669	
821	0.0234174	9.43723e-06	0.0234079	4.7593e-08	2.23324e+06	900	2.23234e+06	4.5388	
822	0.0194757	9.43723e-06	0.0194663	4.80837e-08	1.85734e+06	900	1.85644e+06	4.58559	
823	0.0173764	6.55363e-06	0.0173698	4.79588e-08	1.65713e+06	625	1.65651e+06	4.57368	
824	0.0437991	3.28835e-05	0.0437662	4.78419e-08	4.17698e+06	3136	4.17385e+06	4.56254	
825	0.0129038	3.0304e-06	0.0129008	4.7556e-08	1.23059e+06	289	1.2303e+06	4.53526	
826	0.0116543	2.3593e-06	0.0116519	4.77626e-08	1.11143e+06	225	1.11121e+06	4.55497	
827	0.0371754	2.41593e-05	0.0371512	4.83828e-08	3.5453e+06	2304	3.543e+06	4.61412	
828	0.0055983	3.3974e-06	0.0055949	4.76881e-08	533892	324	533568	4.54786	
829	0.0188514	6.03983e-06	0.0188454	4.76129e-08	1.7978e+06	576	1.79722e+06	4.54069	
830	0.0204217	7.08841e-06	0.0204147	4.73284e-08	1.94756e+06	676	1.94688e+06	4.51356	
831	0.0792799	0.000106965	0.079173	4.84665e-08	7.56068e+06	10201	7.55048e+06	4.6221	
832	0.193973	0.000639729	0.193333	4.47496e-08	1.84986e+07	61009	1.84376e+07	4.26763	
833	0.0284732	1.59489e-05	0.0284573	4.83303e-08	2.7154e+06	1521	2.71388e+06	4.60911	
834	0.150719	0.000398723	0.15032	4.78536e-08	1.43736e+07	38025	1.43356e+07	4.56365	
