Node	dPC	dPCintra	dPCflux	dPCconnector	varPC	varPCintra	varPCflux	varPCconnector	
16	0.0118286	2.4445e-06	0.0118261	6.80538e-08	1.23874e+06	256	1.23849e+06	7.12691	
21	0.00961872	1.87157e-06	0.00961685	6.79233e-08	1.00731e+06	196	1.00712e+06	7.11325	
32	0.156174	0.000413121	0.155761	7.06026e-08	1.63553e+07	43264	1.6312e+07	7.39383	
39	0.0199622	9.17644e-06	0.019953	6.7711e-08	2.09053e+06	961	2.08957e+06	7.09101	
62	0.0126392	2.75961e-06	0.0126364	6.75622e-08	1.32363e+06	289	1.32334e+06	7.07543	
69	0.0318654	2.02053e-05	0.0318452	6.79581e-08	3.33709e+06	2116	3.33498e+06	7.11688	
83	29.4434	8.13615	21.3072	0	3.08345e+09	8.52056e+08	2.23139e+09	0	
85	0.0193889	6.96111e-06	0.0193819	6.80789e-08	2.03049e+06	729	2.02976e+06	7.12954	
99	0.0262693	1.23753e-05	0.0262569	6.82163e-08	2.75104e+06	1296	2.74975e+06	7.14393	
103	0.0208398	5.96803e-06	0.0208339	6.78847e-08	2.18245e+06	625	2.18182e+06	7.1092	
125	0.0798509	0.000111377	0.0797395	6.62258e-08	8.36236e+06	11664	8.35069e+06	6.93547	
135	0.0149289	4.62164e-06	0.0149243	6.75754e-08	1.56342e+06	484	1.56294e+06	7.07681	
136	0.0082403	1.37503e-06	0.00823892	6.79955e-08	862962	144	862818	7.1208	
154	0.0123236	3.44713e-06	0.0123201	6.79783e-08	1.29058e+06	361	1.29022e+06	7.119	
165	0.011048	2.75961e-06	0.0110453	6.80011e-08	1.157e+06	289	1.15671e+06	7.12139	
194	0.0135673	3.09382e-06	0.0135642	6.82639e-08	1.42083e+06	324	1.42051e+06	7.14891	
245	0.0397233	2.99452e-05	0.0396933	6.79349e-08	4.16001e+06	3136	4.15687e+06	7.11446	
255	0.0891319	0.000135221	0.0889967	7.00541e-08	9.33431e+06	14161	9.32015e+06	7.33639	
260	0.0154724	5.50013e-06	0.0154669	6.80912e-08	1.62034e+06	576	1.61976e+06	7.13082	
261	0.00979628	2.14849e-06	0.00979413	6.77202e-08	1.02591e+06	225	1.02568e+06	7.09197	
262	0.0298367	1.76558e-05	0.029819	6.772e-08	3.12463e+06	1849	3.12278e+06	7.09195	
273	0.028736	1.37885e-05	0.0287222	6.81873e-08	3.00937e+06	1444	3.00793e+06	7.14089	
287	0.0705322	8.2588e-05	0.0704496	6.6722e-08	7.38646e+06	8649	7.37781e+06	6.98743	
298	0.0185589	7.4863e-06	0.0185514	6.79643e-08	1.94358e+06	784	1.94279e+06	7.11754	
312	0.024214	1.23753e-05	0.0242016	6.76898e-08	2.5358e+06	1296	2.53451e+06	7.08879	
340	0.0251092	1.10384e-05	0.0250981	6.76856e-08	2.62955e+06	1156	2.62839e+06	7.08835	
355	0.0147505	4.62164e-06	0.0147459	6.79262e-08	1.54474e+06	484	1.54426e+06	7.11355	
366	0.00875325	1.61375e-06	0.00875163	6.77996e-08	916680	169	916511	7.10028	
382	0.00883154	1.61375e-06	0.00882993	6.77766e-08	924880	169	924711	7.09788	
393	0.00976523	1.61375e-06	0.00976362	6.79073e-08	1.02266e+06	169	1.02249e+06	7.11157	
422	0.622805	0.00653073	0.616274	6.95453e-08	6.5223e+07	683929	6.45391e+07	7.2831	
441	0.0104434	2.14849e-06	0.0104412	6.78521e-08	1.09368e+06	225	1.09345e+06	7.10579	
455	0.00799023	1.15541e-06	0.00798907	6.76604e-08	836774	121	836653	7.08571	
470	0.0108416	1.87157e-06	0.0108397	6.79739e-08	1.13538e+06	196	1.13518e+06	7.11854	
472	0.00896569	1.87157e-06	0.00896381	6.79864e-08	938928	196	938732	7.11985	
506	0.00807444	1.37503e-06	0.00807306	6.77997e-08	845592	144	845448	7.1003	
508	0.019525	7.4863e-06	0.0195175	6.75879e-08	2.04475e+06	784	2.04396e+06	7.07812	
524	0.0164749	5.96803e-06	0.0164689	6.77454e-08	1.72533e+06	625	1.7247e+06	7.09461	
529	0.0389506	2.48365e-05	0.0389258	6.76421e-08	4.07909e+06	2601	4.07648e+06	7.08379	
552	0.0171261	5.05134e-06	0.017121	6.76147e-08	1.79352e+06	529	1.79299e+06	7.08092	
591	0.020579	9.17644e-06	0.0205698	6.7834e-08	2.15513e+06	961	2.15417e+06	7.10389	
614	0.00974647	1.37503e-06	0.0097451	6.78261e-08	1.02069e+06	144	1.02055e+06	7.10307	
644	0.022257	9.77802e-06	0.0222472	6.80729e-08	2.33085e+06	1024	2.32983e+06	7.12891	
654	0.0281353	1.60516e-05	0.0281192	6.82276e-08	2.94646e+06	1681	2.94478e+06	7.14511	
665	0.0160491	4.21104e-06	0.0160449	6.7489e-08	1.68074e+06	441	1.6803e+06	7.06776	
708	0.0169327	5.96803e-06	0.0169267	6.76064e-08	1.77327e+06	625	1.77265e+06	7.08005	
724	0.0260664	1.10384e-05	0.0260554	6.79179e-08	2.7298e+06	1156	2.72864e+06	7.11268	
727	0.00914685	1.37503e-06	0.00914548	6.75982e-08	957901	144	957757	7.07919	
735	0.00787787	1.37503e-06	0.00787649	6.79032e-08	825007	144	824863	7.11114	
738	0.0206222	6.96111e-06	0.0206152	6.74166e-08	2.15965e+06	729	2.15892e+06	7.06018	
767	0.0379511	2.582e-05	0.0379253	6.84042e-08	3.97441e+06	2704	3.97171e+06	7.16361	
774	0.11111	0.000211994	0.110898	6.61591e-08	1.16359e+07	22201	1.16137e+07	6.92848	
775	0.00721724	1.15541e-06	0.00721608	6.77286e-08	755823	121	755702	7.09285	
779	0.0504316	5.66151e-05	0.050375	6.87327e-08	5.28143e+06	5929	5.2755e+06	7.19801	
783	0.0106983	1.87157e-06	0.0106965	6.78752e-08	1.12038e+06	196	1.12018e+06	7.10821	
803	0.016237	3.81954e-06	0.0162331	6.79709e-08	1.70041e+06	400	1.70001e+06	7.11823	
809	0.0122212	2.4445e-06	0.0122187	6.76851e-08	1.27986e+06	256	1.2796e+06	7.0883	
856	0.00915596	1.37503e-06	0.00915459	6.776e-08	958855	144	958711	7.09614	
868	0.0563002	6.42064e-05	0.056236	6.79323e-08	5.89602e+06	6724	5.88929e+06	7.11418	
883	0.0131439	3.81954e-06	0.0131401	6.80392e-08	1.37649e+06	400	1.37609e+06	7.12538	
890	0.0175547	5.50013e-06	0.0175492	6.78479e-08	1.83841e+06	576	1.83784e+06	7.10535	
898	0.0209938	9.77802e-06	0.020984	6.81076e-08	2.19857e+06	1024	2.19754e+06	7.13255	
906	0.0140868	3.44713e-06	0.0140833	6.78181e-08	1.47523e+06	361	1.47487e+06	7.10223	
943	0.0773706	0.000105276	0.0772653	6.71781e-08	8.10261e+06	11025	8.09158e+06	7.0352	
957	0.0441117	4.28647e-05	0.0440688	6.79006e-08	4.61958e+06	4489	4.61509e+06	7.11087	
999	0.0873392	0.000135221	0.087204	6.62694e-08	9.14657e+06	14161	9.1324e+06	6.94004	
1020	0.0195418	6.45502e-06	0.0195354	6.79618e-08	2.04651e+06	676	2.04584e+06	7.11727	
1083	0.106901	0.000195264	0.106706	6.8238e-08	1.11952e+07	20449	1.11747e+07	7.1462	
1084	0.0278623	1.30723e-05	0.0278493	6.74816e-08	2.91787e+06	1369	2.9165e+06	7.06699	
1113	0.000265376	1.15541e-06	0.00026422	6.78118e-08	27791.4	121	27670.4	7.10156	
1118	0.012941	2.75961e-06	0.0129382	6.78988e-08	1.35524e+06	289	1.35495e+06	7.11068	
1146	0.0325793	1.93364e-05	0.03256	6.78826e-08	3.41185e+06	2025	3.40983e+06	7.10898	
1172	0.00900784	1.37503e-06	0.00900646	6.80218e-08	943342	144	943198	7.12356	
1191	0.050635	4.28647e-05	0.0505921	6.82204e-08	5.30273e+06	4489	5.29824e+06	7.14436	
1204	0.0270222	1.30723e-05	0.0270092	6.76869e-08	2.82989e+06	1369	2.82853e+06	7.08849	
1207	0.0105151	1.87157e-06	0.0105132	6.78981e-08	1.10119e+06	196	1.10099e+06	7.1106	
1244	0.00830213	1.15541e-06	0.00830098	6.78011e-08	869438	121	869317	7.10045	
1261	0.0680295	8.08214e-05	0.0679487	6.73927e-08	7.12437e+06	8464	7.1159e+06	7.05768	
1275	0.018789	5.96803e-06	0.0187831	6.80138e-08	1.96767e+06	625	1.96705e+06	7.12272	
1277	0.0111233	2.14849e-06	0.0111211	6.77042e-08	1.16488e+06	225	1.16466e+06	7.09029	
1285	0.0288415	1.37885e-05	0.0288277	6.79703e-08	3.02042e+06	1444	3.01897e+06	7.11817	
1286	0.0129093	2.75961e-06	0.0129065	6.78754e-08	1.35192e+06	289	1.35163e+06	7.10822	
1308	0.00976413	1.61375e-06	0.00976252	6.79054e-08	1.02254e+06	169	1.02237e+06	7.11136	
1341	0.0914119	0.000151597	0.0912603	6.82158e-08	9.57308e+06	15876	9.55721e+06	7.14388	
1356	0.00973127	1.61375e-06	0.00972965	6.77408e-08	1.0191e+06	169	1.01893e+06	7.09413	
1362	0.0128122	2.75961e-06	0.0128095	6.77705e-08	1.34176e+06	289	1.34147e+06	7.09724	
1368	0.0204637	6.96111e-06	0.0204567	6.77564e-08	2.14305e+06	729	2.14232e+06	7.09577	
1373	0.0105476	1.87157e-06	0.0105457	6.78239e-08	1.10459e+06	196	1.10439e+06	7.10283	
1383	0.01271	2.75961e-06	0.0127072	6.77867e-08	1.33105e+06	289	1.33076e+06	7.09894	
1428	0.0301024	1.52781e-05	0.0300871	6.72674e-08	3.15246e+06	1600	3.15086e+06	7.04455	
1455	0.00897908	1.37503e-06	0.0089777	6.77472e-08	940331	144	940187	7.0948	
1469	0.0819204	0.000121929	0.0817985	6.87723e-08	8.57908e+06	12769	8.56631e+06	7.20215	
1512	0.0121064	3.09382e-06	0.0121033	6.78432e-08	1.26784e+06	324	1.26751e+06	7.10485	
1532	0.0149998	3.81954e-06	0.0149959	6.76274e-08	1.57084e+06	400	1.57044e+06	7.08226	
1533	0.0134709	3.09382e-06	0.0134678	6.76277e-08	1.41073e+06	324	1.41041e+06	7.08229	
1548	0.0140472	3.44713e-06	0.0140438	6.8087e-08	1.47109e+06	361	1.47073e+06	7.13039	
1575	0.00799359	1.61375e-06	0.00799198	6.78668e-08	837126	169	836957	7.10733	
1581	0.128903	0.00023238	0.128671	6.68263e-08	1.34993e+07	24336	1.3475e+07	6.99835	
1582	0.0225447	8.59396e-06	0.0225361	6.778e-08	2.36099e+06	900	2.36009e+06	7.09824	
1583	0.0438901	3.21223e-05	0.043858	6.7983e-08	4.59637e+06	3364	4.59301e+06	7.11949	
1597	0.0117941	2.4445e-06	0.0117916	6.7708e-08	1.23513e+06	256	1.23488e+06	7.09069	
1637	0.00827136	1.15541e-06	0.00827021	6.79503e-08	866216	121	866095	7.11607	
1706	0.00962877	1.61375e-06	0.00962715	6.80913e-08	1.00836e+06	169	1.0082e+06	7.13084	
1735	0.00884027	1.61375e-06	0.00883865	6.77896e-08	925794	169	925625	7.09924	
1739	0.0222331	8.59396e-06	0.0222245	6.82825e-08	2.32835e+06	900	2.32745e+06	7.15086	
1762	0.034301	2.02053e-05	0.0342808	6.80646e-08	3.59216e+06	2116	3.59004e+06	7.12804	
1792	0.0201798	5.50013e-06	0.0201743	6.77381e-08	2.11332e+06	576	2.11274e+06	7.09385	
1798	0.0275078	1.30723e-05	0.0274947	6.81748e-08	2.88074e+06	1369	2.87937e+06	7.13958	
1801	0.0200639	6.96111e-06	0.0200569	6.79357e-08	2.10118e+06	729	2.10045e+06	7.11454	
1802	0.0150073	3.81954e-06	0.0150035	6.77611e-08	1.57163e+06	400	1.57123e+06	7.09625	
1814	0.0144588	2.75961e-06	0.0144561	6.76291e-08	1.5142e+06	289	1.51391e+06	7.08244	
1815	0.0142249	3.44713e-06	0.0142214	6.79259e-08	1.4897e+06	361	1.48933e+06	7.11352	
1823	0.0214676	8.59396e-06	0.021459	6.76126e-08	2.24818e+06	900	2.24728e+06	7.08071	
1829	0.015591	4.21104e-06	0.0155868	6.81636e-08	1.63276e+06	441	1.63232e+06	7.1384	
1848	0.00818548	1.15541e-06	0.00818433	6.77063e-08	857222	121	857101	7.09052	
1861	0.0317523	1.68441e-05	0.0317354	6.76321e-08	3.32525e+06	1764	3.32348e+06	7.08274	
1898	0.0202751	9.77802e-06	0.0202653	6.76736e-08	2.1233e+06	1024	2.12227e+06	7.08709	
1899	0.0115144	2.75961e-06	0.0115117	6.76878e-08	1.20585e+06	289	1.20556e+06	7.08858	
1900	0.0090025	1.37503e-06	0.00900113	6.7681e-08	942784	144	942640	7.08787	
1980	0.0130058	2.14849e-06	0.0130036	6.76217e-08	1.36203e+06	225	1.3618e+06	7.08166	
1984	0.00998811	2.14849e-06	0.00998596	6.79534e-08	1.046e+06	225	1.04577e+06	7.11639	
1991	0.00883547	1.61375e-06	0.00883386	6.79923e-08	925292	169	925123	7.12047	
2021	0.0100524	2.14849e-06	0.0100503	6.78433e-08	1.05273e+06	225	1.05251e+06	7.10486	
2023	0.0137434	3.81954e-06	0.0137396	6.74236e-08	1.43927e+06	400	1.43887e+06	7.06091	
2024	0.00883553	1.37503e-06	0.00883416	6.77227e-08	925298	144	925154	7.09224	
2030	0.0218185	8.59396e-06	0.0218099	6.79288e-08	2.28493e+06	900	2.28403e+06	7.11382	
2036	0.0141769	2.75961e-06	0.0141742	6.76702e-08	1.48467e+06	289	1.48439e+06	7.08673	
2038	0.0121415	3.09382e-06	0.0121384	6.77642e-08	1.27151e+06	324	1.27119e+06	7.09658	
2044	0.00810397	1.15541e-06	0.00810281	6.7832e-08	848685	121	848564	7.10368	
2081	0.0101818	1.87157e-06	0.0101799	6.79861e-08	1.06629e+06	196	1.06609e+06	7.11982	
2088	0.0100983	1.87157e-06	0.0100964	6.77568e-08	1.05754e+06	196	1.05734e+06	7.0958	
2109	0.0215737	8.03058e-06	0.0215657	6.7977e-08	2.2593e+06	841	2.25846e+06	7.11887	
2116	0.115277	0.000333913	0.114943	6.64574e-08	1.20723e+07	34969	1.20373e+07	6.95973	
2123	0.0874006	0.000144464	0.0872561	6.7383e-08	9.15299e+06	15129	9.13786e+06	7.05666	
2133	0.0104933	2.14849e-06	0.0104912	6.7752e-08	1.09891e+06	225	1.09868e+06	7.09531	
2234	0.0100773	2.14849e-06	0.0100752	6.76209e-08	1.05534e+06	225	1.05512e+06	7.08158	
2235	0.0115078	2.75961e-06	0.011505	6.76845e-08	1.20515e+06	289	1.20486e+06	7.08824	
2256	0.00944906	1.87157e-06	0.00944719	6.77448e-08	989550	196	989354	7.09455	
2259	0.465173	0.00488161	0.460291	5.07595e-08	4.87151e+07	511225	4.82038e+07	5.31577	
2271	0.00877161	1.37503e-06	0.00877023	6.79087e-08	918604	144	918460	7.11172	
2277	0.0137693	4.62164e-06	0.0137647	6.76624e-08	1.44199e+06	484	1.4415e+06	7.08592	
2279	0.10941	0.000217723	0.109192	6.82393e-08	1.14579e+07	22801	1.14351e+07	7.14633	
2321	0.00821741	1.15541e-06	0.00821626	6.80062e-08	860566	121	860445	7.12192	
2340	0.0108043	2.4445e-06	0.0108019	6.77694e-08	1.13148e+06	256	1.13122e+06	7.09712	
2379	0.0431648	3.67057e-05	0.043128	6.65186e-08	4.52041e+06	3844	4.51657e+06	6.96613	
2386	0.00948438	2.14849e-06	0.00948223	6.78028e-08	993248	225	993023	7.10062	
2389	0.0467054	4.03439e-05	0.046665	6.84155e-08	4.8912e+06	4225	4.88698e+06	7.16479	
2392	0.0101929	2.75961e-06	0.0101901	6.77991e-08	1.06745e+06	289	1.06716e+06	7.10024	
2400	0.00821206	1.61375e-06	0.00821044	6.78932e-08	860005	169	859836	7.11009	
2422	0.0151425	5.50013e-06	0.015137	6.78131e-08	1.58579e+06	576	1.58522e+06	7.1017	
2431	0.0132243	3.09382e-06	0.0132212	6.78422e-08	1.38491e+06	324	1.38458e+06	7.10474	
2439	0.0431886	4.15947e-05	0.043147	6.79416e-08	4.52291e+06	4356	4.51855e+06	7.11516	
2469	0.0377241	2.68227e-05	0.0376972	6.85155e-08	3.95064e+06	2809	3.94783e+06	7.17526	
2486	0.00764043	1.37503e-06	0.00763905	6.78186e-08	800141	144	799997	7.10228	
2498	0.00795044	1.61375e-06	0.00794883	6.76168e-08	832607	169	832438	7.08115	
2531	0.0111235	2.4445e-06	0.0111211	6.78868e-08	1.16491e+06	256	1.16465e+06	7.10942	
2549	0.0201484	7.4863e-06	0.0201409	6.75117e-08	2.11004e+06	784	2.10925e+06	7.07013	
2558	0.00181527	1.37503e-06	0.00181389	6.77902e-08	190103	144	189959	7.0993	
2567	0.0101437	1.87157e-06	0.0101418	6.78186e-08	1.0623e+06	196	1.0621e+06	7.10227	
2628	0.145688	0.000397385	0.145291	6.62335e-08	1.52571e+07	41616	1.52155e+07	6.93628	
2646	0.0128957	3.44713e-06	0.0128923	6.8023e-08	1.3505e+06	361	1.35014e+06	7.12368	
2660	0.014572	3.81954e-06	0.0145682	6.80539e-08	1.52605e+06	400	1.52565e+06	7.12692	
2673	0.0217271	8.59396e-06	0.0217185	6.75952e-08	2.27536e+06	900	2.27446e+06	7.07888	
2702	0.164132	0.000487717	0.163644	6.77072e-08	1.71887e+07	51076	1.71376e+07	7.09062	
2704	0.0109707	2.14849e-06	0.0109685	6.76783e-08	1.1489e+06	225	1.14867e+06	7.08758	
2705	0.0161836	4.62164e-06	0.016179	6.82912e-08	1.69482e+06	484	1.69434e+06	7.15178	
2742	0.01014	1.87157e-06	0.0101381	6.78928e-08	1.0619e+06	196	1.06171e+06	7.11005	
2744	0.0300789	1.60516e-05	0.0300629	6.81036e-08	3.15e+06	1681	3.14832e+06	7.13213	
2768	0.00892267	1.61375e-06	0.00892105	6.7889e-08	934423	169	934254	7.10965	
2780	0.00201881	1.61375e-06	0.00201719	6.78044e-08	211419	169	211250	7.10079	
2792	0.041774	2.48365e-05	0.0417492	6.77627e-08	4.37477e+06	2601	4.37217e+06	7.09643	
2827	0.0449687	4.28647e-05	0.0449258	6.78862e-08	4.70933e+06	4489	4.70484e+06	7.10936	
2830	0.0160586	4.62164e-06	0.016054	6.74444e-08	1.68173e+06	484	1.68125e+06	7.06309	
2842	0.0132423	3.09382e-06	0.0132393	6.7884e-08	1.3868e+06	324	1.38648e+06	7.10913	
2852	0.0119498	3.09382e-06	0.0119467	6.78569e-08	1.25144e+06	324	1.25111e+06	7.10629	
2871	0.0243545	1.03986e-05	0.0243441	6.82065e-08	2.55052e+06	1089	2.54943e+06	7.1429	
2878	0.0154715	4.62164e-06	0.0154669	6.7947e-08	1.62025e+06	484	1.61976e+06	7.11572	
2881	0.0943209	0.000158902	0.094162	6.9323e-08	9.87772e+06	16641	9.86108e+06	7.25982	
2900	0.0117789	3.09382e-06	0.0117758	6.75042e-08	1.23354e+06	324	1.23322e+06	7.06935	
2905	0.0451935	4.41538e-05	0.0451493	6.82088e-08	4.73287e+06	4624	4.72824e+06	7.14314	
2918	0.00882373	1.61375e-06	0.00882212	6.78411e-08	924062	169	923893	7.10463	
2924	0.0565536	5.95943e-05	0.056494	6.71652e-08	5.92256e+06	6241	5.91632e+06	7.03385	
2932	0.0121369	3.09382e-06	0.0121338	6.76391e-08	1.27103e+06	324	1.2707e+06	7.08348	
2941	0.0205787	8.03058e-06	0.0205707	6.77983e-08	2.1551e+06	841	2.15426e+06	7.10015	
2950	0.00921328	1.87157e-06	0.0092114	6.75642e-08	964857	196	964661	7.07564	
2954	0.0168888	5.05134e-06	0.0168838	6.75709e-08	1.76867e+06	529	1.76815e+06	7.07633	
2964	0.0153528	4.62164e-06	0.0153481	6.77106e-08	1.60781e+06	484	1.60733e+06	7.09096	
2988	0.0158823	0.000211994	0.0156703	6.80163e-08	1.66327e+06	22201	1.64106e+06	7.12299	
3046	0.0420291	3.21223e-05	0.041997	6.69875e-08	4.40148e+06	3364	4.39812e+06	7.01524	
3050	0.0102821	1.87157e-06	0.0102803	6.79155e-08	1.07679e+06	196	1.0766e+06	7.11242	
3073	0.0198999	8.03058e-06	0.0198919	6.82025e-08	2.08401e+06	841	2.08317e+06	7.14248	
3112	0.0228537	9.77802e-06	0.0228439	6.75692e-08	2.39335e+06	1024	2.39232e+06	7.07616	
3128	0.005116	1.30723e-05	0.00510293	6.78237e-08	535771	1369	534402	7.10281	
3152	0.0104925	2.14849e-06	0.0104903	6.78696e-08	1.09882e+06	225	1.0986e+06	7.10762	
3155	0.0362278	2.38721e-05	0.036204	6.83187e-08	3.79395e+06	2500	3.79145e+06	7.15465	
3180	0.00954233	1.37503e-06	0.00954095	6.77273e-08	999316	144	999172	7.09272	
3222	0.0097053	1.87157e-06	0.00970343	6.77559e-08	1.01638e+06	196	1.01618e+06	7.09571	
3224	0.00339556	3.44713e-06	0.00339212	6.79029e-08	355599	361	355238	7.1111	
3254	0.0288962	1.68441e-05	0.0288793	6.79046e-08	3.02614e+06	1764	3.02438e+06	7.11129	
3258	0.0164607	3.81954e-06	0.0164569	6.74765e-08	1.72384e+06	400	1.72344e+06	7.06645	
3261	0.0118881	2.75961e-06	0.0118854	6.80902e-08	1.24498e+06	289	1.24469e+06	7.13072	
3262	0.013235	3.44713e-06	0.0132315	6.78606e-08	1.38603e+06	361	1.38566e+06	7.10668	
3269	0.0280358	1.03986e-05	0.0280254	6.77812e-08	2.93604e+06	1089	2.93495e+06	7.09836	
3277	0.0423159	3.32395e-05	0.0422827	6.85253e-08	4.43152e+06	3481	4.42804e+06	7.17629	
3281	0.0219388	8.59396e-06	0.0219302	6.82894e-08	2.29754e+06	900	2.29664e+06	7.15159	
3301	0.0108054	2.14849e-06	0.0108032	6.78383e-08	1.13159e+06	225	1.13137e+06	7.10434	
3318	0.0105775	2.14849e-06	0.0105753	6.77183e-08	1.10772e+06	225	1.1075e+06	7.09177	
3334	0.0234548	1.03986e-05	0.0234444	6.7844e-08	2.4563e+06	1089	2.45521e+06	7.10494	
3367	0.049733	4.95012e-05	0.0496835	6.80169e-08	5.20827e+06	5184	5.20309e+06	7.12304	
3386	0.0102513	2.14849e-06	0.0102492	6.77702e-08	1.07357e+06	225	1.07334e+06	7.09721	
3395	0.19954	0.000732673	0.198807	6.74967e-08	2.08967e+07	76729	2.082e+07	7.06857	
3472	0.015564	4.62164e-06	0.0155594	6.80338e-08	1.62994e+06	484	1.62945e+06	7.12482	
3491	0.0119119	2.75961e-06	0.0119092	6.75909e-08	1.24747e+06	289	1.24718e+06	7.07843	
3496	0.00420332	2.02053e-05	0.00418311	6.77292e-08	440191	2116	438075	7.09292	
3542	0.0161924	5.05134e-06	0.0161873	6.78025e-08	1.69574e+06	529	1.69521e+06	7.10059	
3557	0.0186733	8.03058e-06	0.0186653	6.73991e-08	1.95555e+06	841	1.95471e+06	7.05834	
3566	0.00838283	1.37503e-06	0.00838145	6.80237e-08	877888	144	877744	7.12376	
3568	0.0166713	5.05134e-06	0.0166662	6.76123e-08	1.74589e+06	529	1.74537e+06	7.08067	
3598	0.0424572	3.55312e-05	0.0424217	6.86319e-08	4.44632e+06	3721	4.4426e+06	7.18745	
3611	0.0273473	1.45238e-05	0.0273328	6.78668e-08	2.86394e+06	1521	2.86242e+06	7.10732	
3632	0.0117583	2.75961e-06	0.0117555	6.77865e-08	1.23138e+06	289	1.23109e+06	7.09891	
3633	0.0100114	1.87157e-06	0.0100095	6.79735e-08	1.04844e+06	196	1.04824e+06	7.1185	
3657	0.0231737	1.23753e-05	0.0231613	6.80638e-08	2.42686e+06	1296	2.42556e+06	7.12795	
3662	0.0205104	8.59396e-06	0.0205019	6.7879e-08	2.14795e+06	900	2.14705e+06	7.1086	
3684	0.0141043	3.81954e-06	0.0141004	6.74698e-08	1.47706e+06	400	1.47666e+06	7.06575	
3695	0.0240198	1.10384e-05	0.0240087	6.80545e-08	2.51546e+06	1156	2.51431e+06	7.12698	
3724	0.00904821	1.61375e-06	0.0090466	6.78768e-08	947570	169	947401	7.10837	
3726	0.012764	3.09382e-06	0.0127609	6.80062e-08	1.3367e+06	324	1.33638e+06	7.12193	
3746	0.00873374	1.37503e-06	0.00873236	6.76765e-08	914637	144	914493	7.08739	
3762	0.00927601	1.61375e-06	0.00927439	6.79266e-08	971426	169	971257	7.11358	
3805	0.0175161	5.96803e-06	0.0175101	6.76309e-08	1.83437e+06	625	1.83374e+06	7.08263	
3806	0.0169236	5.50013e-06	0.0169181	6.81257e-08	1.77232e+06	576	1.77174e+06	7.13444	
3811	0.0122897	2.75961e-06	0.0122869	6.76852e-08	1.28703e+06	289	1.28674e+06	7.08831	
3815	0.017474	5.96803e-06	0.017468	6.82723e-08	1.82996e+06	625	1.82933e+06	7.14979	
3861	0.0103545	2.14849e-06	0.0103524	6.77064e-08	1.08437e+06	225	1.08415e+06	7.09053	
3866	0.0129552	3.09382e-06	0.0129521	6.78262e-08	1.35673e+06	324	1.3564e+06	7.10307	
3885	0.0698178	9.35882e-05	0.0697242	6.53138e-08	7.31164e+06	9801	7.30184e+06	6.83996	
3944	0.0219546	1.03986e-05	0.0219442	6.75886e-08	2.29919e+06	1089	2.2981e+06	7.07819	
3952	0.0494109	4.5462e-05	0.0493655	6.87381e-08	5.17454e+06	4761	5.16978e+06	7.19857	
3965	0.011896	2.75961e-06	0.0118932	6.77533e-08	1.2458e+06	289	1.24551e+06	7.09544	
3991	0.00485799	5.05134e-06	0.00485293	6.78411e-08	508751	529	508222	7.10464	
3995	0.077674	0.000113449	0.0775605	6.88667e-08	8.13438e+06	11881	8.1225e+06	7.21203	
4027	0.00910101	1.61375e-06	0.0090994	6.76735e-08	953100	169	952931	7.08708	
4029	0.0107676	2.14849e-06	0.0107654	6.80671e-08	1.12763e+06	225	1.12741e+06	7.12831	
4033	0.0123261	2.75961e-06	0.0123233	6.7813e-08	1.29085e+06	289	1.29056e+06	7.10169	
4052	0.00970902	1.87157e-06	0.00970715	6.78403e-08	1.01677e+06	196	1.01657e+06	7.10455	
4056	0.0130736	3.09382e-06	0.0130705	6.77298e-08	1.36913e+06	324	1.3688e+06	7.09297	
4068	0.0118586	2.75961e-06	0.0118558	6.75774e-08	1.24189e+06	289	1.2416e+06	7.07702	
4087	0.0171185	5.50013e-06	0.017113	6.78333e-08	1.79273e+06	576	1.79216e+06	7.10382	
4108	0.00865672	1.37503e-06	0.00865534	6.79125e-08	906572	144	906428	7.11211	
4126	0.00928288	1.61375e-06	0.00928127	6.78113e-08	972146	169	971977	7.10151	
4132	0.0133444	3.44713e-06	0.013341	6.80521e-08	1.39749e+06	361	1.39713e+06	7.12673	
4135	0.0217068	9.17644e-06	0.0216977	6.73781e-08	2.27324e+06	961	2.27228e+06	7.05615	
4145	0.0239415	1.10384e-05	0.0239305	6.78659e-08	2.50727e+06	1156	2.50611e+06	7.10724	
4149	0.161421	0.00056385	0.160857	6.47204e-08	1.69047e+07	59049	1.68457e+07	6.77782	
4153	0.0142557	4.21104e-06	0.0142515	6.78166e-08	1.49293e+06	441	1.49248e+06	7.10207	
4165	0.0148568	4.21104e-06	0.0148526	6.79068e-08	1.55588e+06	441	1.55544e+06	7.11152	
4182	0.0121514	2.75961e-06	0.0121487	6.7854e-08	1.27255e+06	289	1.27227e+06	7.10599	
4203	0.00767009	1.15541e-06	0.00766894	6.78149e-08	803248	121	803127	7.10189	
4223	0.00981875	1.87157e-06	0.00981688	6.79303e-08	1.02826e+06	196	1.02806e+06	7.11397	
4234	0.00938518	1.61375e-06	0.00938357	6.77328e-08	982860	169	982691	7.09329	
4258	0.0174993	4.21104e-06	0.0174951	6.81058e-08	1.83261e+06	441	1.83217e+06	7.13236	
4284	0.239495	0.00107802	0.238417	7.0349e-08	2.5081e+07	112896	2.49681e+07	7.36728	
4338	0.012176	2.75961e-06	0.0121732	6.75779e-08	1.27512e+06	289	1.27484e+06	7.07707	
4359	0.00791194	1.37503e-06	0.00791057	6.79519e-08	828575	144	828431	7.11624	
4367	0.00788749	1.15541e-06	0.00788634	6.78415e-08	826015	121	825894	7.10467	
4368	0.00999526	1.87157e-06	0.00999339	6.76354e-08	1.04675e+06	196	1.04655e+06	7.0831	
4382	0.00789143	1.15541e-06	0.00789028	6.78665e-08	826427	121	826306	7.10729	
4392	0.00813387	1.37503e-06	0.0081325	6.78883e-08	851817	144	851673	7.10958	
4401	0.103367	0.000214849	0.103152	6.66741e-08	1.08251e+07	22500	1.08026e+07	6.98242	
4403	0.0103666	2.14849e-06	0.0103644	6.78065e-08	1.08563e+06	225	1.08541e+06	7.10101	
4454	0.0114477	2.4445e-06	0.0114453	6.76732e-08	1.19886e+06	256	1.1986e+06	7.08705	
4458	0.0206543	9.17644e-06	0.0206451	6.79939e-08	2.16301e+06	961	2.16205e+06	7.12064	
4480	0.0186385	6.45502e-06	0.018632	6.79472e-08	1.95191e+06	676	1.95123e+06	7.11575	
4499	0.0078594	1.15541e-06	0.00785825	6.77123e-08	823073	121	822952	7.09115	
4512	0.0208845	9.77802e-06	0.0208747	6.77589e-08	2.18712e+06	1024	2.1861e+06	7.09603	
4529	0.169782	0.000550013	0.169232	6.71727e-08	1.77804e+07	57600	1.77228e+07	7.03464	
4542	0.00849713	1.37503e-06	0.00849575	6.78822e-08	889858	144	889714	7.10894	
4544	0.00783597	1.15541e-06	0.00783482	6.78978e-08	820619	121	820498	7.11057	
4553	0.0269946	1.37885e-05	0.0269808	6.75933e-08	2.827e+06	1444	2.82556e+06	7.07868	
4569	0.00799031	1.37503e-06	0.00798893	6.78327e-08	836782	144	836638	7.10375	
4586	0.0121035	2.75961e-06	0.0121008	6.76438e-08	1.26754e+06	289	1.26725e+06	7.08397	
4598	0.00739484	1.15541e-06	0.00739368	6.76261e-08	774422	121	774301	7.08211	
4611	0.0078236	1.15541e-06	0.00782244	6.78589e-08	819324	121	819203	7.1065	
4626	0.0197842	7.4863e-06	0.0197767	6.81861e-08	2.07189e+06	784	2.07111e+06	7.14076	
4637	0.0792836	0.00011978	0.0791638	6.70989e-08	8.30295e+06	12544	8.2904e+06	7.02691	
4652	0.00751915	1.15541e-06	0.007518	6.78619e-08	787441	121	787320	7.10681	
4656	0.0190821	6.96111e-06	0.0190751	6.7923e-08	1.99836e+06	729	1.99763e+06	7.11321	
4671	0.0099083	1.87157e-06	0.00990643	6.79609e-08	1.03764e+06	196	1.03744e+06	7.11718	
4682	0.0158662	5.50013e-06	0.0158607	6.80466e-08	1.66159e+06	576	1.66101e+06	7.12616	
4712	0.0155121	4.62164e-06	0.0155074	6.74773e-08	1.62449e+06	484	1.62401e+06	7.06654	
4715	0.0112078	2.75961e-06	0.011205	6.79971e-08	1.17373e+06	289	1.17344e+06	7.12097	
4717	0.00890395	1.61375e-06	0.00890233	6.78562e-08	932462	169	932293	7.10621	
4719	0.0084692	1.37503e-06	0.00846782	6.77e-08	886934	144	886790	7.08985	
4742	0.0232271	1.03986e-05	0.0232167	6.79441e-08	2.43245e+06	1089	2.43136e+06	7.11543	
4753	0.191551	0.000737973	0.190813	6.73906e-08	2.00601e+07	77284	1.99829e+07	7.05745	
4762	0.0112202	2.4445e-06	0.0112177	6.77518e-08	1.17503e+06	256	1.17477e+06	7.09528	
4764	0.011845	2.75961e-06	0.0118422	6.79925e-08	1.24046e+06	289	1.24017e+06	7.12048	
4776	0.00770934	1.15541e-06	0.00770818	6.76557e-08	807358	121	807237	7.08522	
4821	0.0072634	1.87157e-06	0.00726152	6.78376e-08	760656	196	760460	7.10427	
4844	0.00901765	2.75961e-06	0.00901489	6.78318e-08	944370	289	944081	7.10366	
4846	0.0288238	2.78444e-05	0.028796	6.8332e-08	3.01857e+06	2916	3.01565e+06	7.15605	
4848	0.0110938	4.21104e-06	0.0110896	6.76573e-08	1.16179e+06	441	1.16135e+06	7.08539	
4862	0.0100505	3.44713e-06	0.010047	6.79732e-08	1.05253e+06	361	1.05217e+06	7.11847	
4863	0.00741732	1.87157e-06	0.00741545	6.77671e-08	776776	196	776580	7.09689	
4898	0.00631846	1.37503e-06	0.00631709	6.79592e-08	661699	144	661555	7.117	
4910	0.00936435	3.09382e-06	0.00936126	6.78654e-08	980678	324	980354	7.10718	
4917	0.00889533	2.75961e-06	0.00889257	6.77478e-08	931560	289	931271	7.09486	
4921	0.00996138	3.44713e-06	0.00995793	6.76645e-08	1.0432e+06	361	1.04284e+06	7.08614	
4924	0.00682472	1.61375e-06	0.00682311	6.79625e-08	714717	169	714548	7.11734	
4938	0.0308031	3.32395e-05	0.0307698	6.82136e-08	3.22584e+06	3481	3.22236e+06	7.14365	
4944	0.0295933	3.10242e-05	0.0295623	6.78795e-08	3.09915e+06	3249	3.0959e+06	7.10866	
4947	0.0487698	5.66151e-05	0.0487131	6.6436e-08	5.1074e+06	5929	5.10147e+06	6.95749	
4986	0.0139602	6.96111e-06	0.0139533	6.78017e-08	1.46198e+06	729	1.46125e+06	7.10051	
5010	0.00617109	1.37503e-06	0.00616972	6.79422e-08	646266	144	646122	7.11522	
5014	0.00994163	2.75961e-06	0.00993887	6.7803e-08	1.04113e+06	289	1.04084e+06	7.10065	
5075	0.0174585	9.17644e-06	0.0174493	6.78725e-08	1.82833e+06	961	1.82737e+06	7.10792	
5097	0.00696756	2.4445e-06	0.00696512	6.78479e-08	729676	256	729420	7.10535	
5141	0.0147369	1.03986e-05	0.0147265	6.77072e-08	1.54332e+06	1089	1.54223e+06	7.09061	
5154	0.0124819	6.96111e-06	0.0124749	6.79433e-08	1.30716e+06	729	1.30643e+06	7.11534	
5164	0.0544526	3.67057e-05	0.0544159	6.77197e-08	5.70253e+06	3844	5.69869e+06	7.09192	
5167	0.00668167	2.14849e-06	0.00667952	6.78935e-08	699735	225	699510	7.11012	
5176	0.0135982	5.96803e-06	0.0135922	6.77796e-08	1.42407e+06	625	1.42344e+06	7.09819	
5211	0.00792188	1.15541e-06	0.00792073	6.76138e-08	829616	121	829495	7.08083	
5216	0.00692767	2.4445e-06	0.00692523	6.77153e-08	725498	256	725242	7.09146	
5238	0.00309091	3.09382e-06	0.00308782	6.77615e-08	323694	324	323370	7.0963	
5240	0.0208394	2.29267e-05	0.0208165	6.72598e-08	2.1824e+06	2401	2.18e+06	7.04376	
5268	0.00877423	3.09382e-06	0.00877113	6.78723e-08	918878	324	918554	7.1079	
5269	0.00835257	2.4445e-06	0.00835013	6.79648e-08	874720	256	874464	7.11759	
5289	0.035481	1.60516e-05	0.0354649	6.8448e-08	3.71573e+06	1681	3.71405e+06	7.16819	
5293	0.00524449	1.61375e-06	0.00524287	6.7897e-08	549227	169	549058	7.11049	
5302	0.00461742	1.15541e-06	0.00461627	6.79207e-08	483558	121	483437	7.11297	
5304	0.00556099	1.15541e-06	0.00555984	6.77534e-08	582373	121	582252	7.09545	
5342	0.00562012	2.14849e-06	0.00561797	6.78771e-08	588565	225	588340	7.10841	
5385	0.0147089	2.4445e-06	0.0147064	6.78037e-08	1.54038e+06	256	1.54013e+06	7.10071	
5387	0.0333219	4.81357e-05	0.0332737	6.74376e-08	3.48962e+06	5041	3.48458e+06	7.06238	
5400	0.00486671	1.37503e-06	0.00486534	6.783e-08	509665	144	509521	7.10347	
5445	0.0182122	4.62164e-06	0.0182076	6.77875e-08	1.90727e+06	484	1.90679e+06	7.09902	
5452	0.016556	1.52781e-05	0.0165408	6.72336e-08	1.73383e+06	1600	1.73223e+06	7.04102	
5462	0.00663769	2.14849e-06	0.00663555	6.78393e-08	695130	225	694905	7.10444	
5488	0.00427843	1.15541e-06	0.00427728	6.79065e-08	448058	121	447936	7.11149	
5512	0.00454286	1.37503e-06	0.00454149	6.79237e-08	475750	144	475606	7.11329	
5518	0.00435533	3.44713e-06	0.00435188	6.7779e-08	456110	361	455749	7.09813	
5533	0.00436287	1.15541e-06	0.00436172	6.78365e-08	456900	121	456779	7.10416	
5560	0.00528052	1.37503e-06	0.00527915	6.78583e-08	553001	144	552857	7.10644	
5571	0.00503768	1.61375e-06	0.00503607	6.78212e-08	527569	169	527400	7.10255	
5601	0.00591121	2.4445e-06	0.00590876	6.80236e-08	619049	256	618793	7.12375	
5611	4.23975	0.169647	4.07011	1.18489e-07	4.44007e+08	1.77662e+07	4.2624e+08	12.4087	
5679	0.00596459	2.14849e-06	0.00596245	6.77825e-08	624640	225	624415	7.0985	
5688	0.0112655	1.37503e-06	0.0112641	6.79851e-08	1.17977e+06	144	1.17963e+06	7.11972	
5689	0.0101925	1.15541e-06	0.0101913	6.78978e-08	1.0674e+06	121	1.06728e+06	7.11057	
5696	0.0597947	3.10242e-05	0.0597628	9.60883e-07	6.26198e+06	3249	6.25864e+06	100.628	
5705	0.0147147	1.87157e-06	0.0147109	2.02078e-06	1.54099e+06	196	1.54059e+06	211.625	
5706	0.0274204	6.45502e-06	0.0274137	3.25298e-07	2.8716e+06	676	2.87089e+06	34.0667	
5709	0.0171127	2.4445e-06	0.0170991	1.11394e-05	1.79212e+06	256	1.7907e+06	1166.57	
5710	0.0171168	2.4445e-06	0.0171069	7.48466e-06	1.79255e+06	256	1.79151e+06	783.829	
5783	0.108715	0.000115541	0.108582	1.75316e-05	1.13851e+07	12100	1.13712e+07	1835.99	
5802	0.0050406	1.37503e-06	0.00503922	6.78807e-08	527875	144	527731	7.10878	
5807	0.0172624	2.4445e-06	0.0172583	1.76557e-06	1.8078e+06	256	1.80737e+06	184.899	
5818	0.0171459	2.4445e-06	0.0171429	6.87055e-07	1.7956e+06	256	1.79528e+06	71.9516	
5847	0.0120887	1.61375e-06	0.0120871	6.77879e-08	1.26598e+06	169	1.26581e+06	7.09907	
5862	0.0608729	3.10242e-05	0.0608419	6.83366e-08	6.3749e+06	3249	6.37165e+06	7.15653	
5941	0.0140314	1.37503e-06	0.01403	6.78921e-08	1.46944e+06	144	1.46929e+06	7.10997	
5946	1.39778	0.00935882	1.3884	2.08553e-05	1.46382e+08	980100	1.454e+08	2184.06	
5975	0.029569	5.96803e-06	0.0295631	7.10566e-08	3.09661e+06	625	3.09598e+06	7.44137	
6023	0.0151563	1.15541e-06	0.0151528	2.35976e-06	1.58724e+06	121	1.58688e+06	247.125	
6059	0.0161004	1.37503e-06	0.016099	6.76825e-08	1.6861e+06	144	1.68596e+06	7.08802	
6104	0.01959	1.87157e-06	0.0195882	6.80305e-08	2.05156e+06	196	2.05136e+06	7.12447	
6111	0.0520222	1.30723e-05	0.0520092	6.74299e-08	5.44801e+06	1369	5.44664e+06	7.06157	
6130	0.0154558	1.15541e-06	0.0154489	5.78261e-06	1.61861e+06	121	1.61789e+06	605.582	
6150	0.251599	0.000292433	0.251305	1.67941e-06	2.63487e+07	30625	2.63179e+07	175.876	
6184	0.27097	0.000355685	0.270614	6.86805e-08	2.83772e+07	37249	2.834e+07	7.19254	
6197	0.0701454	2.29267e-05	0.0701183	4.25247e-06	7.34595e+06	2401	7.34311e+06	445.338	
6214	0.70594	0.0022554	0.703684	6.10818e-07	7.39293e+07	236196	7.36931e+07	63.9677	
6241	0.0249968	3.44713e-06	0.024993	3.69827e-07	2.61778e+06	361	2.61738e+06	38.73	
6265	0.0279782	5.05134e-06	0.0279731	7.79446e-08	2.93e+06	529	2.92947e+06	8.16272	
6284	0.0786319	2.88852e-05	0.0786029	1.83505e-07	8.2347e+06	3025	8.23166e+06	19.2175	
6308	0.0862933	3.43758e-05	0.0862583	6.42048e-07	9.03703e+06	3600	9.03337e+06	67.2383	
6362	0.115459	6.265e-05	0.115396	1.26911e-07	1.20914e+07	6561	1.20848e+07	13.2908	
6370	0.0464256	9.77802e-06	0.0464157	2.37914e-07	4.86191e+06	1024	4.86087e+06	24.9155	
6378	0.0198578	1.87157e-06	0.0198559	9.79906e-08	2.0796e+06	196	2.0794e+06	10.262	
6387	0.0560076	1.45238e-05	0.055993	1.4032e-07	5.86538e+06	1521	5.86385e+06	14.695	
6393	0.0150939	1.61375e-06	0.0150923	6.77459e-08	1.5807e+06	169	1.58053e+06	7.09466	
6406	0.0354755	5.96803e-06	0.0354693	2.64795e-07	3.71516e+06	625	3.71451e+06	27.7306	
6410	0.289562	0.000366828	0.289195	1.1294e-07	3.03243e+07	38416	3.02859e+07	11.8276	
6419	0.0249515	3.44713e-06	0.0249478	2.33441e-07	2.61303e+06	361	2.61265e+06	24.4471	
6434	0.0187343	1.61375e-06	0.0187327	1.04517e-07	1.96194e+06	169	1.96177e+06	10.9455	
6448	0.0294066	3.81954e-06	0.0294027	6.79764e-08	3.07959e+06	400	3.07919e+06	7.1188	
6457	0.152487	0.00010328	0.152384	6.53341e-08	1.59691e+07	10816	1.59583e+07	6.84209	
6459	0.0448108	1.10384e-05	0.0447997	6.82316e-08	4.69279e+06	1156	4.69164e+06	7.14553	
6474	0.0204282	1.87157e-06	0.0204263	6.77752e-08	2.13934e+06	196	2.13914e+06	7.09773	
6478	0.201019	0.000181848	0.200837	6.89539e-08	2.10516e+07	19044	2.10326e+07	7.22117	
6487	0.0159305	1.15541e-06	0.0159293	6.77614e-08	1.66831e+06	121	1.66819e+06	7.09628	
6488	0.28528	0.000352008	0.284928	8.45078e-08	2.98758e+07	36864	2.9839e+07	8.85005	
6489	0.0606566	1.68441e-05	0.0606398	7.12538e-08	6.35224e+06	1764	6.35048e+06	7.46203	
6496	0.0628552	1.84865e-05	0.0628367	6.72406e-08	6.58249e+06	1936	6.58055e+06	7.04175	
6510	0.015683	1.15541e-06	0.0156818	6.78435e-08	1.6424e+06	121	1.64228e+06	7.10489	
6512	0.0160615	1.37503e-06	0.0160491	1.10937e-05	1.68203e+06	144	1.68074e+06	1161.79	
6548	0.0193326	1.61375e-06	0.019331	9.80222e-08	2.0246e+06	169	2.02443e+06	10.2653	
6552	0.0163352	1.15541e-06	0.0163341	6.80591e-08	1.7107e+06	121	1.71058e+06	7.12746	
6562	0.0160096	1.15541e-06	0.0160085	6.79495e-08	1.6766e+06	121	1.67648e+06	7.11599	
6575	0.0176637	1.37503e-06	0.0176623	9.20704e-08	1.84982e+06	144	1.84968e+06	9.64204	
6599	0.0470137	9.77802e-06	0.0470004	3.62484e-06	4.92349e+06	1024	4.9221e+06	379.61	
6600	0.0205837	1.87157e-06	0.0205819	6.78823e-08	2.15562e+06	196	2.15543e+06	7.10895	
6606	0.448951	0.000842294	0.448109	6.60306e-08	4.70163e+07	88209	4.6928e+07	6.91503	
6607	0.0640742	1.84865e-05	0.0640557	7.06097e-08	6.71015e+06	1936	6.70821e+06	7.39457	
6609	0.0248226	2.75961e-06	0.0248199	6.78293e-08	2.59954e+06	289	2.59925e+06	7.1034	
6617	0.228278	0.00022646	0.228051	6.95597e-08	2.39063e+07	23716	2.38826e+07	7.28462	
6643	0.029896	3.81954e-06	0.0298922	6.78185e-08	3.13085e+06	400	3.13045e+06	7.10227	
6657	0.0192165	1.61375e-06	0.0192149	6.78055e-08	2.01245e+06	169	2.01228e+06	7.1009	
6699	0.0387114	6.45502e-06	0.038705	6.83402e-08	4.05404e+06	676	4.05336e+06	7.1569	
6705	0.0196803	1.61375e-06	0.0192985	0.000380252	2.06101e+06	169	2.02103e+06	39821.7	
6712	0.311247	0.000393498	0.310854	7.34963e-08	3.25953e+07	41209	3.2554e+07	7.69687	
6727	0.0211535	1.87157e-06	0.0211516	6.72761e-08	2.21529e+06	196	2.2151e+06	7.04546	
6746	0.0285137	3.44713e-06	0.0285102	6.76534e-08	2.98609e+06	361	2.98572e+06	7.08497	
6757	0.0220526	2.14849e-06	0.0220505	6.78551e-08	2.30945e+06	225	2.30923e+06	7.1061	
6766	0.0457361	8.59396e-06	0.0457275	6.91524e-08	4.7897e+06	900	4.7888e+06	7.24196	
6773	0.169102	0.00011978	0.168979	2.9302e-06	1.77091e+07	12544	1.76963e+07	306.864	
6775	0.0396941	6.45502e-06	0.0396876	6.82666e-08	4.15695e+06	676	4.15627e+06	7.14919	
6810	0.584045	0.00138612	0.582659	1.1295e-07	6.11639e+07	145161	6.10187e+07	11.8286	
6812	0.0256298	2.75961e-06	0.025627	6.78742e-08	2.68407e+06	289	2.68378e+06	7.10811	
6866	0.0221295	2.14849e-06	0.0221273	1.14669e-07	2.3175e+06	225	2.31727e+06	12.0087	
6882	0.0198925	1.61375e-06	0.0198909	6.79745e-08	2.08324e+06	169	2.08307e+06	7.11861	
6893	0.0232005	2.14849e-06	0.023198	4.53366e-07	2.42967e+06	225	2.4294e+06	47.4786	
6897	0.0294618	3.44713e-06	0.0294583	1.57783e-07	3.08538e+06	361	3.085e+06	16.5238	
6907	0.0171339	1.15541e-06	0.0171327	6.78187e-08	1.79434e+06	121	1.79422e+06	7.10229	
6918	0.0174711	1.37503e-06	0.0174697	7.04487e-08	1.82965e+06	144	1.82951e+06	7.37771	
6919	0.0732236	2.20005e-05	0.0732016	6.79383e-08	7.66831e+06	2304	7.66601e+06	7.11482	
6920	0.0248856	2.4445e-06	0.0248832	6.84019e-08	2.60614e+06	256	2.60588e+06	7.16336	
6922	0.085056	2.88852e-05	0.0850271	7.58029e-08	8.90746e+06	3025	8.90443e+06	7.93843	
6946	0.0280475	3.09382e-06	0.0280444	7.20729e-08	2.93726e+06	324	2.93694e+06	7.5478	
6957	0.169258	0.000111377	0.169147	7.00202e-08	1.77255e+07	11664	1.77139e+07	7.33284	
6966	0.0337496	5.05134e-06	0.0337445	6.77991e-08	3.53441e+06	529	3.53388e+06	7.10024	
6969	0.00574223	8.03058e-06	0.0057342	6.77616e-08	601353	841	600512	7.09631	
6976	0.0214153	1.87157e-06	0.0214135	6.79106e-08	2.24271e+06	196	2.24252e+06	7.11191	
6978	0.0173632	1.15541e-06	0.0173621	6.75289e-08	1.81836e+06	121	1.81824e+06	7.07194	
6983	0.0185472	1.37503e-06	0.0185458	6.80572e-08	1.94234e+06	144	1.9422e+06	7.12726	
6985	0.133973	7.22752e-05	0.1339	1.40266e-07	1.40303e+07	7569	1.40227e+07	14.6893	
7008	0.0186285	1.37503e-06	0.0186271	6.80733e-08	1.95086e+06	144	1.95072e+06	7.12895	
7026	0.0543503	1.37885e-05	0.0543365	6.70963e-08	5.69182e+06	1444	5.69037e+06	7.02664	
7030	0.0187026	1.37503e-06	0.0187012	6.81751e-08	1.95862e+06	144	1.95848e+06	7.13961	
7034	0.0198257	1.61375e-06	0.0198241	6.73421e-08	2.07624e+06	169	2.07607e+06	7.05238	
7052	0.0346645	4.62164e-06	0.0346598	1.90697e-07	3.63023e+06	484	3.62973e+06	19.9707	
7059	0.0414816	6.45502e-06	0.0414751	6.79827e-08	4.34414e+06	676	4.34347e+06	7.11947	
7081	0.0204123	1.61375e-06	0.0204107	6.78384e-08	2.13767e+06	169	2.1375e+06	7.10435	
7103	0.0174084	1.15541e-06	0.0174025	4.77361e-06	1.82308e+06	121	1.82247e+06	499.915	
7119	0.0819625	2.48365e-05	0.0819372	5.45464e-07	8.58349e+06	2601	8.58084e+06	57.1235	
7168	0.0320097	3.81954e-06	0.0320059	6.8205e-08	3.35221e+06	400	3.35181e+06	7.14275	
7171	0.0186068	1.37503e-06	0.0186055	6.76641e-08	1.9486e+06	144	1.94845e+06	7.0861	
7177	0.0338989	4.62164e-06	0.0338943	6.73709e-08	3.55005e+06	484	3.54956e+06	7.05539	
7184	0.260804	0.00024445	0.260559	3.55883e-07	2.73126e+07	25600	2.72869e+07	37.2697	
7212	0.168639	0.000101303	0.168538	6.66244e-08	1.76607e+07	10609	1.76501e+07	6.97721	
7214	0.0222398	1.87157e-06	0.022238	6.75613e-08	2.32906e+06	196	2.32886e+06	7.07533	
7230	0.14124	7.22752e-05	0.141167	9.49453e-08	1.47913e+07	7569	1.47837e+07	9.94311	
7251	0.017914	1.15541e-06	0.0179128	6.80947e-08	1.87603e+06	121	1.87591e+06	7.13119	
7256	0.0294247	3.09382e-06	0.0294216	6.77932e-08	3.08149e+06	324	3.08117e+06	7.09962	
7261	0.0722409	1.84865e-05	0.0722224	6.64754e-08	7.5654e+06	1936	7.56347e+06	6.96161	
7278	0.0788305	2.29267e-05	0.0788076	6.91561e-08	8.2555e+06	2401	8.25309e+06	7.24234	
7288	0.147064	7.73456e-05	0.146986	4.48434e-07	1.54012e+07	8100	1.5393e+07	46.9621	
7299	2.20229	0.0169927	2.1853	1.03365e-07	2.30634e+08	1.77955e+06	2.28855e+08	10.8249	
7301	0.0260761	2.4445e-06	0.0260737	6.75522e-08	2.73082e+06	256	2.73056e+06	7.07438	
7302	0.00241971	1.87157e-06	0.00241784	6.78194e-08	253404	196	253208	7.10237	
7312	0.0358264	4.62164e-06	0.0358217	6.79192e-08	3.7519e+06	484	3.75142e+06	7.11281	
7328	0.0197388	1.37503e-06	0.0197374	6.75659e-08	2.06714e+06	144	2.067e+06	7.07581	
7339	0.124687	5.37122e-05	0.124633	6.82403e-08	1.30578e+07	5625	1.30521e+07	7.14644	
7341	0.0182223	1.15541e-06	0.0182211	6.77198e-08	1.90832e+06	121	1.9082e+06	7.09193	
7362	0.112481	4.41538e-05	0.112437	7.69432e-08	1.17795e+07	4624	1.17749e+07	8.05785	
7363	0.0461265	7.4863e-06	0.046119	6.7832e-08	4.83058e+06	784	4.8298e+06	7.10368	
7373	0.018236	1.15541e-06	0.0182348	6.79085e-08	1.90976e+06	121	1.90964e+06	7.1117	
7385	0.168187	9.74078e-05	0.16809	6.95894e-08	1.76134e+07	10201	1.76032e+07	7.28773	
7406	0.03012	3.09382e-06	0.0301169	1.18615e-07	3.15431e+06	324	3.15398e+06	12.4219	
7409	0.0182925	1.15541e-06	0.0182914	6.81576e-08	1.91568e+06	121	1.91556e+06	7.13778	
7420	0.0183421	1.15541e-06	0.0183409	6.81486e-08	1.92087e+06	121	1.92075e+06	7.13684	
7429	0.0209584	1.61375e-06	0.0209568	6.79495e-08	2.19486e+06	169	2.19469e+06	7.11598	
7430	0.0367734	4.62164e-06	0.0367681	6.9402e-07	3.85108e+06	484	3.85053e+06	72.6809	
7448	0.0941377	3.10242e-05	0.0941067	6.64603e-08	9.85854e+06	3249	9.85529e+06	6.96003	
7507	0.0397941	5.50013e-06	0.0397886	6.80097e-08	4.16742e+06	576	4.16684e+06	7.12229	
7519	0.0353978	4.21104e-06	0.0353936	6.80895e-08	3.70702e+06	441	3.70658e+06	7.13064	
7520	0.0943393	2.99452e-05	0.0943094	6.89286e-08	9.87965e+06	3136	9.87652e+06	7.21852	
7531	0.0267512	2.4445e-06	0.0267487	6.82193e-08	2.80151e+06	256	2.80125e+06	7.14424	
7550	45.2991	8.07217	37.2269	4.84441e-06	4.74393e+09	8.45355e+08	3.89858e+09	507.329	
7561	0.061796	1.30723e-05	0.0617829	8.94961e-08	6.47156e+06	1369	6.47019e+06	9.37245	
7568	0.0302706	3.09382e-06	0.0302675	6.82021e-08	3.17008e+06	324	3.16975e+06	7.14244	
7582	0.0161685	1.15541e-06	0.0161673	6.78125e-08	1.69324e+06	121	1.69312e+06	7.10164	
7603	0.016289	9.77802e-06	0.0162792	6.7961e-08	1.70586e+06	1024	1.70483e+06	7.11719	
7607	0.0952173	2.99452e-05	0.0951871	3.32175e-07	9.9716e+06	3136	9.96844e+06	34.7869	
7622	0.0319933	3.44713e-06	0.0319898	6.79259e-08	3.35048e+06	361	3.35012e+06	7.11351	
7677	0.0323153	3.44713e-06	0.0323119	6.78085e-08	3.38421e+06	361	3.38385e+06	7.10123	
7690	0.135135	5.95943e-05	0.135075	6.74575e-08	1.4152e+07	6241	1.41457e+07	7.06447	
7695	0.0496807	8.03058e-06	0.0496586	1.41211e-05	5.2028e+06	841	5.20048e+06	1478.83	
7741	0.0167606	1.15541e-06	0.0167594	6.8264e-08	1.75525e+06	121	1.75513e+06	7.14892	
7750	0.0803824	2.10934e-05	0.0803613	6.69147e-08	8.41802e+06	2209	8.41581e+06	7.00762	
7761	0.0299295	3.44713e-06	0.0299261	6.81728e-08	3.13436e+06	361	3.134e+06	7.13937	
7763	0.0244482	2.14849e-06	0.024446	6.78246e-08	2.56032e+06	225	2.5601e+06	7.10291	
7780	0.011321	1.37503e-06	0.0113197	6.79843e-08	1.18559e+06	144	1.18545e+06	7.11963	
7781	0.0375786	4.62164e-06	0.037574	6.83229e-08	3.9354e+06	484	3.93492e+06	7.15509	
7788	0.0744253	1.84865e-05	0.0744068	1.21619e-07	7.79417e+06	1936	7.79222e+06	12.7365	
7801	0.0343642	3.81954e-06	0.0343604	6.69969e-08	3.59878e+06	400	3.59838e+06	7.01622	
7817	0.0170548	1.15541e-06	0.0170536	6.79483e-08	1.78605e+06	121	1.78593e+06	7.11586	
7819	0.0376787	5.05134e-06	0.0376737	6.75529e-08	3.94589e+06	529	3.94536e+06	7.07445	
7821	0.0912573	2.68227e-05	0.0912229	7.71897e-06	9.55689e+06	2809	9.55328e+06	808.367	
7822	0.0227237	2.14849e-06	0.0227216	6.74257e-08	2.37973e+06	225	2.37951e+06	7.06113	
7860	0.0274687	2.4445e-06	0.0274662	6.74977e-08	2.87665e+06	256	2.87639e+06	7.06867	
7899	0.0665548	1.45238e-05	0.0665403	7.39105e-08	6.96993e+06	1521	6.9684e+06	7.74025	
7901	0.0756414	2.10934e-05	0.0756203	7.584e-08	7.92152e+06	2209	7.91931e+06	7.94232	
7921	0.17781	0.000121929	0.177688	6.5493e-08	1.86211e+07	12769	1.86083e+07	6.85873	
7942	0.0272944	2.4445e-06	0.027292	7.41864e-08	2.8584e+06	256	2.85814e+06	7.76914	
7943	0.0242441	1.87157e-06	0.0242422	6.79341e-08	2.53895e+06	196	2.53875e+06	7.11437	
7949	0.0494537	9.17644e-06	0.0494445	6.77374e-08	5.17902e+06	961	5.17806e+06	7.09378	
7962	0.0621449	1.23753e-05	0.0621323	2.61891e-07	6.5081e+06	1296	6.50679e+06	27.4265	
7974	0.0260991	2.14849e-06	0.0260862	1.07817e-05	2.73322e+06	225	2.73187e+06	1129.11	
7984	0.0641518	1.68441e-05	0.0641338	1.24426e-06	6.71827e+06	1764	6.71639e+06	130.305	
8008	0.206468	0.000137503	0.20633	4.90232e-07	2.16223e+07	14400	2.16079e+07	51.3394	
8012	0.0706501	2.02053e-05	0.0706298	6.73963e-08	7.3988e+06	2116	7.39669e+06	7.05805	
8019	0.0753171	2.20005e-05	0.0752951	6.90921e-08	7.88756e+06	2304	7.88525e+06	7.23565	
8029	0.127825	7.06233e-05	0.127754	6.64268e-08	1.33864e+07	7396	1.3379e+07	6.95652	
8032	0.0207625	1.37503e-06	0.0207612	6.80358e-08	2.17435e+06	144	2.1742e+06	7.12502	
8033	0.439496	0.000775605	0.43872	6.90293e-08	4.6026e+07	81225	4.59448e+07	7.22907	
8039	0.0300595	3.44713e-06	0.0300561	6.76769e-08	3.14797e+06	361	3.14761e+06	7.08744	
8048	0.128514	6.5782e-05	0.128448	6.74247e-08	1.34586e+07	6889	1.34517e+07	7.06103	
8050	0.0865587	2.48365e-05	0.0865332	7.39963e-07	9.06483e+06	2601	9.06216e+06	77.4923	
8082	0.0310223	3.44713e-06	0.0310189	6.76164e-08	3.2488e+06	361	3.24844e+06	7.08111	
8110	0.0889832	2.582e-05	0.0889574	7.13276e-08	9.31873e+06	2704	9.31603e+06	7.46976	
8115	0.0172735	1.15541e-06	0.0172723	7.77494e-08	1.80896e+06	121	1.80884e+06	8.14228	
8118	0.0188161	1.15541e-06	0.018815	6.78617e-08	1.97051e+06	121	1.97039e+06	7.10679	
8120	0.0263427	2.75961e-06	0.02634	6.78049e-08	2.75873e+06	289	2.75844e+06	7.10084	
8124	0.0113505	4.62164e-06	0.0113459	6.77169e-08	1.18868e+06	484	1.18819e+06	7.09163	
8134	0.03689	5.05134e-06	0.0368849	7.11774e-08	3.86329e+06	529	3.86276e+06	7.45402	
8139	0.0278845	2.75961e-06	0.0278817	6.77738e-08	2.92019e+06	289	2.91991e+06	7.09759	
8141	0.0627056	1.30723e-05	0.0626925	6.89998e-08	6.56682e+06	1369	6.56545e+06	7.22598	
8143	0.0322312	3.44713e-06	0.0322276	1.9218e-07	3.3754e+06	361	3.37502e+06	20.126	
8145	0.0500218	8.03058e-06	0.0500133	5.4117e-07	5.23852e+06	841	5.23763e+06	56.6739	
8149	0.0528178	8.59396e-06	0.052675	0.000134307	5.53133e+06	900	5.51637e+06	14065.3	
8152	0.0231054	1.87157e-06	0.0231035	6.82435e-08	2.4197e+06	196	2.41951e+06	7.14677	
8156	0.0542086	1.03986e-05	0.0541982	6.73723e-08	5.67698e+06	1089	5.67589e+06	7.05554	
8161	0.0289163	2.75961e-06	0.0289135	6.75379e-08	3.02824e+06	289	3.02796e+06	7.07288	
8189	0.143385	6.5782e-05	0.14332	8.96682e-08	1.5016e+07	6889	1.50091e+07	9.39047	
8190	0.0400952	5.96803e-06	0.0400892	6.73352e-08	4.19895e+06	625	4.19833e+06	7.05165	
8228	0.0169097	1.15541e-06	0.0169086	6.82483e-08	1.77086e+06	121	1.77074e+06	7.14727	
8231	0.0199951	1.37503e-06	0.0199937	6.8084e-08	2.09398e+06	144	2.09384e+06	7.13007	
8240	0.0440846	7.4863e-06	0.0440769	2.81381e-07	4.61675e+06	784	4.61594e+06	29.4675	
8241	0.0674523	1.76558e-05	0.0674346	6.78357e-08	7.06391e+06	1849	7.06207e+06	7.10407	
8270	0.0188294	1.37503e-06	0.0188281	6.77118e-08	1.97191e+06	144	1.97176e+06	7.09109	
8281	0.0924557	3.10242e-05	0.0924246	2.28637e-07	9.68239e+06	3249	9.67913e+06	23.944	
8286	0.0819579	2.78444e-05	0.08193	6.67185e-08	8.58301e+06	2916	8.58009e+06	6.98707	
8292	0.0278386	2.4445e-06	0.0278355	6.72639e-07	2.91538e+06	256	2.91507e+06	70.4419	
8310	0.0228946	1.61375e-06	0.0228919	1.17281e-06	2.39763e+06	169	2.39735e+06	122.822	
8315	0.0734165	1.84865e-05	0.073398	6.84422e-08	7.68852e+06	1936	7.68658e+06	7.16758	
8320	0.410204	0.000536349	0.409665	2.798e-06	4.29585e+07	56169	4.2902e+07	293.019	
8332	0.121902	4.95012e-05	0.121852	3.81639e-07	1.27661e+07	5184	1.27609e+07	39.967	
8339	0.054714	9.17644e-06	0.0547041	7.7985e-07	5.7299e+06	961	5.72886e+06	81.6695	
8370	0.0208955	1.37503e-06	0.0208941	9.56279e-08	2.18828e+06	144	2.18813e+06	10.0146	
8393	0.107268	3.55312e-05	0.107232	3.12446e-07	1.12336e+07	3721	1.12299e+07	32.7208	
8397	0.0609434	1.30723e-05	0.0609303	6.688e-08	6.38227e+06	1369	6.3809e+06	7.00399	
8398	0.123519	4.95012e-05	0.123469	4.26373e-07	1.29355e+07	5184	1.29303e+07	44.6517	
8404	0.459079	0.000650477	0.458427	1.6096e-06	4.80768e+07	68121	4.80086e+07	168.564	
8415	0.0248633	1.87157e-06	0.0248522	9.31016e-06	2.6038e+06	196	2.60263e+06	975.003	
8416	0.10693	3.43758e-05	0.106895	6.55369e-07	1.11982e+07	3600	1.11946e+07	68.6333	
8423	0.0466828	7.4863e-06	0.0466753	6.82204e-08	4.88884e+06	784	4.88806e+06	7.14435	
8449	0.375917	0.000421104	0.375478	1.71684e-05	3.93677e+07	44100	3.93218e+07	1797.95	
8456	0.0355056	3.81954e-06	0.0355017	6.7468e-08	3.71831e+06	400	3.71791e+06	7.06556	
8459	0.0392971	4.62164e-06	0.0392902	2.4072e-06	4.11538e+06	484	4.11465e+06	252.093	
8466	0.0298702	2.75961e-06	0.0298675	6.75205e-08	3.12815e+06	289	3.12786e+06	7.07106	
8467	0.103743	3.21223e-05	0.103705	5.79519e-06	1.08644e+07	3364	1.08605e+07	606.9	
8476	0.62828	0.00121699	0.627063	6.09229e-08	6.57964e+07	127449	6.5669e+07	6.38013	
8482	0.0234843	1.87157e-06	0.0234824	7.00435e-08	2.45939e+06	196	2.45919e+06	7.33528	
8496	0.0304131	2.75961e-06	0.03041	3.95552e-07	3.185e+06	289	3.18468e+06	41.4241	
8499	0.163043	8.08214e-05	0.162962	8.48111e-08	1.70746e+07	8464	1.70661e+07	8.88181	
8510	0.0290719	2.4445e-06	0.0288656	0.000203936	3.04454e+06	256	3.02294e+06	21357.1	
8534	2.50642	0.018689	2.48772	1.80767e-05	2.62484e+08	1.9572e+06	2.60525e+08	1893.08	
8552	0.0951856	3.43758e-05	0.0951512	1.11231e-07	9.96828e+06	3600	9.96468e+06	11.6487	
8582	0.0570149	9.77802e-06	0.0570051	6.81681e-08	5.97086e+06	1024	5.96984e+06	7.13887	
8629	0.0374347	4.21104e-06	0.0374301	4.66291e-07	3.92034e+06	441	3.91986e+06	48.8321	
8648	0.0311365	3.44713e-06	0.0311331	6.80002e-08	3.26076e+06	361	3.2604e+06	7.12129	
8655	0.0189962	1.37503e-06	0.0189948	6.78178e-08	1.98937e+06	144	1.98922e+06	7.10219	
8657	0.0247759	1.87157e-06	0.0247741	6.7761e-08	2.59465e+06	196	2.59446e+06	7.09625	
8680	0.157726	0.000256825	0.157469	6.62155e-08	1.65178e+07	26896	1.64909e+07	6.93439	
8697	0.0237245	1.61375e-06	0.0236389	8.3987e-05	2.48454e+06	169	2.47558e+06	8795.51	
8717	0.338619	0.000333913	0.338283	2.02565e-06	3.54617e+07	34969	3.54265e+07	212.136	
8722	0.0234227	1.61375e-06	0.0234211	6.81967e-08	2.45294e+06	169	2.45277e+06	7.14187	
8731	0.0540573	8.59396e-06	0.0533221	0.000726661	5.66113e+06	900	5.58414e+06	76099.3	
8734	0.202339	0.000146823	0.202192	1.83974e-07	2.11898e+07	15376	2.11745e+07	19.2666	
8785	0.0270455	2.14849e-06	0.0270434	6.80401e-08	2.83233e+06	225	2.83211e+06	7.12548	
8826	0.0308259	2.75961e-06	0.0308231	9.14566e-08	3.22823e+06	289	3.22794e+06	9.57776	
8865	0.0226848	1.87157e-06	0.0226787	4.25004e-06	2.37565e+06	196	2.37502e+06	445.084	
8915	0.0173466	1.15541e-06	0.0173455	6.76394e-08	1.81662e+06	121	1.8165e+06	7.08351	
8917	0.0289215	2.4445e-06	0.028919	1.03718e-07	3.02879e+06	256	3.02853e+06	10.8618	
8943	0.0605957	1.10384e-05	0.06054	4.47494e-05	6.34586e+06	1156	6.34003e+06	4686.36	
9014	0.036683	3.81954e-06	0.0366792	6.79804e-08	3.84161e+06	400	3.84121e+06	7.11923	
9023	0.239001	0.000211994	0.23877	1.88672e-05	2.50293e+07	22201	2.50051e+07	1975.86	
9068	0.0926483	3.21223e-05	0.0925928	2.34533e-05	9.70256e+06	3364	9.69675e+06	2456.14	
9069	0.013694	2.14849e-06	0.0136919	6.79048e-08	1.4341e+06	225	1.43388e+06	7.1113	
9072	0.0219929	1.37503e-06	0.0219905	1.09125e-06	2.3032e+06	144	2.30295e+06	114.28	
9111	0.0329254	3.09382e-06	0.0329223	6.82583e-08	3.4481e+06	324	3.44777e+06	7.14832	
9112	0.0305629	2.75961e-06	0.0305585	1.72751e-06	3.20069e+06	289	3.20022e+06	180.913	
9131	0.0291945	2.4445e-06	0.0291921	6.76667e-08	3.05739e+06	256	3.05713e+06	7.08637	
9140	0.031135	2.75961e-06	0.0311295	2.88888e-06	3.26061e+06	289	3.26002e+06	302.537	
9152	0.0608618	1.10384e-05	0.0608508	6.80071e-08	6.37373e+06	1156	6.37258e+06	7.12202	
9153	0.0957872	3.43758e-05	0.0957525	4.2206e-07	1.00312e+07	3600	1.00276e+07	44.2001	
9167	0.0366032	3.81954e-06	0.0365984	1.05932e-06	3.83326e+06	400	3.83276e+06	110.937	
9172	0.0285604	2.4445e-06	0.0285579	6.81523e-08	2.99098e+06	256	2.99072e+06	7.13722	
9198	1.02689	0.00302669	1.02386	8.28532e-08	1.0754e+08	316969	1.07223e+08	8.67677	
9204	0.0418171	6.45502e-06	0.0417584	5.23535e-05	4.37929e+06	676	4.37313e+06	5482.71	
9207	0.30226	0.000259967	0.302	6.25426e-08	3.1654e+07	27225	3.16268e+07	6.54976	
9211	0.0252405	1.61375e-06	0.0234977	0.00174126	2.6433e+06	169	2.46079e+06	182353	
9216	0.0844802	2.02053e-05	0.0844487	1.13755e-05	8.84716e+06	2116	8.84386e+06	1191.29	
9223	0.0249134	1.87157e-06	0.0249115	1.33394e-07	2.60905e+06	196	2.60885e+06	13.9696	
9230	0.141158	7.39463e-05	0.141083	6.68613e-07	1.47827e+07	7744	1.47749e+07	70.0202	
9271	0.100215	3.67057e-05	0.100161	1.74778e-05	1.0495e+07	3844	1.04894e+07	1830.36	
9320	0.0200578	1.15541e-06	0.0200498	6.92201e-06	2.10054e+06	121	2.0997e+06	724.905	
9329	0.0463129	6.45502e-06	0.0463034	3.15902e-06	4.8501e+06	676	4.8491e+06	330.827	
9332	0.0585506	9.77802e-06	0.0585408	6.84178e-08	6.13169e+06	1024	6.13066e+06	7.16502	
9352	0.0384491	4.21104e-06	0.0384449	6.86236e-08	4.02657e+06	441	4.02613e+06	7.18658	
9355	0.0235271	1.61375e-06	0.0235254	1.19833e-07	2.46387e+06	169	2.46369e+06	12.5494	
9362	0.137345	5.80952e-05	0.137287	6.90666e-08	1.43834e+07	6084	1.43773e+07	7.23298	
9381	0.0347221	3.44713e-06	0.0347187	6.97469e-08	3.63626e+06	361	3.6359e+06	7.30421	
9442	0.0451294	5.96803e-06	0.0451235	6.85047e-08	4.72616e+06	625	4.72554e+06	7.17413	
9486	0.0216448	1.37503e-06	0.0216434	6.80331e-08	2.26674e+06	144	2.2666e+06	7.12474	
9495	0.0649833	1.23753e-05	0.0648737	9.72744e-05	6.80535e+06	1296	6.79388e+06	10187	
9509	0.073617	1.60516e-05	0.0736009	1.22309e-07	7.70951e+06	1681	7.70783e+06	12.8087	
9516	0.0309425	2.75961e-06	0.0309398	6.79814e-08	3.24044e+06	289	3.24016e+06	7.11932	
9543	0.0449283	5.96803e-06	0.0449223	6.86446e-08	4.7051e+06	625	4.70447e+06	7.18878	
9551	0.0715032	1.60516e-05	0.0714871	6.73903e-08	7.48815e+06	1681	7.48646e+06	7.05742	
9560	0.0591987	1.03986e-05	0.0591882	1.97818e-07	6.19957e+06	1089	6.19846e+06	20.7164	
9571	0.0251057	1.87157e-06	0.0251039	6.9423e-08	2.62919e+06	196	2.62899e+06	7.2703	
9582	36.0032	4.97433	31.0289	5.35996e-06	3.77043e+09	5.20934e+08	3.24949e+09	561.32	
9583	0.0232314	1.61375e-06	0.0232298	1.10338e-07	2.4329e+06	169	2.43273e+06	11.5551	
9585	0.0215537	1.37503e-06	0.0215523	7.14757e-08	2.2572e+06	144	2.25706e+06	7.48527	
9599	0.0922842	2.48365e-05	0.0922594	6.76307e-08	9.66443e+06	2601	9.66183e+06	7.0826	
9609	0.0373511	4.21104e-06	0.0373436	3.42033e-06	3.91159e+06	441	3.91079e+06	358.193	
9623	0.0215818	1.37503e-06	0.0215801	4.18182e-07	2.26015e+06	144	2.25997e+06	43.794	
9646	0.0436226	5.50013e-06	0.0436171	6.71631e-08	4.56836e+06	576	4.56778e+06	7.03363	
9659	0.0492652	6.96111e-06	0.0491698	8.84871e-05	5.15928e+06	729	5.14929e+06	9266.78	
9694	0.0361398	3.81954e-06	0.0361359	1.45464e-07	3.78472e+06	400	3.78432e+06	15.2337	
9706	0.0247825	1.87157e-06	0.0247806	9.39659e-08	2.59534e+06	196	2.59514e+06	9.84054	
9775	0.0290065	3.09382e-06	0.0290034	6.75575e-08	3.03769e+06	324	3.03737e+06	7.07494	
9787	0.0921354	2.582e-05	0.0921094	1.9044e-07	9.64884e+06	2704	9.64613e+06	19.9437	
9794	0.0244839	1.87157e-06	0.024482	6.78123e-08	2.56407e+06	196	2.56387e+06	7.10162	
9820	0.0390063	5.50013e-06	0.0390007	1.7751e-07	4.08492e+06	576	4.08433e+06	18.5896	
9826	0.191369	0.000111377	0.191258	6.86636e-08	2.00411e+07	11664	2.00294e+07	7.19077	
9835	0.0372923	5.05134e-06	0.0372873	7.48004e-08	3.90542e+06	529	3.90489e+06	7.83344	
9837	0.0439933	6.96111e-06	0.0439863	1.28455e-07	4.60719e+06	729	4.60645e+06	13.4524	
9840	0.0390863	5.05134e-06	0.0390812	6.8551e-08	4.09329e+06	529	4.09277e+06	7.17897	
9843	0.0825231	2.20005e-05	0.0824798	2.13145e-05	8.6422e+06	2304	8.63767e+06	2232.15	
9849	0.0637294	1.37885e-05	0.0637153	3.32258e-07	6.67404e+06	1444	6.67257e+06	34.7956	
9851	0.0634448	1.45238e-05	0.0634303	1.01035e-07	6.64424e+06	1521	6.64271e+06	10.5809	
9859	0.0430669	6.45502e-06	0.0430604	6.89966e-08	4.51016e+06	676	4.50948e+06	7.22564	
9862	0.0366376	4.62164e-06	0.0366239	9.18388e-06	3.83686e+06	484	3.83542e+06	961.779	
9882	0.0383121	4.62164e-06	0.0383075	7.93001e-08	4.01222e+06	484	4.01173e+06	8.30467	
9897	0.0671692	1.76558e-05	0.0671516	6.81e-08	7.03427e+06	1849	7.03242e+06	7.13175	
9898	0.0351536	4.21104e-06	0.0351363	1.31772e-05	3.68145e+06	441	3.67964e+06	1379.98	
9904	0.0376498	5.05134e-06	0.0376447	1.6259e-07	3.94287e+06	529	3.94233e+06	17.0272	
9908	0.0713538	1.84865e-05	0.0713309	4.4871e-06	7.4725e+06	1936	7.4701e+06	469.91	
9913	0.00824164	1.61375e-06	0.00824003	6.80475e-08	863103	169	862934	7.12625	
9921	0.0306932	2.75961e-06	0.0306904	8.80167e-08	3.21433e+06	289	3.21404e+06	9.21752	
9930	0.118116	5.51541e-05	0.118061	6.70334e-08	1.23697e+07	5776	1.23639e+07	7.02005	
9931	0.0361774	5.50013e-06	0.0361716	4.55951e-07	3.78867e+06	576	3.78805e+06	47.7493	
9939	0.0438997	7.4863e-06	0.0438922	6.81996e-08	4.59738e+06	784	4.5966e+06	7.14218	
9944	0.036961	4.62164e-06	0.0369564	6.71733e-08	3.87073e+06	484	3.87024e+06	7.0347	
9953	0.0268323	2.4445e-06	0.0268293	5.49939e-07	2.81e+06	256	2.80969e+06	57.5921	
9957	0.0607465	1.23753e-05	0.0607341	6.72716e-08	6.36165e+06	1296	6.36036e+06	7.04499	
9964	0.118151	5.08858e-05	0.1181	6.91725e-08	1.23733e+07	5329	1.2368e+07	7.24407	
9987	0.0285504	2.75961e-06	0.0285477	6.76573e-08	2.98993e+06	289	2.98964e+06	7.08538	
9993	0.137928	6.42064e-05	0.137863	5.29789e-07	1.44444e+07	6724	1.44377e+07	55.482	
9997	0.151864	8.80022e-05	0.151775	6.3466e-07	1.59039e+07	9216	1.58946e+07	66.4645	
10003	0.230191	0.000163867	0.230012	1.51835e-05	2.41067e+07	17161	2.40879e+07	1590.08	
10004	0.0598228	1.30723e-05	0.0598097	6.74953e-08	6.26492e+06	1369	6.26355e+06	7.06842	
10014	0.0272372	3.09382e-06	0.0272341	6.80464e-08	2.8524e+06	324	2.85208e+06	7.12614	
10018	0.046957	7.4863e-06	0.0469495	6.74774e-08	4.91756e+06	784	4.91677e+06	7.06655	
10021	0.288713	0.000285787	0.288427	6.93707e-08	3.02354e+07	29929	3.02054e+07	7.26482	
10030	0.285217	0.000279217	0.284938	3.11553e-07	2.98692e+07	29241	2.984e+07	32.6273	
10044	0.0296089	2.75961e-06	0.0296061	1.04731e-07	3.10079e+06	289	3.10049e+06	10.968	
10052	0.0433373	6.45502e-06	0.0433309	1.03162e-07	4.53849e+06	676	4.53781e+06	10.8036	
10059	0.0174243	1.15541e-06	0.0174231	6.82147e-08	1.82475e+06	121	1.82463e+06	7.14376	
10065	0.0516218	9.77802e-06	0.0516121	6.84754e-08	5.40608e+06	1024	5.40505e+06	7.17106	
10068	0.0214563	1.61375e-06	0.0214547	7.38038e-08	2.24701e+06	169	2.24684e+06	7.72908	
10076	0.023077	2.14849e-06	0.0230749	6.76356e-08	2.41673e+06	225	2.41651e+06	7.08312	
10082	2.14181	0.017896	2.12392	1.33486e-07	2.24301e+08	1.87416e+06	2.22426e+08	13.9792	
10083	0.0334579	4.21104e-06	0.0334537	7.4875e-08	3.50387e+06	441	3.50342e+06	7.84126	
10090	0.143707	7.56364e-05	0.143631	6.93417e-08	1.50497e+07	7921	1.50418e+07	7.26178	
10093	0.0249558	2.14849e-06	0.0249533	3.8974e-07	2.61349e+06	225	2.61323e+06	40.8154	
10105	0.0242302	1.87157e-06	0.0242283	8.01483e-08	2.5375e+06	196	2.5373e+06	8.39351	
10108	0.0242314	2.14849e-06	0.0242292	6.83541e-08	2.53762e+06	225	2.53739e+06	7.15836	
10121	0.0218001	1.61375e-06	0.0217985	6.78166e-08	2.28301e+06	169	2.28284e+06	7.10207	
10130	0.138433	7.06233e-05	0.138363	6.78233e-08	1.44974e+07	7396	1.449e+07	7.10276	
10137	0.0198827	1.37503e-06	0.0198814	6.78209e-08	2.08221e+06	144	2.08207e+06	7.10252	
10163	0.0174747	1.15541e-06	0.0174736	6.78788e-08	1.83003e+06	121	1.82991e+06	7.10858	
10174	0.0486042	7.4863e-06	0.0485967	9.04999e-08	5.09005e+06	784	5.08927e+06	9.47757	
10188	0.0228138	1.61375e-06	0.0228122	8.79645e-08	2.38917e+06	169	2.389e+06	9.21205	
10193	0.0573743	1.03986e-05	0.0573639	6.84519e-08	6.00851e+06	1089	6.00742e+06	7.1686	
10196	0.188342	0.000132958	0.188209	6.53192e-08	1.9724e+07	13924	1.97101e+07	6.84053	
10205	0.0811035	2.02053e-05	0.0810833	6.61939e-08	8.49353e+06	2116	8.49141e+06	6.93214	
10209	0.0192882	1.37503e-06	0.0192869	6.77571e-08	2.01995e+06	144	2.01981e+06	7.09584	
10243	0.020934	1.61375e-06	0.0209324	6.75784e-08	2.19231e+06	169	2.19214e+06	7.07712	
10244	0.0580065	1.23753e-05	0.0579942	7.11017e-08	6.07471e+06	1296	6.07342e+06	7.4461	
10249	0.0492006	7.4863e-06	0.049186	7.19825e-06	5.15252e+06	784	5.15098e+06	753.834	
10265	0.10866	3.9112e-05	0.108621	6.813e-08	1.13794e+07	4096	1.13753e+07	7.13489	
10267	0.0342936	3.81954e-06	0.0342898	6.78334e-08	3.59139e+06	400	3.59099e+06	7.10383	
10279	0.021156	1.37503e-06	0.0211546	6.78347e-08	2.21556e+06	144	2.21541e+06	7.10396	
10284	0.108371	4.28647e-05	0.108328	6.79464e-08	1.13492e+07	4489	1.13447e+07	7.11566	
10285	0.048332	8.59396e-06	0.0483234	6.7622e-08	5.06155e+06	900	5.06065e+06	7.08168	
10287	0.0201471	1.37503e-06	0.0201457	6.78382e-08	2.10989e+06	144	2.10975e+06	7.10433	
10289	0.447606	0.000635609	0.446969	9.12704e-07	4.68753e+07	66564	4.68087e+07	95.5826	
10292	0.0271821	2.75961e-06	0.0271793	6.85689e-08	2.84663e+06	289	2.84635e+06	7.18085	
10297	0.0292414	3.09382e-06	0.0292382	1.99354e-07	3.0623e+06	324	3.06196e+06	20.8773	
10311	0.0202304	1.37503e-06	0.020229	6.76805e-08	2.11862e+06	144	2.11847e+06	7.08781	
10331	0.171878	0.000105276	0.171773	6.68582e-08	1.79999e+07	11025	1.79889e+07	7.0017	
10339	0.0440353	6.45502e-06	0.0440289	7.45869e-08	4.61158e+06	676	4.61091e+06	7.81109	
10350	0.080172	2.38721e-05	0.0801482	6.50215e-08	8.39599e+06	2500	8.39349e+06	6.80935	
10352	0.0247377	2.14849e-06	0.0247351	5.05519e-07	2.59065e+06	225	2.59038e+06	52.9403	
10356	0.0287366	3.09382e-06	0.0287335	6.78497e-08	3.00943e+06	324	3.0091e+06	7.10554	
10365	0.0385824	5.50013e-06	0.0385769	1.25053e-07	4.04053e+06	576	4.03995e+06	13.0961	
10373	0.178424	0.000117651	0.178306	6.62786e-08	1.86854e+07	12321	1.86731e+07	6.941	
10378	0.0371519	4.62164e-06	0.0371473	6.75181e-08	3.89072e+06	484	3.89023e+06	7.07081	
10392	0.163144	8.61783e-05	0.163057	9.7064e-07	1.70852e+07	9025	1.70761e+07	101.649	
10428	3.82908	0.0543615	3.77472	8.89443e-07	4.00999e+08	5.69299e+06	3.95306e+08	93.1466	
10430	0.0437277	6.45502e-06	0.0437211	1.71573e-07	4.57936e+06	676	4.57868e+06	17.9679	
10455	0.0214887	1.61375e-06	0.0214871	6.72838e-08	2.2504e+06	169	2.25023e+06	7.04627	
10470	0.0225637	1.87157e-06	0.0225618	9.19126e-08	2.36298e+06	196	2.36278e+06	9.62551	
10471	0.484831	0.000917644	0.483913	1.64563e-07	5.07737e+07	96100	5.06776e+07	17.2338	
10489	0.0402519	5.50013e-06	0.0402461	3.27244e-07	4.21537e+06	576	4.21476e+06	34.2706	
10496	0.0482062	7.4863e-06	0.0481987	6.79404e-08	5.04838e+06	784	5.0476e+06	7.11503	
10513	0.00771576	1.37503e-06	0.00771439	6.77782e-08	808030	144	807886	7.09804	
10521	0.0418445	6.45502e-06	0.041838	6.81221e-08	4.38215e+06	676	4.38147e+06	7.13406	
10525	0.0391333	5.05134e-06	0.0391282	6.81196e-08	4.09822e+06	529	4.09769e+06	7.1338	
10533	0.0168966	1.37503e-06	0.0168952	6.78305e-08	1.76949e+06	144	1.76935e+06	7.10352	
10536	0.0461922	8.03058e-06	0.0461841	1.5868e-07	4.83747e+06	841	4.83662e+06	16.6177	
10545	0.0213683	1.37503e-06	0.0213669	6.77542e-08	2.23779e+06	144	2.23764e+06	7.09554	
10551	0.0333761	3.81954e-06	0.0333723	6.75239e-08	3.4953e+06	400	3.4949e+06	7.07142	
10563	0.0344495	4.21104e-06	0.0344452	7.33686e-08	3.60771e+06	441	3.60726e+06	7.6835	
10571	0.0413165	5.50013e-06	0.041311	7.68429e-08	4.32686e+06	576	4.32628e+06	8.04734	
10578	0.0445466	6.96111e-06	0.0445397	8.09231e-08	4.66513e+06	729	4.6644e+06	8.47464	
10581	0.0202366	1.37503e-06	0.0202353	6.81516e-08	2.11927e+06	144	2.11913e+06	7.13715	
10587	0.0639447	1.60516e-05	0.0639287	6.71679e-08	6.69659e+06	1681	6.6949e+06	7.03413	
10595	0.0773127	2.02053e-05	0.0772925	6.75187e-08	8.09654e+06	2116	8.09443e+06	7.07088	
10601	0.00332259	2.75961e-06	0.00331983	6.78522e-08	347957	289	347668	7.1058	
10603	0.0611099	1.16973e-05	0.0610981	6.89212e-08	6.39971e+06	1225	6.39848e+06	7.21774	
10605	0.021819	1.87157e-06	0.0218171	6.82546e-08	2.28499e+06	196	2.28479e+06	7.14794	
10626	0.106217	3.55312e-05	0.106182	6.85479e-08	1.11236e+07	3721	1.11198e+07	7.17865	
10636	0.0280414	3.09382e-06	0.0280383	6.8127e-08	2.93663e+06	324	2.9363e+06	7.13458	
10640	0.0238095	1.87157e-06	0.0238075	2.68737e-07	2.49344e+06	196	2.49323e+06	28.1433	
10652	0.0266286	2.14849e-06	0.0266024	2.41278e-05	2.78867e+06	225	2.78593e+06	2526.77	
10658	0.0331116	3.81954e-06	0.0331078	7.22119e-08	3.4676e+06	400	3.4672e+06	7.56237	
10660	0.079908	2.20005e-05	0.0798859	1.17428e-07	8.36834e+06	2304	8.36603e+06	12.2976	
10693	0.0199002	1.61375e-06	0.0198986	6.77523e-08	2.08405e+06	169	2.08388e+06	7.09533	
10696	0.031765	3.44713e-06	0.0317595	2.20748e-06	3.32658e+06	361	3.326e+06	231.177	
10703	0.051043	9.77802e-06	0.0510332	6.79744e-08	5.34546e+06	1024	5.34443e+06	7.11859	
10706	0.0331254	3.81954e-06	0.0331216	8.60204e-08	3.46905e+06	400	3.46864e+06	9.00845	
10715	0.0520894	8.59396e-06	0.0520798	1.03164e-06	5.45504e+06	900	5.45404e+06	108.039	
10738	0.0609814	1.23753e-05	0.060969	8.60559e-08	6.38626e+06	1296	6.38496e+06	9.01217	
10748	0.0285677	2.75961e-06	0.028565	6.78848e-08	2.99175e+06	289	2.99146e+06	7.10921	
10773	0.0207788	1.37503e-06	0.0207765	9.27367e-07	2.17605e+06	144	2.17582e+06	97.1182	
10790	0.0266176	2.14849e-06	0.0266122	3.35877e-06	2.78752e+06	225	2.78695e+06	351.746	
10809	0.0224365	1.87157e-06	0.0224347	6.82827e-08	2.34966e+06	196	2.34946e+06	7.15089	
10810	0.0461568	9.17644e-06	0.0461476	6.76719e-08	4.83376e+06	961	4.8328e+06	7.08692	
10840	0.100085	3.21223e-05	0.100049	4.154e-06	1.04814e+07	3364	1.04776e+07	435.026	
10856	0.0696757	1.68441e-05	0.0696588	6.76259e-08	7.29676e+06	1764	7.295e+06	7.0821	
10857	0.0184899	1.15541e-06	0.0184887	8.92897e-08	1.93635e+06	121	1.93622e+06	9.35083	
10871	0.0561015	1.10384e-05	0.0560904	7.60608e-08	5.87521e+06	1156	5.87405e+06	7.96544	
10877	0.0325996	4.21104e-06	0.0325954	7.51982e-08	3.41398e+06	441	3.41354e+06	7.87511	
10889	0.0226564	1.87157e-06	0.0226545	6.88795e-08	2.37268e+06	196	2.37248e+06	7.21338	
10897	0.0423395	5.96803e-06	0.04233	3.57043e-06	4.43399e+06	625	4.433e+06	373.912	
10904	0.0200314	1.37503e-06	0.0200301	7.91948e-08	2.09779e+06	144	2.09764e+06	8.29365	
10912	0.411958	0.000685827	0.411272	2.16358e-07	4.31421e+07	71823	4.30703e+07	22.658	
10914	0.0275067	3.09382e-06	0.0275028	8.88858e-07	2.88063e+06	324	2.88022e+06	93.0853	
10920	0.0236425	2.4445e-06	0.02364	6.77741e-08	2.47595e+06	256	2.47569e+06	7.09761	
10942	0.0213932	1.87157e-06	0.0213913	6.85122e-08	2.2404e+06	196	2.2402e+06	7.17491	
10950	0.0299457	3.09382e-06	0.0299426	8.55134e-08	3.13605e+06	324	3.13573e+06	8.95536	
10962	0.0260883	2.75961e-06	0.0260855	6.78666e-08	2.73208e+06	289	2.7318e+06	7.10731	
10964	0.0484986	9.17644e-06	0.0484892	2.88519e-07	5.07899e+06	961	5.07801e+06	30.2151	
10971	0.0831071	2.78444e-05	0.0830793	6.76397e-08	8.70336e+06	2916	8.70045e+06	7.08354	
10975	0.0199876	1.37503e-06	0.0199862	6.88356e-08	2.0932e+06	144	2.09305e+06	7.20878	
10977	0.341839	0.00040129	0.341436	1.70271e-06	3.57989e+07	42025	3.57567e+07	178.315	
10978	0.0252476	2.14849e-06	0.0252451	4.28177e-07	2.64404e+06	225	2.64378e+06	44.8407	
10979	0.0269926	2.4445e-06	0.0269901	6.80205e-08	2.82679e+06	256	2.82653e+06	7.12342	
10980	0.0125665	1.61375e-06	0.0125649	6.79226e-08	1.31603e+06	169	1.31586e+06	7.11317	
10992	0.0395796	5.50013e-06	0.0395741	7.20772e-08	4.14495e+06	576	4.14438e+06	7.54826	
11010	0.288053	0.000292433	0.287761	8.86516e-08	3.01663e+07	30625	3.01357e+07	9.28401	
11012	0.0911762	2.78444e-05	0.0911477	6.67458e-07	9.54839e+06	2916	9.54541e+06	69.8993	
11030	0.108021	4.41538e-05	0.107975	1.88648e-06	1.13125e+07	4624	1.13076e+07	197.561	
11034	0.0676737	1.60516e-05	0.0676576	1.10968e-07	7.0871e+06	1681	7.08542e+06	11.6211	
11101	0.0731181	2.20005e-05	0.0730961	6.73532e-08	7.65726e+06	2304	7.65496e+06	7.05353	
11118	0.0863853	2.78444e-05	0.0863573	1.77494e-07	9.04667e+06	2916	9.04374e+06	18.588	
11178	0.0617272	1.23753e-05	0.0617089	6.04885e-06	6.46436e+06	1296	6.46244e+06	633.464	
11193	0.21031	0.000151597	0.210157	1.6659e-06	2.20247e+07	15876	2.20086e+07	174.461	
11204	0.040982	5.96803e-06	0.0409755	6.56431e-07	4.29183e+06	625	4.29114e+06	68.7445	
11215	0.026697	2.4445e-06	0.026688	6.70361e-06	2.79584e+06	256	2.79489e+06	702.033	
11236	0.0961578	3.32395e-05	0.0961218	2.85942e-06	1.007e+07	3481	1.00663e+07	299.452	
11247	0.0255401	2.4445e-06	0.0255375	2.39606e-07	2.67468e+06	256	2.67441e+06	25.0927	
11273	0.141862	7.22752e-05	0.141789	2.25283e-07	1.48564e+07	7569	1.48488e+07	23.5927	
11294	0.0416332	5.96803e-06	0.0416269	4.10086e-07	4.36002e+06	625	4.35936e+06	42.9461	
11316	0.0185454	1.15541e-06	0.018544	3.50148e-07	1.94216e+06	121	1.94201e+06	36.6691	
11330	0.112254	4.15947e-05	0.112208	4.64787e-06	1.17558e+07	4356	1.1751e+07	486.746	
11339	0.0208641	1.61375e-06	0.0208604	2.17231e-06	2.18499e+06	169	2.1846e+06	227.494	
11374	0.022665	1.87157e-06	0.0226631	6.95945e-08	2.37359e+06	196	2.37339e+06	7.28826	
11392	0.0313793	3.44713e-06	0.0313758	8.78208e-08	3.28618e+06	361	3.28582e+06	9.19701	
11409	0.0220563	1.61375e-06	0.0220547	9.48275e-08	2.30984e+06	169	2.30967e+06	9.93078	
11410	0.0181359	1.15541e-06	0.0181347	7.27523e-08	1.89927e+06	121	1.89915e+06	7.61895	
11441	0.0278132	2.75961e-06	0.0278104	6.78875e-08	2.91273e+06	289	2.91244e+06	7.10949	
11442	0.0203407	1.37503e-06	0.0203369	2.55591e-06	2.13018e+06	144	2.12977e+06	267.667	
11475	0.0185045	1.15541e-06	0.0184902	1.32822e-05	1.93788e+06	121	1.93638e+06	1390.98	
11534	0.0449839	1.23753e-05	0.0449715	1.00862e-07	4.71092e+06	1296	4.70962e+06	10.5627	
11540	0.652181	0.00262188	0.64956	7.72797e-08	6.82995e+07	274576	6.80249e+07	8.09309	
11544	0.0230093	3.09382e-06	0.023006	2.27183e-07	2.40964e+06	324	2.4093e+06	23.7916	
11545	0.205793	0.0002506	0.205541	2.18767e-06	2.15516e+07	26244	2.15252e+07	229.103	
11554	0.0317221	5.96803e-06	0.0317146	1.52638e-06	3.32208e+06	625	3.3213e+06	159.85	
11558	0.0317743	5.96803e-06	0.0317675	9.47497e-07	3.32756e+06	625	3.32684e+06	99.2263	
11560	0.444884	0.00120339	0.443679	2.25789e-06	4.65903e+07	126025	4.64641e+07	236.457	
11562	0.112082	7.56364e-05	0.112006	9.36349e-08	1.17378e+07	7921	1.17298e+07	9.80587	
11565	0.0287625	5.05134e-06	0.0287574	1.85908e-07	3.01215e+06	529	3.0116e+06	19.4691	
11566	0.0446959	1.23753e-05	0.0446835	7.14005e-08	4.68076e+06	1296	4.67946e+06	7.47739	
11571	0.092916	5.51541e-05	0.0928608	7.81029e-08	9.73059e+06	5776	9.72482e+06	8.1793	
11583	0.231237	0.000337494	0.230899	5.34846e-07	2.42163e+07	35344	2.41809e+07	56.0115	
11598	0.212123	0.000282493	0.21184	3.82593e-07	2.22145e+07	29584	2.21849e+07	40.0669	
11600	0.122556	9.35882e-05	0.122462	6.70364e-08	1.28346e+07	9801	1.28248e+07	7.02036	
11611	0.0283857	5.05134e-06	0.0283804	2.2921e-07	2.97268e+06	529	2.97213e+06	24.004	
11619	0.0625347	2.48365e-05	0.0625087	1.21837e-06	6.54892e+06	2601	6.5462e+06	127.593	
11798	0.0117943	1.37503e-06	0.0117929	6.81254e-08	1.23516e+06	144	1.23501e+06	7.1344	
11880	0.00381961	3.09382e-06	0.00381652	6.77457e-08	400007	324	399683	7.09464	
11935	0.0274572	1.23753e-05	0.0274449	6.78061e-08	2.87545e+06	1296	2.87415e+06	7.10097	
11979	0.00848999	2.4445e-06	0.00848754	6.77895e-08	889111	256	888855	7.09923	
11995	0.016865	2.75961e-06	0.0168622	6.78729e-08	1.76618e+06	289	1.76589e+06	7.10797	
12180	0.0208372	6.96111e-06	0.0208302	6.75264e-08	2.18217e+06	729	2.18144e+06	7.07168	
12290	0.0115946	1.61375e-06	0.011593	6.77682e-08	1.21425e+06	169	1.21408e+06	7.097	
12370	0.0109761	1.15541e-06	0.0109749	6.79168e-08	1.14946e+06	121	1.14934e+06	7.11256	
12651	0.0142621	1.87157e-06	0.0142603	6.80585e-08	1.4936e+06	196	1.4934e+06	7.1274	
12658	0.0429328	2.88852e-05	0.042904	6.74391e-08	4.49613e+06	3025	4.4931e+06	7.06254	
12686	0.02655	6.45502e-06	0.0265436	6.79044e-08	2.78044e+06	676	2.77977e+06	7.11126	
12690	0.0121023	1.37503e-06	0.0121009	6.75065e-08	1.26741e+06	144	1.26727e+06	7.06959	
12718	0.0501647	2.29267e-05	0.0501418	6.82052e-08	5.25348e+06	2401	5.25108e+06	7.14276	
12748	0.0112565	1.15541e-06	0.0112554	6.77625e-08	1.17884e+06	121	1.17871e+06	7.0964	
12848	0.0164495	2.4445e-06	0.016447	6.75246e-08	1.72266e+06	256	1.72241e+06	7.07149	
12868	0.0249744	1.93364e-05	0.0249551	6.79329e-08	2.61543e+06	2025	2.61341e+06	7.11425	
12869	0.0133809	3.44713e-06	0.0133774	6.73711e-08	1.40131e+06	361	1.40095e+06	7.05541	
12879	0.0329634	9.77802e-06	0.0329536	6.80667e-08	3.45208e+06	1024	3.45105e+06	7.12826	
12896	0.0164401	2.4445e-06	0.0164377	6.7677e-08	1.72169e+06	256	1.72143e+06	7.08745	
12954	0.0165462	2.4445e-06	0.0165438	6.79166e-08	1.7328e+06	256	1.73254e+06	7.11254	
12966	0.0248312	5.50013e-06	0.0248257	6.81586e-08	2.60044e+06	576	2.59986e+06	7.13788	
13001	0.0280002	6.96111e-06	0.0279933	6.75958e-08	2.93232e+06	729	2.93159e+06	7.07895	
13015	0.351288	0.00109089	0.350197	6.61052e-08	3.67885e+07	114244	3.66742e+07	6.92284	
13055	0.0218777	4.21104e-06	0.0218735	6.83966e-08	2.29113e+06	441	2.29069e+06	7.16281	
13065	0.0112948	1.15541e-06	0.0112937	6.79243e-08	1.18285e+06	121	1.18272e+06	7.11335	
13118	0.012552	1.37503e-06	0.0125506	6.78295e-08	1.3145e+06	144	1.31436e+06	7.10342	
13139	0.0414496	1.68441e-05	0.0414328	6.68937e-08	4.34079e+06	1764	4.33903e+06	7.00542	
13174	0.0115867	1.15541e-06	0.0115855	6.78887e-08	1.21341e+06	121	1.21329e+06	7.10962	
13226	0.0145026	1.87157e-06	0.0145007	6.79266e-08	1.51878e+06	196	1.51858e+06	7.11359	
13240	0.0116387	1.15541e-06	0.0116376	6.78615e-08	1.21886e+06	121	1.21874e+06	7.10677	
13257	0.0874239	6.73767e-05	0.0873565	6.5818e-08	9.15543e+06	7056	9.14838e+06	6.89276	
13309	0.015985	2.75961e-06	0.0159823	6.76057e-08	1.67403e+06	289	1.67374e+06	7.07998	
13311	0.0441876	2.20005e-05	0.0441656	6.7684e-08	4.62753e+06	2304	4.62523e+06	7.08819	
13313	0.0105898	3.44713e-06	0.0105863	6.78819e-08	1.10901e+06	361	1.10865e+06	7.10891	
13317	0.0865137	8.08214e-05	0.0864329	6.7655e-08	9.06012e+06	8464	9.05165e+06	7.08514	
13326	0.0104526	1.15541e-06	0.0104514	6.78377e-08	1.09464e+06	121	1.09452e+06	7.10428	
13334	0.0663223	4.67893e-05	0.0662755	6.93844e-08	6.94557e+06	4900	6.94067e+06	7.26626	
13339	0.0744063	5.95943e-05	0.0743467	6.82633e-08	7.79218e+06	6241	7.78593e+06	7.14885	
13347	0.0142056	3.09382e-06	0.0142025	6.79398e-08	1.48768e+06	324	1.48735e+06	7.11497	
13362	0.0123546	1.61375e-06	0.012353	6.77108e-08	1.29383e+06	169	1.29367e+06	7.09099	
13412	0.0166366	2.4445e-06	0.0166342	6.78368e-08	1.74227e+06	256	1.74201e+06	7.10418	
13453	0.0258568	6.96111e-06	0.0258498	6.72028e-08	2.70784e+06	729	2.70711e+06	7.03778	
13460	0.0154047	2.4445e-06	0.0154023	6.7707e-08	1.61325e+06	256	1.613e+06	7.09059	
13505	0.0136668	1.87157e-06	0.013665	6.79038e-08	1.43126e+06	196	1.43106e+06	7.1112	
13531	0.0127157	1.61375e-06	0.0127141	6.77548e-08	1.33164e+06	169	1.33147e+06	7.09559	
13741	0.230478	0.000616033	0.229862	6.65651e-08	2.41367e+07	64513.8	2.40722e+07	6.97101	
13757	0.00681598	1.37503e-06	0.00681461	6.77007e-08	713801	144	713657	7.08993	
13813	0.00871681	1.15541e-06	0.00871566	6.8067e-08	912865	121	912744	7.12829	
13976	0.0199457	4.62164e-06	0.0199411	6.76974e-08	2.08881e+06	484	2.08832e+06	7.08959	
13979	0.0160675	6.96111e-06	0.0160606	6.79397e-08	1.68267e+06	729	1.68194e+06	7.11496	
14071	0.0651946	3.78993e-05	0.0651567	6.88171e-08	6.82748e+06	3969	6.82351e+06	7.20684	
14082	0.0739708	7.73456e-05	0.0738934	6.98457e-08	7.74656e+06	8100	7.73846e+06	7.31456	
14090	0.00675677	1.37503e-06	0.0067554	6.78043e-08	707601	144	707457	7.10078	
14091	0.0151216	3.44713e-06	0.0151182	6.79956e-08	1.58361e+06	361	1.58325e+06	7.12081	
14158	0.0520915	2.48365e-05	0.0520667	6.69686e-08	5.45527e+06	2601	5.45267e+06	7.01326	
14162	0.0441681	2.29267e-05	0.0441452	6.83204e-08	4.62549e+06	2401	4.62309e+06	7.15483	
14216	0.0485496	2.88852e-05	0.0485207	6.73364e-08	5.08434e+06	3025	5.08131e+06	7.05178	
14224	0.0048581	1.37503e-06	0.00485673	6.77983e-08	508763	144	508619	7.10015	
14225	0.0134824	2.14849e-06	0.0134803	6.79396e-08	1.41194e+06	225	1.41172e+06	7.11495	
14274	0.0286988	9.77802e-06	0.028689	6.76907e-08	3.00547e+06	1024	3.00444e+06	7.08889	
14300	0.0962479	8.43736e-05	0.0961636	6.77339e-08	1.00795e+07	8836	1.00706e+07	7.09341	
14321	0.0917859	0.000101303	0.0916846	6.81333e-08	9.61224e+06	10609	9.60163e+06	7.13523	
14355	0.0147127	2.4445e-06	0.0147102	6.78584e-08	1.54078e+06	256	1.54052e+06	7.10645	
14364	0.0217745	5.96803e-06	0.0217686	6.76204e-08	2.28033e+06	625	2.2797e+06	7.08152	
14386	0.0231589	6.45502e-06	0.0231524	6.80989e-08	2.4253e+06	676	2.42463e+06	7.13163	
14413	0.0119874	2.14849e-06	0.0119853	6.74968e-08	1.25538e+06	225	1.25515e+06	7.06858	
14507	0.0123252	1.87157e-06	0.0123233	6.78838e-08	1.29075e+06	196	1.29056e+06	7.10911	
14544	0.0203936	4.21104e-06	0.0203894	6.76936e-08	2.13572e+06	441	2.13528e+06	7.08919	
14569	0.00749673	1.37503e-06	0.00749536	6.76862e-08	785093	144	784949	7.08841	
14598	0.0177449	3.81954e-06	0.017741	6.80038e-08	1.85832e+06	400	1.85792e+06	7.12167	
14618	0.01034	1.15541e-06	0.0103388	6.78222e-08	1.08285e+06	121	1.08273e+06	7.10266	
14647	0.0111097	1.87157e-06	0.0111079	6.77386e-08	1.16346e+06	196	1.16327e+06	7.0939	
14734	0.0141481	2.14849e-06	0.014146	6.81418e-08	1.48166e+06	225	1.48143e+06	7.13613	
14744	0.0162291	2.75961e-06	0.0162264	6.76111e-08	1.69959e+06	289	1.6993e+06	7.08055	
14757	0.0149303	5.96803e-06	0.0149243	6.76277e-08	1.56357e+06	625	1.56295e+06	7.08229	
14767	0.0106838	1.15541e-06	0.0106826	6.7808e-08	1.11885e+06	121	1.11873e+06	7.10117	
14769	0.0103704	1.61375e-06	0.0103687	6.79608e-08	1.08603e+06	169	1.08586e+06	7.11717	
14774	0.0117125	1.37503e-06	0.0117111	6.77082e-08	1.22658e+06	144	1.22644e+06	7.09072	
14804	0.0248476	6.45502e-06	0.0248411	6.71912e-08	2.60215e+06	676	2.60148e+06	7.03657	
14814	0.0252777	6.45502e-06	0.0252712	6.80379e-08	2.6472e+06	676	2.64652e+06	7.12525	
14862	0.0161363	2.75961e-06	0.0161336	6.77049e-08	1.68987e+06	289	1.68958e+06	7.09037	
14894	0.0409545	1.76558e-05	0.0409368	6.68354e-08	4.28894e+06	1849	4.28709e+06	6.99931	
14964	0.00846893	1.87157e-06	0.00846705	6.78702e-08	886905	196	886709	7.10768	
14992	0.0471827	2.38721e-05	0.0471588	6.78852e-08	4.94119e+06	2500	4.93869e+06	7.10925	
14998	0.0648624	4.03439e-05	0.0648221	6.76053e-08	6.79269e+06	4225	6.78847e+06	7.07994	
15003	0.0225863	5.50013e-06	0.0225808	6.80221e-08	2.36534e+06	576	2.36476e+06	7.12359	
15017	0.0125699	1.61375e-06	0.0125683	6.78892e-08	1.31638e+06	169	1.31621e+06	7.10967	
15201	0.0212272	1.16973e-05	0.0212155	6.82904e-08	2.22301e+06	1225	2.22178e+06	7.15169	
15265	0.00789179	1.15541e-06	0.00789064	6.76703e-08	826465	121	826344	7.08675	
15287	0.0508416	4.81357e-05	0.0507935	6.88418e-08	5.32437e+06	5041	5.31933e+06	7.20943	
15308	0.00797725	1.15541e-06	0.00797609	6.7755e-08	835414	121	835293	7.09562	
15316	0.00945141	1.61375e-06	0.00944979	6.78492e-08	989795	169	989626	7.10549	
15322	0.0137029	3.44713e-06	0.0136994	6.77258e-08	1.43503e+06	361	1.43467e+06	7.09255	
15326	0.0326923	2.02053e-05	0.0326721	6.76154e-08	3.42369e+06	2116	3.42158e+06	7.081	
15347	0.030243	1.68441e-05	0.0302262	6.80872e-08	3.16719e+06	1764	3.16543e+06	7.13041	
15355	0.0629221	7.39463e-05	0.0628482	6.84108e-08	6.5895e+06	7744	6.58175e+06	7.16429	
15372	0.0143369	3.81954e-06	0.0143331	6.78158e-08	1.50143e+06	400	1.50103e+06	7.10198	
15378	0.00566113	1.87157e-06	0.00565926	6.79797e-08	592860	196	592664	7.11915	
15409	0.00580098	1.87157e-06	0.00579911	6.77915e-08	607506	196	607310	7.09944	
15416	0.0100766	6.96111e-06	0.0100696	6.79885e-08	1.05526e+06	729	1.05453e+06	7.12007	
15430	0.00809227	4.62164e-06	0.00808765	6.76986e-08	847460	484	846976	7.08971	
15445	0.00801741	3.81954e-06	0.0080136	6.79965e-08	839621	400	839221	7.12091	
15448	0.0126586	7.4863e-06	0.0126511	6.77917e-08	1.32567e+06	784	1.32488e+06	7.09947	
15477	0.0176644	1.76558e-05	0.0176468	6.76891e-08	1.8499e+06	1849	1.84805e+06	7.08872	
15485	0.00675305	2.14849e-06	0.0067509	6.7822e-08	707211	225	706986	7.10263	
15489	0.0204533	1.93364e-05	0.020434	6.73447e-08	2.14197e+06	2025	2.13994e+06	7.05265	
15501	0.00783825	3.81954e-06	0.00783443	6.79255e-08	820858	400	820458	7.11347	
15512	0.0128842	1.16973e-05	0.0128725	6.77345e-08	1.3493e+06	1225	1.34807e+06	7.09347	
15515	0.00494617	1.37503e-06	0.00494479	6.77971e-08	517985	144	517841	7.10003	
15543	0.00998166	4.62164e-06	0.00997704	6.78824e-08	1.04532e+06	484	1.04484e+06	7.10896	
15553	0.0206256	1.93364e-05	0.0206063	6.80559e-08	2.16001e+06	2025	2.15799e+06	7.12713	
15556	0.00663313	2.14849e-06	0.00663099	6.78639e-08	694653	225	694428	7.10702	
15562	0.0143816	9.77802e-06	0.0143719	6.77941e-08	1.50611e+06	1024	1.50509e+06	7.09971	
15564	0.0100823	5.05134e-06	0.0100773	6.78736e-08	1.05587e+06	529	1.05534e+06	7.10803	
15585	0.0146934	1.03986e-05	0.014683	6.78924e-08	1.53876e+06	1089	1.53767e+06	7.11001	
15594	0.0159458	1.23753e-05	0.0159335	6.78609e-08	1.66992e+06	1296	1.66863e+06	7.10671	
15612	0.0197862	3.32395e-05	0.019753	6.77407e-08	2.0721e+06	3481	2.06862e+06	7.09412	
15627	0.0115189	5.96803e-06	0.0115129	6.79624e-08	1.20631e+06	625	1.20568e+06	7.11734	
15633	0.0138662	1.30723e-05	0.0138531	6.76432e-08	1.45213e+06	1369	1.45076e+06	7.0839	
15649	0.00477649	1.61375e-06	0.00477487	6.77499e-08	500216	169	500047	7.09508	
15657	0.0167011	1.30723e-05	0.0166881	6.74719e-08	1.74902e+06	1369	1.74765e+06	7.06597	
15668	0.00652394	3.09382e-06	0.00652084	6.78587e-08	683217	324	682893	7.10647	
15681	0.0070855	3.44713e-06	0.00708205	6.795e-08	742026	361	741665	7.11603	
15683	0.0163049	2.38721e-05	0.016281	6.78603e-08	1.70753e+06	2500	1.70503e+06	7.10664	
15693	0.00840109	4.62164e-06	0.00839646	6.78445e-08	879801	484	879317	7.10499	
15729	0.012686	7.4863e-06	0.0126785	6.7981e-08	1.32854e+06	784	1.32775e+06	7.11928	
15757	0.00798529	1.61375e-06	0.00798368	6.77076e-08	836257	169	836088	7.09066	
15785	0.0101375	8.03058e-06	0.0101295	6.78587e-08	1.06165e+06	841	1.06081e+06	7.10648	
15818	0.0354566	5.51541e-05	0.0354015	6.7355e-08	3.71318e+06	5776	3.70741e+06	7.05373	
15837	0.0124573	6.96111e-06	0.0124503	6.74381e-08	1.30459e+06	729	1.30386e+06	7.06243	
15842	0.00775327	3.09382e-06	0.00775017	6.75572e-08	811958	324	811634	7.0749	
15863	0.0434601	0.000156448	0.0433036	6.72503e-08	4.55134e+06	16384	4.53496e+06	7.04276	
15873	0.0107923	5.50013e-06	0.0107868	6.79013e-08	1.13022e+06	576	1.12964e+06	7.11093	
15876	0.0110232	6.96111e-06	0.0110163	6.78351e-08	1.1544e+06	729	1.15368e+06	7.10401	
15884	0.00458402	1.61375e-06	0.0045824	6.77812e-08	480060	169	479891	7.09836	
15893	0.0200395	2.10934e-05	0.0200184	6.73542e-08	2.09863e+06	2209	2.09642e+06	7.05365	
15897	0.00488717	1.61375e-06	0.00488555	6.77715e-08	511807	169	511638	7.09734	
15928	0.00796424	5.05134e-06	0.00795919	6.76545e-08	834052	529	833523	7.08509	
15938	0.00419239	1.15541e-06	0.00419123	6.77134e-08	439046	121	438925	7.09126	
15941	0.0150474	1.68441e-05	0.0150306	6.79605e-08	1.57584e+06	1764	1.57407e+06	7.11713	
15947	0.005515	1.37503e-06	0.00551362	6.78817e-08	577556	144	577412	7.10889	
15948	0.00864934	4.62164e-06	0.00864472	6.80112e-08	905799	484	905315	7.12244	
15950	0.0275141	4.67893e-05	0.0274673	6.75356e-08	2.88141e+06	4900	2.87651e+06	7.07264	
15953	0.0127571	1.16973e-05	0.0127454	6.77007e-08	1.33599e+06	1225	1.33476e+06	7.08993	
15966	0.00363326	1.15541e-06	0.0036321	6.78805e-08	380492	121	380371	7.10876	
15984	0.0255932	4.95012e-05	0.0255437	6.74411e-08	2.68024e+06	5184	2.67505e+06	7.06275	
15987	0.0432926	0.000171459	0.0431211	6.75283e-08	4.5338e+06	17956	4.51584e+06	7.07188	
15990	0.00460045	1.15541e-06	0.0045993	6.79377e-08	481781	121	481660	7.11475	
16003	0.00944903	3.44713e-06	0.00944558	6.79684e-08	989546	361	989185	7.11796	
16012	0.0141562	1.45238e-05	0.0141417	6.77404e-08	1.48251e+06	1521	1.48099e+06	7.09409	
16027	0.00559899	2.14849e-06	0.00559684	6.7854e-08	586352	225	586127	7.10599	
16036	0.00479565	1.15541e-06	0.0047945	6.77346e-08	502223	121	502102	7.09348	
16048	0.00647767	3.09382e-06	0.00647457	6.7798e-08	678371	324	678047	7.10012	
16087	0.0340747	9.54885e-05	0.0339792	6.82168e-08	3.56846e+06	10000	3.55846e+06	7.14398	
16099	0.00384673	1.15541e-06	0.00384558	6.78517e-08	402848	121	402727	7.10575	
16126	0.00590227	1.52781e-05	0.00588699	6.78348e-08	618113	1600	616513	7.10397	
16129	0.0119787	7.4863e-06	0.0119712	6.78453e-08	1.25446e+06	784	1.25368e+06	7.10507	
16140	0.00754521	2.14849e-06	0.00754306	6.7719e-08	790169	225	789944	7.09185	
16144	0.0093309	6.45502e-06	0.00932445	6.77857e-08	977175	676	976499	7.09883	
16189	0.0465933	0.000181848	0.0464115	6.87749e-08	4.87947e+06	19044	4.86042e+06	7.20243	
16196	0.0518859	0.000247515	0.0516384	6.84202e-08	5.43373e+06	25921	5.40781e+06	7.16528	
16229	0.00541239	1.23753e-05	0.00540002	6.77289e-08	566811	1296	565515	7.09288	
16241	0.00546633	1.37503e-06	0.00546495	6.79151e-08	572459	144	572315	7.11239	
16251	0.00735858	2.20005e-05	0.00733658	6.7738e-08	770624	2304	768320	7.09383	
16266	0.00464642	1.37503e-06	0.00464504	6.7935e-08	486594	144	486450	7.11446	
16282	0.0268205	5.80952e-05	0.0267624	6.79022e-08	2.80877e+06	6084	2.80269e+06	7.11103	
16297	0.00666228	3.44713e-06	0.00665884	6.77839e-08	697705	361	697344	7.09865	
16309	0.079951	0.00218176	0.0777693	6.94842e-08	8.37284e+06	228484	8.14436e+06	7.27671	
16326	0.00401578	1.37503e-06	0.00401441	6.79354e-08	420552	144	420407	7.11451	
16331	0.00714076	2.75961e-06	0.007138	6.78112e-08	747813	289	747524	7.1015	
16333	0.0045956	1.87157e-06	0.00459373	6.76895e-08	481273	196	481077	7.08876	
16343	0.00385579	1.15541e-06	0.00385464	6.78548e-08	403796	121	403675	7.10607	
16360	0.00506114	2.14849e-06	0.00505899	6.77634e-08	530026	225	529801	7.09649	
16363	0.0143826	1.10384e-05	0.0143715	6.79984e-08	1.50621e+06	1156	1.50505e+06	7.12111	
16403	0.0454429	0.000206341	0.0452365	6.7449e-08	4.75899e+06	21609	4.73738e+06	7.06357	
16427	0.00682058	3.81954e-06	0.00681676	6.78485e-08	714283	400	713883	7.10541	
16437	0.00686335	2.4445e-06	0.00686091	6.77007e-08	718762	256	718506	7.08993	
16454	0.00553522	2.4445e-06	0.00553278	6.78195e-08	579674	256	579418	7.10238	
16499	0.00958148	4.62164e-06	0.00957686	6.78104e-08	1.00341e+06	484	1.00293e+06	7.10141	
16517	0.00220759	1.61375e-06	0.00220598	6.78329e-08	231189	169	231020	7.10378	
16526	0.0211583	4.5462e-05	0.0211128	6.80634e-08	2.21579e+06	4761	2.21103e+06	7.12792	
16535	0.00677372	1.15541e-06	0.00677257	6.79635e-08	709376	121	709255	7.11745	
16541	0.00505597	8.03058e-06	0.00504794	6.76645e-08	529484	841	528643	7.08614	
16551	0.00302364	3.09382e-06	0.00302055	6.77263e-08	316650	324	316326	7.09261	
16567	0.0102549	3.67057e-05	0.0102182	6.80505e-08	1.07394e+06	3844	1.0701e+06	7.12657	
16589	0.0115303	3.9112e-05	0.0114912	6.78354e-08	1.20751e+06	4096	1.20341e+06	7.10403	
16596	0.0030557	3.09382e-06	0.00305261	6.78155e-08	320007	324	319683	7.10195	
16601	0.0263707	0.000206341	0.0261643	6.82798e-08	2.76166e+06	21609	2.74005e+06	7.15058	
16619	0.00455882	2.14849e-06	0.00455668	6.7851e-08	477421	225	477196	7.10567	
16622	0.0023359	1.87157e-06	0.00233403	6.77664e-08	244626	196	244430	7.09681	
16623	0.0471205	0.000675638	0.0464448	6.84006e-08	4.93467e+06	70756	4.86392e+06	7.16323	
16641	0.00331333	3.44713e-06	0.00330989	6.78531e-08	346988	361	346627	7.10589	
16676	0.00577749	1.61375e-06	0.00577587	6.78532e-08	605045	169	604876	7.1059	
16723	0.00355087	3.44713e-06	0.00354742	6.77719e-08	371863	361	371502	7.09738	
16740	0.0332564	0.000292433	0.032964	6.7943e-08	3.48277e+06	30625	3.45214e+06	7.11531	
16751	0.00967587	2.75961e-06	0.00967311	6.79113e-08	1.0133e+06	289	1.01301e+06	7.11198	
16752	0.0192611	0.000128489	0.0191326	6.76707e-08	2.01711e+06	13456	2.00366e+06	7.08679	
16779	0.00362041	3.81954e-06	0.00361659	6.77919e-08	379147	400	378747	7.09948	
16792	0.00279892	2.14849e-06	0.00279677	6.77983e-08	293116	225	292891	7.10015	
16807	0.00291683	2.75961e-06	0.00291407	6.78064e-08	305464	289	305175	7.101	
16816	0.0190061	1.03986e-05	0.0189957	6.75722e-08	1.9904e+06	1089	1.98932e+06	7.07647	
16819	0.0420813	0.000487717	0.0415936	6.73894e-08	4.40695e+06	51076	4.35587e+06	7.05733	
16827	0.020929	0.000128489	0.0208005	6.74946e-08	2.19179e+06	13456	2.17833e+06	7.06834	
16840	0.00913715	2.88852e-05	0.00910827	6.793e-08	956885	3025	953860	7.11394	
16848	0.0157346	6.96111e-06	0.0157277	6.79093e-08	1.6478e+06	729	1.64707e+06	7.11178	
16860	0.0175444	0.000105276	0.0174391	6.79207e-08	1.83733e+06	11025	1.8263e+06	7.11297	
16903	0.00200428	1.15541e-06	0.00200313	6.77924e-08	209898	121	209777	7.09953	
16923	0.00494037	6.45502e-06	0.00493391	6.78075e-08	517378	676	516702	7.10111	
16942	0.00644521	1.15541e-06	0.00644405	6.78279e-08	674972	121	674851	7.10325	
16956	0.00441802	5.05134e-06	0.00441297	6.79235e-08	462676	529	462147	7.11327	
16964	0.00195736	1.15541e-06	0.00195621	6.77901e-08	204984	121	204863	7.09929	
17003	0.00212469	1.15541e-06	0.00212354	6.78412e-08	222508	121	222387	7.10465	
17054	0.00232873	1.37503e-06	0.00232735	6.77678e-08	243875	144	243731	7.09696	
17059	0.00879676	3.44713e-06	0.00879331	6.75887e-08	921238	361	920877	7.0782	
17067	0.00347617	3.09382e-06	0.00347308	6.78084e-08	364041	324	363717	7.10121	
17079	0.00864156	1.37503e-06	0.00864019	6.80039e-08	904985	144	904841	7.12169	
17089	0.00228179	1.37503e-06	0.00228042	6.77692e-08	238960	144	238816	7.09711	
17094	0.0239497	1.52781e-05	0.0239344	6.76284e-08	2.50812e+06	1600	2.50652e+06	7.08236	
17118	0.00774162	1.61375e-06	0.00774001	6.78922e-08	810739	169	810570	7.10999	
17157	0.0105787	1.61375e-06	0.0105771	6.77077e-08	1.10785e+06	169	1.10768e+06	7.09066	
17172	0.00385047	3.81954e-06	0.00384665	6.79431e-08	403239	400	402839	7.11532	
17203	0.00659039	1.15541e-06	0.00658924	6.79656e-08	690177	121	690056	7.11767	
17231	0.105389	0.00256218	0.102827	6.85275e-08	1.10368e+07	268324	1.07685e+07	7.17652	
17245	0.00715589	1.30723e-05	0.00714282	6.78212e-08	749398	1369	748029	7.10255	
17252	0.0198754	1.03986e-05	0.019865	6.81217e-08	2.08145e+06	1089	2.08036e+06	7.13402	
17273	0.00207719	1.15541e-06	0.00207604	6.78212e-08	217533	121	217412	7.10255	
17307	0.0022397	1.37503e-06	0.00223832	6.7809e-08	234552	144	234408	7.10127	
17318	0.0472011	0.000625793	0.0465753	6.82414e-08	4.94312e+06	65536	4.87759e+06	7.14655	
17322	0.0053268	1.15541e-06	0.00532565	6.78968e-08	557847	121	557726	7.11046	
17327	0.00344932	3.09382e-06	0.00344622	6.78319e-08	361228	324	360904	7.10367	
17343	0.00249824	2.4445e-06	0.0024958	6.78801e-08	261627	256	261371	7.10872	
17352	0.00237443	2.14849e-06	0.00237228	6.78034e-08	248661	225	248436	7.10068	
17357	0.0279098	1.10384e-05	0.0278987	6.83764e-08	2.92284e+06	1156	2.92169e+06	7.1607	
17421	0.0118406	3.81954e-06	0.0118367	6.77523e-08	1.24e+06	400	1.2396e+06	7.09534	
17439	0.0078324	1.61375e-06	0.00783078	6.76744e-08	820245	169	820076	7.08717	
17464	0.0255034	1.68441e-05	0.0254865	6.81572e-08	2.67083e+06	1764	2.66907e+06	7.13774	
17469	0.00244783	2.75961e-06	0.00244507	6.78657e-08	256348	289	256059	7.10721	
17477	0.00443748	5.96803e-06	0.00443152	6.78481e-08	464714	625	464089	7.10537	
17494	0.00665143	1.15541e-06	0.00665028	6.78291e-08	696569	121	696448	7.10338	
17506	0.0130292	4.62164e-06	0.0130246	6.79238e-08	1.36448e+06	484	1.364e+06	7.1133	
17507	0.0214884	1.23753e-05	0.021476	6.7919e-08	2.25036e+06	1296	2.24907e+06	7.11279	
17508	0.00260755	1.61375e-06	0.00260593	6.78514e-08	273074	169	272905	7.10571	
17512	0.00774696	1.15541e-06	0.0077458	6.79201e-08	811297	121	811176	7.11291	
17536	0.0362623	3.43758e-05	0.0362279	6.8018e-08	3.79755e+06	3600	3.79395e+06	7.12316	
17553	0.0269044	1.93364e-05	0.0268851	6.81441e-08	2.81755e+06	2025	2.81553e+06	7.13636	
17554	0.0266926	1.84865e-05	0.0266741	6.81306e-08	2.79538e+06	1936	2.79344e+06	7.13495	
17571	0.00423701	4.21104e-06	0.0042328	6.7849e-08	443720	441	443279	7.10546	
17583	0.0108757	3.09382e-06	0.0108726	6.78629e-08	1.13895e+06	324	1.13863e+06	7.10692	
17607	0.00792008	1.45238e-05	0.00790556	6.77181e-08	829428	1521	827907	7.09175	
17629	0.0476097	0.000470605	0.0471391	6.7866e-08	4.98591e+06	49284	4.93662e+06	7.10724	
17631	0.010988	2.582e-05	0.0109622	6.77231e-08	1.15071e+06	2704	1.14801e+06	7.09227	
17640	0.00915078	2.14849e-06	0.00914863	6.77336e-08	958312	225	958087	7.09337	
17653	0.00367281	2.75961e-06	0.00367005	6.77366e-08	384634	289	384345	7.0937	
17665	0.00226775	1.15541e-06	0.00226659	6.78382e-08	237489	121	237368	7.10433	
17700	0.00894121	1.76558e-05	0.00892356	6.7805e-08	936365	1849	934516	7.10085	
17717	0.00741183	1.37503e-06	0.00741045	6.77069e-08	776201	144	776057	7.09058	
17769	0.00899659	1.15541e-06	0.00899543	6.78724e-08	942164	121	942043	7.10791	
17771	0.0026729	1.37503e-06	0.00267152	6.77349e-08	279918	144	279774	7.09351	
17778	0.00672524	1.15541e-06	0.00672408	6.77925e-08	704298	121	704177	7.09955	
17791	0.0145976	3.09382e-06	0.0145945	6.78687e-08	1.52873e+06	324	1.52841e+06	7.10752	
17792	0.00429635	3.81954e-06	0.00429253	6.78983e-08	449933	400	449533	7.11062	
17831	0.0067493	1.15541e-06	0.00674815	6.79099e-08	706818	121	706697	7.11184	
17835	0.0143177	3.44713e-06	0.0143143	6.75641e-08	1.49942e+06	361	1.49906e+06	7.07563	
17860	0.00390675	3.09382e-06	0.00390365	6.77611e-08	409133	324	408809	7.09625	
17863	0.012108	2.68227e-05	0.0120812	6.79221e-08	1.26801e+06	2809	1.2652e+06	7.11311	
17902	0.00932444	1.37503e-06	0.00932307	6.76706e-08	976499	144	976355	7.08678	
17945	0.00318865	1.87157e-06	0.00318678	6.77796e-08	333930	196	333734	7.09819	
17992	0.00667649	9.17644e-06	0.00666732	6.79094e-08	699193	961	698232	7.11179	
18031	0.00266403	1.37503e-06	0.00266265	6.77784e-08	278990	144	278846	7.09807	
18077	0.00500888	5.05134e-06	0.00500383	6.78673e-08	524554	529	524024	7.10738	
18078	0.0114646	2.38721e-05	0.0114408	6.79054e-08	1.20063e+06	2500	1.19813e+06	7.11137	
18118	0.00807603	1.61375e-06	0.00807442	6.79899e-08	845759	169	845590	7.12022	
18121	0.00526642	5.50013e-06	0.00526092	6.77942e-08	551524	576	550948	7.09972	
18122	0.00311252	1.61375e-06	0.0031109	6.77768e-08	325957	169	325788	7.0979	
18130	0.00261112	1.15541e-06	0.00260996	6.7884e-08	273449	121	273328	7.10912	
18179	0.055239	4.28647e-05	0.0551962	6.72695e-08	5.78489e+06	4489	5.7804e+06	7.04477	
18267	0.00671929	1.15541e-06	0.00671814	6.79268e-08	703676	121	703555	7.11361	
18273	0.00357196	1.15541e-06	0.0035708	6.77892e-08	374072	121	373951	7.0992	
18344	0.014247	4.62164e-06	0.0142424	6.77772e-08	1.49202e+06	484	1.49153e+06	7.09794	
18446	0.0100083	1.37503e-06	0.010007	6.78476e-08	1.04812e+06	144	1.04798e+06	7.10531	
18530	0.0072834	1.15541e-06	0.00728225	6.77931e-08	762752	121	762631	7.0996	
18567	0.0696647	0.000101303	0.0695634	6.91337e-08	7.29562e+06	10609	7.28501e+06	7.24	
18609	0.0390258	3.21223e-05	0.0389936	6.78658e-08	4.08696e+06	3364	4.0836e+06	7.10722	
18646	0.028481	1.10384e-05	0.02847	6.80259e-08	2.98267e+06	1156	2.98151e+06	7.12399	
18663	0.00948611	1.87157e-06	0.00948424	6.76657e-08	993429	196	993233	7.08627	
18980	0.0328569	1.68441e-05	0.03284	6.77229e-08	3.44092e+06	1764	3.43916e+06	7.09226	
19251	0.00949995	1.61375e-06	0.00949834	6.77555e-08	994879	169	994710	7.09567	
19358	0.0118759	3.09382e-06	0.0118728	6.78012e-08	1.2437e+06	324	1.24338e+06	7.10046	
19364	0.00743665	1.15541e-06	0.0074355	6.78334e-08	778801	121	778680	7.10383	
19410	0.00970722	2.14849e-06	0.00970508	6.7664e-08	1.01658e+06	225	1.01636e+06	7.08609	
19411	0.0111119	2.75961e-06	0.0111091	6.80241e-08	1.16369e+06	289	1.1634e+06	7.1238	
19414	0.373561	0.00273312	0.370828	6.94218e-08	3.9121e+07	286225	3.88348e+07	7.27017	
19421	0.0382824	3.43758e-05	0.038248	6.75155e-08	4.00911e+06	3600	4.00551e+06	7.07053	
19447	0.0211272	8.59396e-06	0.0211186	6.78164e-08	2.21254e+06	900	2.21164e+06	7.10205	
19473	0.00775069	1.15541e-06	0.00774954	6.78442e-08	811688	121	811567	7.10496	
19487	0.0324109	2.10934e-05	0.0323898	6.78928e-08	3.39422e+06	2209	3.39201e+06	7.11005	
19495	0.00836437	1.61375e-06	0.00836275	6.78025e-08	875955	169	875786	7.10059	
19521	0.0162826	5.05134e-06	0.0162775	6.73806e-08	1.70519e+06	529	1.70466e+06	7.0564	
19522	0.08092	0.000124096	0.0807959	6.76295e-08	8.47432e+06	12996	8.46132e+06	7.08247	
19549	0.00730451	1.15541e-06	0.00730335	6.77631e-08	764962	121	764841	7.09646	
19563	0.0523915	5.08858e-05	0.0523406	6.7466e-08	5.48668e+06	5329	5.48135e+06	7.06535	
19566	0.0270423	1.68441e-05	0.0270254	6.8172e-08	2.83199e+06	1764	2.83023e+06	7.13929	
19588	0.0238554	1.30723e-05	0.0238423	6.78517e-08	2.49824e+06	1369	2.49688e+06	7.10575	
19609	0.00782353	1.15541e-06	0.00782237	6.77587e-08	819316	121	819195	7.09601	
19612	0.0256491	1.03986e-05	0.0256387	6.84466e-08	2.68609e+06	1089	2.685e+06	7.16804	
19618	0.0123416	3.44713e-06	0.0123382	6.78725e-08	1.29247e+06	361	1.29211e+06	7.10793	
19650	0.181424	0.0005685	0.180856	6.88209e-08	1.89996e+07	59536	1.89401e+07	7.20724	
19654	0.089153	0.000184493	0.0889685	6.7842e-08	9.33652e+06	19321	9.31719e+06	7.10473	
19679	1.1449	0.0204101	1.12449	4.77783e-08	1.199e+08	2.13744e+06	1.17762e+08	5.00357	
19686	0.0162455	5.96803e-06	0.0162395	6.78848e-08	1.7013e+06	625	1.70068e+06	7.10921	
19721	0.00679065	1.15541e-06	0.00678949	6.77656e-08	711148	121	711027	7.09673	
19741	0.094542	0.000184493	0.0943575	6.65742e-08	9.90088e+06	19321	9.88156e+06	6.97196	
19744	0.0793617	0.000111377	0.0792503	6.7252e-08	8.31113e+06	11664	8.29946e+06	7.04294	
19747	0.0547159	5.22895e-05	0.0546636	6.80852e-08	5.7301e+06	5476	5.72463e+06	7.1302	
19767	0.0840278	0.000154013	0.0838738	6.83709e-08	8.79978e+06	16129	8.78365e+06	7.16011	
19777	0.0353067	2.20005e-05	0.0352847	6.81006e-08	3.69749e+06	2304	3.69518e+06	7.13181	
19804	0.00718522	1.15541e-06	0.00718406	6.77761e-08	752469	121	752348	7.09783	
19832	0.104606	0.000200764	0.104405	6.6684e-08	1.09548e+07	21025	1.09338e+07	6.98346	
19847	0.0109105	2.14849e-06	0.0109083	6.78169e-08	1.1426e+06	225	1.14237e+06	7.1021	
19860	0.018215	7.4863e-06	0.0182075	6.76862e-08	1.90756e+06	784	1.90677e+06	7.08841	
