Node	dPC	dPCintra	dPCflux	dPCconnector	varPC	varPCintra	varPCflux	varPCconnector	
1	0.0397097	1.55649e-05	0.0396941	0	1.85984e+06	729	1.85911e+06	0	
2	0.0372294	1.33444e-05	0.0372161	0	1.74367e+06	625	1.74305e+06	0	
3	0.0199489	4.18482e-06	0.0199447	0	934328	196	934132	0	
4	0.0373749	1.33444e-05	0.0373615	0	1.75048e+06	625	1.74986e+06	0	
5	0.0209403	4.18482e-06	0.0209362	0	980762	196	980566	0	
6	0.0418911	4.3236e-05	0.0418478	0	1.962e+06	2025	1.95998e+06	0	
7	0.0319018	2.46819e-05	0.0318771	0	1.49415e+06	1156	1.49299e+06	0	
8	0.025517	6.17047e-06	0.0255108	0	1.19511e+06	289	1.19482e+06	0	
9	0.0300802	8.54045e-06	0.0300716	0	1.40883e+06	400	1.40843e+06	0	
10	0.00996452	2.58348e-06	0.00996194	0	466697	121	466576	0	
11	1.92008	0.0335214	1.88655	3.50351e-08	8.99287e+07	1.57e+06	8.83587e+07	1.6409	
12	0.0569355	3.0831e-05	0.0569047	0	2.66663e+06	1444	2.66518e+06	0	
13	0.0600062	3.76633e-05	0.0599685	0	2.81044e+06	1764	2.80868e+06	0	
14	0.0233176	5.46588e-06	0.0233121	0	1.0921e+06	256	1.09184e+06	0	
15	0.224389	0.000499808	0.223889	0	1.05095e+07	23409	1.0486e+07	0	
16	0.0214847	4.804e-06	0.0214799	0	1.00625e+06	225	1.00603e+06	0	
17	0.0276349	7.70775e-06	0.0276272	0	1.2943e+06	361	1.29394e+06	0	
18	0.0172606	6.17047e-06	0.0172545	0	808420	289	808131	0	
19	0.0259741	6.91776e-06	0.0259672	0	1.21652e+06	324	1.21619e+06	0	
20	0.0416542	1.79563e-05	0.0416362	0	1.95091e+06	841	1.95007e+06	0	
21	0.071534	5.1264e-05	0.0714827	0	3.35036e+06	2401	3.34796e+06	0	
22	0.0182145	3.07456e-06	0.0182114	0	853095	144	852951	0	
23	0.147726	0.000553442	0.147172	0	6.9189e+06	25921	6.89298e+06	0	
24	0.0160455	2.58348e-06	0.0160429	0	751509	121	751388	0	
25	0.0297111	8.54045e-06	0.0297026	0	1.39155e+06	400	1.39115e+06	0	
26	0.0270552	6.91776e-06	0.0270483	0	1.26715e+06	324	1.26683e+06	0	
27	0.0572711	3.0831e-05	0.0572403	0	2.68234e+06	1444	2.6809e+06	0	
28	0.0303979	8.54045e-06	0.0303893	0	1.42371e+06	400	1.42331e+06	0	
29	0.0931207	7.94475e-05	0.0930413	0	4.36139e+06	3721	4.35767e+06	0	
30	0.0243902	5.46588e-06	0.0243847	0	1.14233e+06	256	1.14208e+06	0	
31	0.0928584	7.94475e-05	0.092779	0	4.34911e+06	3721	4.34539e+06	0	
32	0.0244005	5.46588e-06	0.024395	0	1.14282e+06	256	1.14256e+06	0	
33	0.0194604	3.60834e-06	0.0194568	0	911447	169	911278	0	
34	0.0267848	6.91776e-06	0.0267779	0	1.25449e+06	324	1.25416e+06	0	
35	0.0207236	4.18482e-06	0.0207194	0	970611	196	970415	0	
36	0.0170069	2.58348e-06	0.0170043	0	796535	121	796414	0	
37	0.0224859	5.46588e-06	0.0224804	0	1.05314e+06	256	1.05289e+06	0	
38	0.022355	4.804e-06	0.0223501	0	1.04701e+06	225	1.04679e+06	0	
39	0.0448905	1.79563e-05	0.0448725	0	2.10248e+06	841	2.10164e+06	0	
40	0.0244162	5.46588e-06	0.0244108	0	1.14355e+06	256	1.1433e+06	0	
41	0.122209	0.000143565	0.122065	0	5.72378e+06	6724	5.71705e+06	0	
42	0.0382784	1.55649e-05	0.0382628	0	1.7928e+06	729	1.79207e+06	0	
43	0.132191	0.000161606	0.132029	0	6.1913e+06	7569	6.18373e+06	0	
44	0.00171635	2.58348e-06	0.00171376	0	80387	121	80266	0	
45	0.173208	0.000282368	0.172926	0	8.11237e+06	13225	8.09915e+06	0	
46	0.164861	0.000258348	0.164603	0	7.72145e+06	12100	7.70935e+06	0	
47	0.0252458	6.17047e-06	0.0252396	0	1.18241e+06	289	1.18212e+06	0	
48	0.0199898	3.60834e-06	0.0199862	0	936244	169	936075	0	
49	0.051897	2.61551e-05	0.0518708	0	2.43064e+06	1225	2.42942e+06	0	
50	0.0176352	3.07456e-06	0.0176321	0	825962	144	825818	0	
51	0.0302187	8.54045e-06	0.0302102	0	1.41532e+06	400	1.41492e+06	0	
52	0.0349145	1.12947e-05	0.0349032	0	1.63525e+06	529	1.63472e+06	0	
53	0.127563	0.000154261	0.127409	0	5.97456e+06	7225	5.96733e+06	0	
54	0.0190584	3.60834e-06	0.0190548	0	892618	169	892449	0	
55	0.0163575	2.58348e-06	0.0163549	0	766121	121	766000	0	
56	0.0240985	1.55649e-05	0.0240829	0	1.12867e+06	729	1.12794e+06	0	
57	0.0619095	3.58912e-05	0.0618736	0	2.89959e+06	1681	2.89791e+06	0	
58	0.0223107	4.804e-06	0.0223059	0	1.04494e+06	225	1.04471e+06	0	
59	0.020459	4.18482e-06	0.0204548	0	958219	196	958023	0	
60	0.0182535	3.07456e-06	0.0182505	0	854924	144	854780	0	
61	0.0378498	1.33444e-05	0.0378364	0	1.77273e+06	625	1.7721e+06	0	
62	0.0474728	2.05184e-05	0.0474523	0	2.22343e+06	961	2.22247e+06	0	
63	0.0184077	3.07456e-06	0.0184046	0	862142	144	861998	0	
64	0.0194139	3.60834e-06	0.0194103	0	909268	169	909099	0	
65	0.0228657	4.804e-06	0.0228609	0	1.07094e+06	225	1.07071e+06	0	
66	0.16861	0.000272632	0.168338	0	7.89703e+06	12769	7.88426e+06	0	
67	0.0447971	1.79563e-05	0.0447791	0	2.09811e+06	841	2.09727e+06	0	
68	0.0203168	4.18482e-06	0.0203126	0	951556	196	951360	0	
69	0.0124014	4.18482e-06	0.0123973	0	580835	196	580639	0	
70	0.0507059	2.46819e-05	0.0506812	0	2.37485e+06	1156	2.3737e+06	0	
71	0.0218138	4.804e-06	0.021809	0	1.02167e+06	225	1.02144e+06	0	
72	0.0431263	1.67392e-05	0.0431096	0	2.01986e+06	784	2.01908e+06	0	
73	0.0285954	7.70775e-06	0.0285877	0	1.33929e+06	361	1.33893e+06	0	
74	0.0534072	2.61551e-05	0.053381	0	2.50137e+06	1225	2.50015e+06	0	
75	0.0375109	1.33444e-05	0.0374976	0	1.75686e+06	625	1.75623e+06	0	
76	0.0160989	2.58348e-06	0.0160964	0	754011	121	753890	0	
77	0.0151318	2.58348e-06	0.0151292	0	708715	121	708594	0	
78	0.187294	0.00040661	0.186888	0	8.77213e+06	19044	8.75308e+06	0	
79	6.23729	0.363302	5.87399	0	2.92129e+08	1.70156e+07	2.75113e+08	0	
80	0.0453671	2.32513e-05	0.0453439	0	2.12481e+06	1089	2.12372e+06	0	
81	0.0276477	8.54045e-06	0.0276391	0	1.2949e+06	400	1.2945e+06	0	
82	0.021337	6.17047e-06	0.0213308	0	999340	289	999051	0	
83	0.0176929	8.54045e-06	0.0176844	0	828665	400	828265	0	
84	0.0218043	5.46588e-06	0.0217988	0	1.02122e+06	256	1.02096e+06	0	
85	0.0266141	1.9216e-05	0.0265949	0	1.24649e+06	900	1.24559e+06	0	
86	0.0175602	4.18482e-06	0.017556	0	822449	196	822253	0	
87	0.981883	0.0108238	0.971059	0	4.59874e+07	506944	4.54804e+07	0	
88	0.0221746	5.46588e-06	0.0221691	0	1.03857e+06	256	1.03831e+06	0	
89	0.0192524	3.60834e-06	0.0192488	0	901707	169	901538	0	
90	0.090457	0.000226514	0.0902305	0	4.23664e+06	10609	4.22603e+06	0	
91	0.0138805	2.58348e-06	0.0138779	0	650108	121	649987	0	
92	0.598658	0.00345042	0.595207	0	2.80387e+07	161604	2.78771e+07	0	
93	0.0343665	1.12947e-05	0.0343552	0	1.60959e+06	529	1.60906e+06	0	
94	0.0213682	6.91776e-06	0.0213613	0	1.0008e+06	324	1.00047e+06	0	
95	0.188741	0.000349816	0.188391	0	8.83986e+06	16384	8.82348e+06	0	
96	0.110356	0.000116918	0.110239	0	5.16865e+06	5476	5.16317e+06	0	
97	0.0152863	3.07456e-06	0.0152833	0	715952	144	715808	0	
98	0.015996	2.58348e-06	0.0159934	0	749188	121	749067	0	
99	0.0420369	2.32513e-05	0.0420137	0	1.96884e+06	1089	1.96775e+06	0	
100	0.0221552	7.70775e-06	0.0221475	0	1.03766e+06	361	1.03729e+06	0	
101	0.0268965	6.91776e-06	0.0268896	0	1.25972e+06	324	1.2594e+06	0	
102	0.0464951	2.05184e-05	0.0464746	0	2.17764e+06	961	2.17668e+06	0	
103	0.0415528	1.9216e-05	0.0415336	0	1.94616e+06	900	1.94526e+06	0	
104	0.0132758	2.58348e-06	0.0132732	0	621788	121	621666	0	
105	0.0187883	3.60834e-06	0.0187847	0	879971	169	879802	0	
106	0.0450972	2.05184e-05	0.0450767	0	2.11217e+06	961	2.11121e+06	0	
107	0.0890472	0.000110684	0.0889365	0	4.17061e+06	5184	4.16542e+06	0	
108	0.0202806	4.18482e-06	0.0202764	0	949863	196	949667	0	
109	0.121733	0.000165343	0.121567	0	5.70148e+06	7744	5.69373e+06	0	
110	0.014994	2.58348e-06	0.0149914	0	702261	121	702140	0	
111	0.00984762	1.12947e-05	0.00983632	0	461222	529	460693	0	
112	0.0281113	8.54045e-06	0.0281027	0	1.31661e+06	400	1.31621e+06	0	
113	0.0237481	5.46588e-06	0.0237427	0	1.11226e+06	256	1.11201e+06	0	
114	0.0155312	2.58348e-06	0.0155286	0	727418	121	727297	0	
115	0.0351624	1.67392e-05	0.0351457	0	1.64686e+06	784	1.64608e+06	0	
116	0.0155883	2.58348e-06	0.0155857	0	730093	121	729972	0	
117	0.201433	0.000519601	0.200913	0	9.43431e+06	24336	9.40998e+06	0	
118	0.0447727	2.32513e-05	0.0447494	0	2.09697e+06	1089	2.09588e+06	0	
119	0.0374895	1.55649e-05	0.0374739	0	1.75585e+06	729	1.75512e+06	0	
120	0.0339214	1.12947e-05	0.0339101	0	1.58874e+06	529	1.58821e+06	0	
121	0.0572459	3.58912e-05	0.05721	0	2.68116e+06	1681	2.67948e+06	0	
122	0.00953433	2.58348e-06	0.00953174	0	446549	121	446428	0	
123	0.0707958	5.55342e-05	0.0707403	0	3.31579e+06	2601	3.31318e+06	0	
124	0.0338116	1.22982e-05	0.0337993	0	1.58359e+06	576	1.58302e+06	0	
125	0.0203845	4.804e-06	0.0203797	0	954728	225	954503	0	
126	0.0176086	3.07456e-06	0.0176056	0	824719	144	824575	0	
127	0.029836	9.41584e-06	0.0298266	0	1.39739e+06	441	1.39695e+06	0	
128	0.0247907	6.17047e-06	0.0247845	0	1.16109e+06	289	1.1608e+06	0	
129	0.0467712	2.7671e-05	0.0467436	0	2.19057e+06	1296	2.18928e+06	0	
130	0.0329249	1.44333e-05	0.0329104	0	1.54206e+06	676	1.54139e+06	0	
131	0.0249121	6.17047e-06	0.024906	0	1.16678e+06	289	1.16649e+06	0	
132	0.0186492	4.18482e-06	0.018645	0	873455	196	873259	0	
133	0.0281961	8.54045e-06	0.0281875	0	1.32059e+06	400	1.32019e+06	0	
134	0.0659175	5.1264e-05	0.0658662	0	3.0873e+06	2401	3.0849e+06	0	
135	0.0802848	6.45871e-05	0.0802203	0	3.76021e+06	3025	3.75719e+06	0	
136	0.0220764	1.33444e-05	0.0220631	0	1.03397e+06	625	1.03334e+06	0	
137	0.044053	2.05184e-05	0.0440325	0	2.06326e+06	961	2.0623e+06	0	
138	0.0426429	2.18635e-05	0.0426211	0	1.99722e+06	1024	1.9962e+06	0	
139	0.0175314	3.07456e-06	0.0175284	0	821103	144	820959	0	
140	0.0372562	1.44333e-05	0.0372417	0	1.74492e+06	676	1.74425e+06	0	
141	0.128602	0.000169122	0.128433	0	6.0232e+06	7921	6.01528e+06	0	
142	0.0749709	5.77334e-05	0.0749132	0	3.51133e+06	2704	3.50863e+06	0	
143	0.0596231	3.58912e-05	0.0595872	0	2.7925e+06	1681	2.79082e+06	0	
144	0.0155288	2.58348e-06	0.0155262	0	727308	121	727187	0	
145	0.0169089	3.07456e-06	0.0169058	0	791944	144	791800	0	
146	0.0645703	4.9193e-05	0.0645211	0	3.02421e+06	2304	3.0219e+06	0	
147	0.0276559	7.70775e-06	0.0276482	0	1.29529e+06	361	1.29493e+06	0	
148	0.0199848	4.18482e-06	0.0199806	0	936010	196	935814	0	
149	0.021273	4.804e-06	0.0212682	0	996345	225	996120	0	
150	0.241501	0.000595461	0.240905	0	1.13109e+07	27889	1.1283e+07	0	
151	0.0256594	6.91776e-06	0.0256525	0	1.20178e+06	324	1.20146e+06	0	
152	0.023145	5.46588e-06	0.0231395	0	1.08401e+06	256	1.08376e+06	0	
153	0.0200836	4.18482e-06	0.0200794	0	940635	196	940439	0	
154	0.0188196	3.60834e-06	0.018816	0	881437	169	881268	0	
155	0.0173023	3.07456e-06	0.0172992	0	810372	144	810228	0	
156	0.0159203	2.58348e-06	0.0159177	0	745643	121	745522	0	
157	0.2702	0.000795308	0.269405	0	1.2655e+07	37249	1.26178e+07	0	
158	0.0328805	1.12947e-05	0.0328692	0	1.53998e+06	529	1.53946e+06	0	
159	0.0216539	4.804e-06	0.0216491	0	1.01418e+06	225	1.01395e+06	0	
160	0.0309024	1.12947e-05	0.0308911	0	1.44734e+06	529	1.44681e+06	0	
161	0.0163623	3.07456e-06	0.0163592	0	766345	144	766201	0	
162	0.0158357	2.58348e-06	0.0158331	0	741682	121	741561	0	
163	0.186424	0.000360834	0.186063	0	8.73137e+06	16900	8.71447e+06	0	
164	0.0200993	4.18482e-06	0.0200951	0	941373	196	941177	0	
165	0.0146867	2.58348e-06	0.0146842	0	687869	121	687748	0	
166	0.0313602	1.03339e-05	0.0313498	0	1.46878e+06	484	1.4683e+06	0	
167	1.08552	0.0123648	1.07315	0	5.08413e+07	579121	5.02622e+07	0	
168	0.0894772	9.58452e-05	0.0893814	0	4.19075e+06	4489	4.18626e+06	0	
169	0.0171157	3.07456e-06	0.0171127	0	801633	144	801489	0	
170	0.0271002	7.70775e-06	0.0270924	0	1.26926e+06	361	1.2689e+06	0	
171	0.0151487	2.58348e-06	0.0151461	0	709504	121	709383	0	
172	0.0240932	6.17047e-06	0.024087	0	1.12842e+06	289	1.12813e+06	0	
173	0.0123182	4.18482e-06	0.012314	0	576936	196	576740	0	
174	0.014002	4.18482e-06	0.0139978	0	655800	196	655604	0	
175	0.01605	5.46588e-06	0.0160445	0	751719	256	751463	0	
176	0.108917	0.000263067	0.108654	0	5.10127e+06	12321	5.08895e+06	0	
177	0.0405019	3.58912e-05	0.040466	0	1.89694e+06	1681	1.89526e+06	0	
178	0.0255917	1.44333e-05	0.0255773	0	1.19861e+06	676	1.19793e+06	0	
179	0.010904	2.58348e-06	0.0109014	0	510700	121	510579	0	
180	0.0108661	2.58348e-06	0.0108635	0	508926	121	508805	0	
181	0.0112553	3.60834e-06	0.0112517	0	527153	169	526984	0	
182	0.0548387	6.69571e-05	0.0547718	0	2.56842e+06	3136	2.56528e+06	0	
183	0.0221335	1.12947e-05	0.0221222	0	1.03664e+06	529	1.03611e+06	0	
184	0.0252284	1.44333e-05	0.025214	0	1.18159e+06	676	1.18092e+06	0	
185	0.0414669	3.94782e-05	0.0414274	0	1.94214e+06	1849	1.94029e+06	0	
186	0.0106855	2.58348e-06	0.010683	0	500469	121	500348	0	
187	0.0318517	2.32513e-05	0.0318284	0	1.4918e+06	1089	1.49071e+06	0	
188	0.023858	1.33444e-05	0.0238446	0	1.11741e+06	625	1.11678e+06	0	
189	0.0127342	5.46588e-06	0.0127287	0	596420	256	596164	0	
190	0.0162303	7.70775e-06	0.0162226	0	760164	361	759803	0	
191	0.0129247	3.60834e-06	0.0129211	0	605344	169	605175	0	
192	0.0193606	1.22982e-05	0.0193484	0	906776	576	906200	0	
193	0.0550169	6.69571e-05	0.0549499	0	2.57677e+06	3136	2.57363e+06	0	
194	0.0153568	6.91776e-06	0.0153499	0	719252	324	718928	0	
195	0.0168983	6.17047e-06	0.0168921	0	791448	289	791159	0	
196	0.0143174	4.18482e-06	0.0143132	0	670570	196	670374	0	
197	0.00765592	6.91776e-06	0.007649	0	358572	324	358248	0	
198	0.0209667	1.44333e-05	0.0209523	0	981997	676	981321	0	
199	0.0110142	3.60834e-06	0.0110106	0	515863	169	515694	0	
200	0.0152822	4.804e-06	0.0152774	0	715759	225	715534	0	
201	0.00943543	3.07456e-06	0.00943235	0	441917	144	441773	0	
202	0.0114698	4.804e-06	0.011465	0	537201	225	536976	0	
203	0.00256632	3.07456e-06	0.00256324	0	120196	144	120052	0	
204	0.0026944	3.60834e-06	0.00269079	0	126194	169	126025	0	
205	0.00981144	3.07456e-06	0.00980836	0	459528	144	459384	0	
206	0.0156382	7.70775e-06	0.0156305	0	732430	361	732069	0	
207	0.0208802	1.03339e-05	0.0208698	0	977945	484	977461	0	
208	0.0042301	7.70775e-06	0.00422239	0	198120	361	197759	0	
209	0.0108766	7.70775e-06	0.0108689	0	509416	361	509055	0	
210	0.0101562	3.60834e-06	0.0101526	0	475678	169	475509	0	
211	0.00928541	3.07456e-06	0.00928234	0	434891	144	434747	0	
212	0.0191517	6.91776e-06	0.0191447	0	896987	324	896663	0	
213	0.0398094	9.58452e-05	0.0397136	0	1.86451e+06	4489	1.86002e+06	0	
214	0.017085	1.79563e-05	0.0170671	0	800195	841	799354	0	
215	0.0333982	1.33444e-05	0.0333848	7.55453e-08	1.56423e+06	625	1.56361e+06	3.53823	
216	0.0227267	6.17047e-06	0.0227204	9.99011e-08	1.06442e+06	289	1.06413e+06	4.67896	
217	0.0240811	4.804e-06	0.0240757	6.09144e-07	1.12786e+06	225	1.12761e+06	28.5298	
218	0.175223	0.000249039	0.174974	0	8.20675e+06	11664	8.19509e+06	0	
219	0.0704904	2.61551e-05	0.0704606	3.69628e-06	3.30148e+06	1225	3.30008e+06	173.118	
220	0.130296	8.74542e-05	0.130209	0	6.10257e+06	4096	6.09847e+06	0	
221	0.0903167	5.1264e-05	0.0902655	0	4.23007e+06	2401	4.22766e+06	0	
222	0.0238573	4.18482e-06	0.0238531	0	1.11737e+06	196	1.11718e+06	0	
223	0.0377966	1.03339e-05	0.0377863	0	1.77024e+06	484	1.76975e+06	0	
224	0.0219974	3.07456e-06	0.0219943	0	1.03027e+06	144	1.03012e+06	0	
225	0.00739735	4.18482e-06	0.00739316	0	346461	196	346265	0	
226	3.24163	0.0510316	3.19059	2.48044e-08	1.51824e+08	2.39011e+06	1.49434e+08	1.16174	
227	0.0869879	5.33778e-05	0.0869345	0	4.07415e+06	2500	4.07165e+06	0	
228	0.0289495	4.18482e-06	0.0289454	0	1.35588e+06	196	1.35568e+06	0	
229	0.0454684	1.03339e-05	0.0454581	0	2.12955e+06	484	2.12907e+06	0	
230	0.0233107	2.58348e-06	0.0233077	4.08222e-07	1.09177e+06	121	1.09163e+06	19.1194	
231	0.385176	0.000676489	0.3845	1.0964e-08	1.80401e+07	31684	1.80084e+07	0.513513	
232	0.0361932	6.91776e-06	0.0361863	0	1.69514e+06	324	1.69482e+06	0	
233	0.426379	0.000837049	0.425542	0	1.99698e+07	39204	1.99306e+07	0	
234	0.106762	5.1264e-05	0.10671	7.36821e-07	5.00034e+06	2401	4.9979e+06	34.5097	
235	1.08983	0.00538057	1.08445	2.64057e-07	5.10435e+07	252004	5.07915e+07	12.3673	
236	0.0291097	4.804e-06	0.0291048	2.06185e-08	1.36337e+06	225	1.36315e+06	0.965689	
237	0.0483089	1.03339e-05	0.0482985	3.4015e-08	2.26259e+06	484	2.2621e+06	1.59312	
238	0.132221	7.6864e-05	0.132143	5.27953e-07	6.1927e+06	3600	6.18908e+06	24.7271	
239	0.02555	3.07456e-06	0.0255468	1.24893e-07	1.19666e+06	144	1.19651e+06	5.84951	
240	0.031742	4.804e-06	0.0317346	2.51062e-06	1.48666e+06	225	1.48632e+06	117.587	
241	0.215046	0.000217802	0.214828	1.87696e-08	1.00718e+07	10201	1.00616e+07	0.879096	
242	0.0511877	1.22982e-05	0.0511754	0	2.39742e+06	576	2.39684e+06	0	
243	0.0711447	2.18635e-05	0.0711225	4.22069e-07	3.33213e+06	1024	3.33108e+06	19.7679	
244	0.0296787	4.18482e-06	0.0296745	0	1.39003e+06	196	1.38983e+06	0	
245	0.13089	7.94475e-05	0.13081	0	6.13036e+06	3721	6.12664e+06	0	
246	0.0223142	3.60834e-06	0.0223106	0	1.04511e+06	169	1.04494e+06	0	
247	0.0639479	1.9216e-05	0.0639287	0	2.99506e+06	900	2.99416e+06	0	
248	0.481018	0.00101469	0.480003	1.72168e-07	2.25289e+07	47524	2.24814e+07	8.06365	
249	0.0394435	8.54045e-06	0.039435	0	1.84737e+06	400	1.84697e+06	0	
250	0.0442808	8.54045e-06	0.0442722	0	2.07393e+06	400	2.07353e+06	0	
251	0.234279	0.000235396	0.234043	7.2337e-07	1.09726e+07	11025	1.09616e+07	33.8797	
252	0.0305623	4.18482e-06	0.0305582	0	1.43141e+06	196	1.43122e+06	0	
253	0.18586	0.000184665	0.185675	0	8.70493e+06	8649	8.69628e+06	0	
254	0.0237916	2.58348e-06	0.023789	0	1.1143e+06	121	1.11418e+06	0	
255	1.22204	0.00638845	1.21565	8.19225e-08	5.72354e+07	299209	5.69362e+07	3.83691	
256	0.124715	7.18252e-05	0.124643	0	5.84116e+06	3364	5.8378e+06	0	
257	0.0992793	4.13357e-05	0.0992366	1.32266e-06	4.64983e+06	1936	4.64784e+06	61.9483	
258	0.0377287	6.17047e-06	0.0377223	1.90261e-07	1.76705e+06	289	1.76676e+06	8.91105	
259	0.0346181	5.46588e-06	0.0346126	0	1.62137e+06	256	1.62111e+06	0	
260	0.0792108	3.0831e-05	0.07918	0	3.70991e+06	1444	3.70847e+06	0	
261	0.0243907	2.58348e-06	0.0243881	0	1.14236e+06	121	1.14224e+06	0	
262	1.07306	0.00550995	1.06755	4.20459e-07	5.02581e+07	258064	5.00001e+07	19.6925	
263	0.0264846	3.07456e-06	0.0264815	0	1.24043e+06	144	1.24028e+06	0	
264	0.0270779	3.60834e-06	0.0270743	0	1.26822e+06	169	1.26805e+06	0	
265	0.067347	2.05184e-05	0.0673264	1.65127e-08	3.15425e+06	961	3.15329e+06	0.773387	
266	0.0304936	4.18482e-06	0.0304894	0	1.42819e+06	196	1.428e+06	0	
267	0.105499	4.71646e-05	0.105451	0	4.94114e+06	2209	4.93893e+06	0	
268	0.387722	0.000668909	0.387053	3.65315e-09	1.81593e+07	31329	1.8128e+07	0.171098	
269	0.0243859	2.58348e-06	0.0243833	0	1.14213e+06	121	1.14201e+06	0	
270	0.200429	0.000200892	0.200228	2.89833e-10	9.38729e+06	9409	9.37788e+06	0.0135746	
271	0.0445781	8.54045e-06	0.0445696	0	2.08785e+06	400	2.08745e+06	0	
272	0.0311812	4.18482e-06	0.031177	0	1.4604e+06	196	1.4602e+06	0	
273	0.0644653	1.79563e-05	0.0644473	0	3.01929e+06	841	3.01845e+06	0	
274	0.0307396	4.18482e-06	0.0307353	1.65777e-08	1.43971e+06	196	1.43952e+06	0.776433	
275	0.566227	0.00131317	0.564914	0	2.65198e+07	61504	2.64583e+07	0	
276	0.056349	1.55649e-05	0.0563327	7.0935e-07	2.63915e+06	729	2.63839e+06	33.223	
277	0.0315231	4.18482e-06	0.0315189	0	1.47641e+06	196	1.47621e+06	0	
278	0.0258077	3.07456e-06	0.0258046	1.67939e-09	1.20873e+06	144	1.20858e+06	0.0786561	
279	0.0420571	7.70775e-06	0.0420494	0	1.96978e+06	361	1.96942e+06	0	
280	0.0644173	1.9216e-05	0.0643981	4.193e-09	3.01704e+06	900	3.01614e+06	0.196383	
281	0.0328879	4.804e-06	0.0328831	0	1.54033e+06	225	1.54011e+06	0	
282	0.306795	0.00040661	0.306388	1.63996e-07	1.4369e+07	19044	1.43499e+07	7.68095	
283	0.604856	0.00190881	0.602947	8.86722e-08	2.8329e+07	89401	2.82396e+07	4.15304	
284	0.0795452	2.61551e-05	0.079519	4.68837e-09	3.72557e+06	1225	3.72435e+06	0.219584	
285	0.0282475	1.44333e-05	0.0282331	0	1.323e+06	676	1.32232e+06	0	
286	0.0842607	2.92296e-05	0.0842314	0	3.94642e+06	1369	3.94506e+06	0	
287	0.03632	6.17047e-06	0.0363138	0	1.70108e+06	289	1.70079e+06	0	
288	0.0978761	4.71646e-05	0.0978289	0	4.58411e+06	2209	4.58191e+06	0	
289	0.0239972	2.58348e-06	0.0239946	0	1.12393e+06	121	1.12381e+06	0	
290	0.0862463	3.41618e-05	0.0862122	0	4.03942e+06	1600	4.03782e+06	0	
291	0.942469	0.00364184	0.938826	2.96836e-07	4.41414e+07	170569	4.39708e+07	13.9026	
292	0.0389931	6.91776e-06	0.0389861	0	1.82627e+06	324	1.82595e+06	0	
293	0.0211499	8.54045e-06	0.0211414	0	990579	400	990179	0	
294	0.0245436	2.58348e-06	0.024541	0	1.14952e+06	121	1.1494e+06	0	
295	0.174786	0.000165343	0.17462	4.82854e-07	8.18627e+06	7744	8.1785e+06	22.6149	
296	0.031074	4.18482e-06	0.0310698	0	1.45537e+06	196	1.45518e+06	0	
297	0.0384901	5.46588e-06	0.0384845	1.30378e-07	1.80272e+06	256	1.80245e+06	6.10638	
298	0.0335912	4.804e-06	0.0335864	0	1.57327e+06	225	1.57305e+06	0	
299	0.031942	4.18482e-06	0.0319379	0	1.49603e+06	196	1.49584e+06	0	
300	0.0500862	1.12947e-05	0.0500749	0	2.34583e+06	529	2.3453e+06	0	
301	0.0389104	5.46588e-06	0.0388719	3.30194e-05	1.8224e+06	256	1.8206e+06	1546.49	
302	0.0317524	3.60834e-06	0.0317488	0	1.48715e+06	169	1.48698e+06	0	
303	0.0267741	3.07456e-06	0.026771	0	1.25399e+06	144	1.25384e+06	0	
304	0.0494409	1.03339e-05	0.0494306	0	2.31561e+06	484	2.31513e+06	0	
305	0.0464252	8.54045e-06	0.0464167	0	2.17437e+06	400	2.17397e+06	0	
306	0.0826586	2.7671e-05	0.0826309	0	3.87139e+06	1296	3.87009e+06	0	
307	0.0824432	3.58912e-05	0.0824073	0	3.8613e+06	1681	3.85962e+06	0	
308	0.205224	0.000165343	0.205059	0	9.6119e+06	7744	9.60415e+06	0	
309	0.04424	7.70775e-06	0.0442323	0	2.07202e+06	361	2.07166e+06	0	
310	0.0517141	1.12947e-05	0.0517028	0	2.42208e+06	529	2.42155e+06	0	
311	0.0366383	5.46588e-06	0.0366328	0	1.71598e+06	256	1.71573e+06	0	
312	0.0271946	2.58348e-06	0.027192	0	1.27368e+06	121	1.27356e+06	0	
313	0.0290761	3.07456e-06	0.029073	0	1.3618e+06	144	1.36166e+06	0	
314	0.155098	9.87276e-05	0.155	1.55254e-08	7.2642e+06	4624	7.25957e+06	0.727149	
315	0.0414021	6.91776e-06	0.0413951	0	1.9391e+06	324	1.93878e+06	0	
316	0.0221721	3.07456e-06	0.022169	2.81914e-08	1.03845e+06	144	1.0383e+06	1.32037	
317	0.0463277	8.54045e-06	0.0463191	6.12153e-08	2.1698e+06	400	2.1694e+06	2.86707	
318	0.092605	3.76633e-05	0.0925673	0	4.33724e+06	1764	4.33547e+06	0	
319	0.0310857	3.60834e-06	0.0310821	0	1.45593e+06	169	1.45576e+06	0	
320	0.0673867	1.55649e-05	0.0673705	6.22333e-07	3.15612e+06	729	3.15536e+06	29.1475	
321	0.0333725	4.804e-06	0.0333677	0	1.56303e+06	225	1.56281e+06	0	
322	29.2382	3.22706	26.0111	0	1.36939e+09	1.51142e+08	1.21825e+09	0	
323	0.020612	2.58348e-06	0.0206094	0	965382	121	965261	0	
324	0.0332944	4.18482e-06	0.0332249	6.53632e-05	1.55937e+06	196	1.55611e+06	3061.34	
325	0.0253673	4.18482e-06	0.0253621	9.50064e-07	1.1881e+06	196	1.18786e+06	44.4971	
326	0.10777	4.3236e-05	0.107726	0	5.04751e+06	2025	5.04549e+06	0	
327	0.0276764	2.58348e-06	0.0276692	4.63041e-06	1.29625e+06	121	1.29591e+06	216.869	
328	0.504669	0.000854045	0.503815	9.4834e-10	2.36366e+07	40000	2.35966e+07	0.0444164	
329	0.0327794	3.60834e-06	0.0327756	1.25037e-07	1.53525e+06	169	1.53507e+06	5.85622	
330	0.166715	9.30055e-05	0.166622	0	7.80825e+06	4356	7.80389e+06	0	
331	0.0327185	3.60834e-06	0.0327149	0	1.5324e+06	169	1.53223e+06	0	
332	0.0304201	3.07456e-06	0.0304167	3.60208e-07	1.42475e+06	144	1.42459e+06	16.8707	
333	0.0404007	5.46588e-06	0.0403952	0	1.8922e+06	256	1.89195e+06	0	
334	0.0660039	1.55649e-05	0.0659873	9.96094e-07	3.09135e+06	729	3.09057e+06	46.653	
335	0.0354696	1.12947e-05	0.0354583	0	1.66125e+06	529	1.66072e+06	0	
336	0.0536695	1.03339e-05	0.0536592	0	2.51366e+06	484	2.51318e+06	0	
337	0.0291677	7.70775e-06	0.02916	0	1.36609e+06	361	1.36573e+06	0	
338	0.0274376	2.58348e-06	0.0274307	4.36199e-06	1.28506e+06	121	1.28474e+06	204.298	
339	0.113966	4.3236e-05	0.113923	0	5.33772e+06	2025	5.3357e+06	0	
340	0.0367868	4.804e-06	0.036782	0	1.72294e+06	225	1.72272e+06	0	
341	0.020494	3.07456e-06	0.020491	0	959859	144	959715	0	
342	0.232529	0.000180715	0.232348	3.63741e-07	1.08907e+07	8464	1.08822e+07	17.0361	
343	0.020606	3.07456e-06	0.0206029	0	965104	144	964960	0	
344	0.0354821	4.18482e-06	0.0354777	1.37519e-07	1.66183e+06	196	1.66163e+06	6.44086	
345	0.0324503	3.60834e-06	0.0324467	0	1.51984e+06	169	1.51967e+06	0	
346	0.0331655	3.60834e-06	0.0331619	0	1.55333e+06	169	1.55316e+06	0	
347	0.201311	0.0001299	0.201181	0	9.4286e+06	6084	9.42252e+06	0	
348	0.0450637	6.91776e-06	0.0450568	0	2.1106e+06	324	2.11027e+06	0	
349	0.0504779	8.54045e-06	0.0504694	0	2.36418e+06	400	2.36378e+06	0	
350	0.0430859	6.17047e-06	0.0430797	0	2.01796e+06	289	2.01767e+06	0	
351	0.103432	3.58912e-05	0.103396	0	4.84433e+06	1681	4.84265e+06	0	
352	0.0507481	8.54045e-06	0.0507396	0	2.37683e+06	400	2.37643e+06	0	
353	0.0359614	4.18482e-06	0.0359572	0	1.68428e+06	196	1.68409e+06	0	
354	0.0563202	1.03339e-05	0.0563099	0	2.63781e+06	484	2.63732e+06	0	
355	0.0361243	4.18482e-06	0.0361202	0	1.69191e+06	196	1.69172e+06	0	
356	0.0330835	4.18482e-06	0.0330793	0	1.54949e+06	196	1.5493e+06	0	
357	0.376629	0.000448907	0.376161	1.94921e-05	1.76398e+07	21025	1.76178e+07	912.932	
358	0.0585723	1.55649e-05	0.0585567	0	2.74328e+06	729	2.74256e+06	0	
359	0.127361	5.1264e-05	0.12731	0	5.96511e+06	2401	5.96271e+06	0	
360	0.0443156	8.54045e-06	0.0443071	0	2.07556e+06	400	2.07516e+06	0	
361	0.155746	7.94475e-05	0.155667	3.38464e-08	7.29455e+06	3721	7.29082e+06	1.58522	
362	0.10313	3.41618e-05	0.103096	0	4.83019e+06	1600	4.82859e+06	0	
363	0.0761826	2.18635e-05	0.0761604	2.98302e-07	3.56808e+06	1024	3.56704e+06	13.9712	
364	0.0604268	1.12947e-05	0.0604155	0	2.83014e+06	529	2.82961e+06	0	
365	0.0268559	3.07456e-06	0.0268529	0	1.25782e+06	144	1.25768e+06	0	
366	0.0501116	1.12947e-05	0.0501003	0	2.34702e+06	529	2.34649e+06	0	
367	0.0311354	3.07456e-06	0.0311323	0	1.45825e+06	144	1.45811e+06	0	
368	0.0361486	5.46588e-06	0.0361431	0	1.69305e+06	256	1.69279e+06	0	
369	0.225874	0.000217802	0.225656	4.18066e-07	1.0579e+07	10201	1.05688e+07	19.5805	
370	0.106289	4.71646e-05	0.106239	3.15404e-06	4.97817e+06	2209	4.97582e+06	147.722	
371	0.0581466	1.44333e-05	0.0581322	0	2.72335e+06	676	2.72267e+06	0	
372	0.0871213	2.46819e-05	0.0870961	4.87448e-07	4.0804e+06	1156	4.07923e+06	22.83	
373	0.0425052	7.70775e-06	0.0424912	6.1994e-06	1.99077e+06	361	1.99011e+06	290.354	
374	0.0512124	8.54045e-06	0.0512038	0	2.39858e+06	400	2.39818e+06	0	
375	0.0287909	2.58348e-06	0.0287883	0	1.34844e+06	121	1.34832e+06	0	
376	0.0455768	1.03339e-05	0.0455664	0	2.13463e+06	484	2.13414e+06	0	
377	0.0283602	2.58348e-06	0.0283576	0	1.32827e+06	121	1.32815e+06	0	
378	0.0332622	4.804e-06	0.0332574	0	1.55786e+06	225	1.55764e+06	0	
379	0.0369514	4.18482e-06	0.0369412	6.05469e-06	1.73065e+06	196	1.73017e+06	283.577	
380	0.323139	0.000533009	0.322606	0	1.51345e+07	24964	1.51095e+07	0	
381	0.123069	4.9193e-05	0.12302	2.26892e-09	5.76407e+06	2304	5.76176e+06	0.106266	
382	0.0335174	3.60834e-06	0.0335135	2.76896e-07	1.56981e+06	169	1.56963e+06	12.9686	
383	0.0229326	2.58348e-06	0.02293	0	1.07407e+06	121	1.07394e+06	0	
384	0.0574421	1.44333e-05	0.0574266	1.08247e-06	2.69035e+06	676	2.68963e+06	50.6985	
385	0.0799836	2.05184e-05	0.0799629	1.46367e-07	3.7461e+06	961	3.74514e+06	6.85525	
386	0.031882	3.07456e-06	0.0318653	1.3646e-05	1.49322e+06	144	1.49244e+06	639.123	
387	0.0641046	1.33444e-05	0.0640913	0	3.0024e+06	625	3.00177e+06	0	
388	0.0654898	1.33444e-05	0.0654765	0	3.06727e+06	625	3.06665e+06	0	
389	0.0504949	7.70775e-06	0.050486	1.21758e-06	2.36497e+06	361	2.36456e+06	57.0266	
390	0.0399727	5.46588e-06	0.0399669	2.95375e-07	1.87215e+06	256	1.87188e+06	13.8341	
391	0.202927	0.000196772	0.20273	0	9.5043e+06	9216	9.49508e+06	0	
392	0.0852341	2.32513e-05	0.0852108	0	3.99202e+06	1089	3.99093e+06	0	
393	0.530437	0.000888548	0.529538	1.04826e-05	2.48435e+07	41616	2.48014e+07	490.963	
394	0.354109	0.000400739	0.353708	0	1.6585e+07	18769	1.65662e+07	0	
395	0.0235526	2.58348e-06	0.0235466	3.35033e-06	1.1031e+06	121	1.10283e+06	156.916	
396	0.0818992	2.05184e-05	0.0817079	0.000170743	3.83582e+06	961	3.82687e+06	7996.91	
397	0.0545346	1.44333e-05	0.0545202	0	2.55418e+06	676	2.5535e+06	0	
398	0.104925	5.1264e-05	0.10487	2.91828e-06	4.91426e+06	2401	4.91172e+06	136.68	
399	0.0818994	2.18635e-05	0.0818519	2.57019e-05	3.83583e+06	1024	3.83361e+06	1203.77	
400	0.0288513	2.58348e-06	0.0288487	0	1.35127e+06	121	1.35115e+06	0	
401	0.0341597	3.60834e-06	0.0341485	7.49222e-06	1.5999e+06	169	1.59938e+06	350.905	
402	0.0368843	4.18482e-06	0.0366423	0.000237898	1.72751e+06	196	1.71617e+06	11142.2	
403	0.0624072	1.22982e-05	0.0623885	6.30422e-06	2.92289e+06	576	2.92202e+06	295.264	
404	0.00935191	2.58348e-06	0.00934933	0	438005	121	437884	0	
405	0.102154	3.2475e-05	0.102121	2.19204e-07	4.7845e+06	1521	4.78297e+06	10.2666	
406	0.461666	0.000668909	0.460909	8.79537e-05	2.16225e+07	31329	2.15871e+07	4119.39	
407	0.0736613	1.67392e-05	0.0736446	0	3.44999e+06	784	3.44921e+06	0	
408	0.117556	4.3236e-05	0.117513	3.54682e-07	5.50588e+06	2025	5.50384e+06	16.6119	
409	0.0126487	3.07456e-06	0.0126456	0	592416	144	592272	0	
410	0.0689329	1.44333e-05	0.0689098	8.62923e-06	3.22853e+06	676	3.22745e+06	404.158	
411	0.0956955	2.7671e-05	0.0956659	1.90108e-06	4.48198e+06	1296	4.4806e+06	89.039	
412	0.0603345	1.12947e-05	0.0598297	0.000493529	2.82582e+06	529	2.80218e+06	23114.9	
413	0.0306657	2.58348e-06	0.0296443	0.00101883	1.43626e+06	121	1.38842e+06	47718	
414	0.0878204	2.32513e-05	0.0877951	2.04263e-06	4.11315e+06	1089	4.11196e+06	95.6686	
415	0.0291309	2.58348e-06	0.0291279	4.20513e-07	1.36437e+06	121	1.36423e+06	19.6951	
416	0.0479739	6.91776e-06	0.0479669	0	2.2469e+06	324	2.24657e+06	0	
417	0.0422534	5.46588e-06	0.0422479	0	1.97897e+06	256	1.97872e+06	0	
418	0.0130198	3.07456e-06	0.0130168	0	609798	144	609654	0	
419	0.0377053	4.18482e-06	0.0377011	0	1.76596e+06	196	1.76576e+06	0	
420	0.140486	5.99753e-05	0.140416	1.00309e-05	6.57982e+06	2809	6.57654e+06	469.81	
421	0.0960676	2.7671e-05	0.0960251	1.48596e-05	4.49941e+06	1296	4.49742e+06	695.966	
422	0.0316017	3.07456e-06	0.0315986	0	1.48009e+06	144	1.47995e+06	0	
423	0.0907066	2.46819e-05	0.0906711	1.07762e-05	4.24832e+06	1156	4.24666e+06	504.717	
424	0.0533941	8.54045e-06	0.0532874	9.82299e-05	2.50076e+06	400	2.49576e+06	4600.69	
425	0.0405206	4.804e-06	0.0404715	4.43484e-05	1.89782e+06	225	1.89552e+06	2077.1	
426	0.097843	2.92296e-05	0.0977164	9.73485e-05	4.58256e+06	1369	4.57663e+06	4559.41	
427	0.0557232	9.41584e-06	0.0557019	1.1857e-05	2.60985e+06	441	2.60885e+06	555.337	
428	0.0346881	3.60834e-06	0.0346845	0	1.62465e+06	169	1.62448e+06	0	
429	0.00823613	4.18482e-06	0.00823195	0	385747	196	385551	0	
430	0.0933667	2.61551e-05	0.0933352	5.35769e-06	4.37292e+06	1225	4.37144e+06	250.932	
431	0.0320677	3.07456e-06	0.0320513	1.32862e-05	1.50192e+06	144	1.50115e+06	622.271	
432	0.0569568	9.41584e-06	0.0569404	7.01801e-06	2.66762e+06	441	2.66685e+06	328.695	
433	0.100436	2.92296e-05	0.100394	1.34832e-05	4.70405e+06	1369	4.70205e+06	631.5	
434	0.0407047	4.804e-06	0.0406998	7.10129e-08	1.90644e+06	225	1.90621e+06	3.32595	
435	0.0383708	4.18482e-06	0.0374689	0.000897706	1.79713e+06	196	1.75489e+06	42044.9	
436	0.0306963	4.18482e-06	0.0306903	1.8237e-06	1.43769e+06	196	1.43741e+06	85.4151	
437	0.0292358	2.58348e-06	0.0292331	5.54714e-08	1.36928e+06	121	1.36916e+06	2.59805	
438	0.0326434	3.07456e-06	0.0326399	3.95428e-07	1.52888e+06	144	1.52872e+06	18.5202	
439	0.0888274	3.41618e-05	0.0887358	5.74458e-05	4.16031e+06	1600	4.15602e+06	2690.53	
440	0.0318404	3.07456e-06	0.0318364	9.68166e-07	1.49127e+06	144	1.49108e+06	45.3449	
441	0.029721	2.58348e-06	0.0296529	6.54818e-05	1.39201e+06	121	1.38882e+06	3066.9	
442	0.0325836	3.07456e-06	0.0325805	0	1.52608e+06	144	1.52593e+06	0	
443	0.0678985	1.33444e-05	0.067879	6.11859e-06	3.18009e+06	625	3.17918e+06	286.57	
444	0.178098	0.000136647	0.177961	2.54267e-07	8.34141e+06	6400	8.335e+06	11.9088	
445	0.684192	0.00135588	0.682836	2.88584e-08	3.20447e+07	63504	3.19812e+07	1.35161	
446	0.0297386	2.58348e-06	0.029736	0	1.39283e+06	121	1.39271e+06	0	
447	0.0709749	1.44333e-05	0.0709577	2.7445e-06	3.32417e+06	676	3.32337e+06	128.541	
448	0.0599123	1.03339e-05	0.0598848	1.71212e-05	2.80604e+06	484	2.80476e+06	801.891	
449	0.0297445	2.58348e-06	0.0297419	0	1.39311e+06	121	1.39299e+06	0	
450	0.0297083	2.58348e-06	0.0296934	1.2293e-05	1.39141e+06	121	1.39072e+06	575.757	
451	6.49255	0.12473	6.3678	1.35473e-05	3.04084e+08	5.84188e+06	2.98242e+08	634.503	
452	0.402858	0.000474016	0.402335	4.84062e-05	1.88682e+07	22201	1.88437e+07	2267.15	
453	0.0325475	3.07456e-06	0.0325435	9.93999e-07	1.52439e+06	144	1.5242e+06	46.5548	
454	0.0382728	4.18482e-06	0.0382592	9.45808e-06	1.79254e+06	196	1.7919e+06	442.978	
455	0.0449121	8.54045e-06	0.044847	5.65369e-05	2.1035e+06	400	2.10045e+06	2647.96	
456	0.194263	0.000110684	0.194152	0	9.0985e+06	5184	9.09332e+06	0	
457	0.035514	3.60834e-06	0.0355087	1.71607e-06	1.66333e+06	169	1.66308e+06	80.3739	
458	0.25723	0.000192693	0.257037	1.00433e-08	1.20476e+07	9025	1.20385e+07	0.470391	
459	0.078817	1.79563e-05	0.0787978	1.23479e-06	3.69147e+06	841	3.69057e+06	57.8328	
460	0.041142	4.804e-06	0.041075	6.21371e-05	1.92692e+06	225	1.92378e+06	2910.25	
461	0.0464414	6.17047e-06	0.046435	2.22449e-07	2.17512e+06	289	2.17482e+06	10.4186	
462	0.0489292	6.91776e-06	0.0489219	3.99798e-07	2.29164e+06	324	2.2913e+06	18.7249	
463	0.266969	0.000209262	0.266738	2.11982e-05	1.25037e+07	9801	1.24929e+07	992.84	
464	0.0586345	1.03339e-05	0.0586194	4.76703e-06	2.7462e+06	484	2.74549e+06	223.268	
465	0.279951	0.000230933	0.279719	1.65665e-06	1.31118e+07	10816	1.31009e+07	77.5911	
466	0.0948919	2.61551e-05	0.0948658	0	4.44435e+06	1225	4.44312e+06	0	
467	0.0513554	7.70775e-06	0.0513428	4.84801e-06	2.40528e+06	361	2.40469e+06	227.061	
468	0.0462066	6.17047e-06	0.0462001	3.00639e-07	2.16413e+06	289	2.16382e+06	14.0807	
469	0.138844	5.55342e-05	0.138788	5.11975e-08	6.5029e+06	2601	6.5003e+06	2.39788	
470	0.0672467	1.33444e-05	0.0672334	0	3.14956e+06	625	3.14893e+06	0	
471	0.045121	6.17047e-06	0.0450564	5.84459e-05	2.11328e+06	289	2.11026e+06	2737.37	
472	0.0352376	3.60834e-06	0.0352337	3.20888e-07	1.65038e+06	169	1.6502e+06	15.0291	
473	0.0690162	1.44333e-05	0.068998	3.7247e-06	3.23243e+06	676	3.23158e+06	174.449	
474	0.0506408	7.70775e-06	0.0506331	5.1431e-08	2.37181e+06	361	2.37144e+06	2.40882	
475	0.108344	3.41618e-05	0.108309	0	5.07439e+06	1600	5.07279e+06	0	
476	0.557805	0.000932638	0.556872	3.70229e-07	2.61253e+07	43681	2.60816e+07	17.34	
477	0.0844254	2.05184e-05	0.0844048	8.69585e-08	3.95414e+06	961	3.95318e+06	4.07278	
478	0.0300432	2.58348e-06	0.0300403	3.56668e-07	1.4071e+06	121	1.40696e+06	16.7049	
479	0.116624	3.94782e-05	0.116584	0	5.46221e+06	1849	5.46036e+06	0	
480	25.235	2.16124	23.0737	1.74278e-05	1.1819e+09	1.01223e+08	1.08068e+09	816.248	
481	0.342082	0.00033897	0.341741	1.60141e-06	1.60217e+07	15876	1.60057e+07	75.0038	
482	0.080669	1.9216e-05	0.0806496	1.26363e-07	3.7782e+06	900	3.7773e+06	5.91834	
483	0.211994	0.000136647	0.211857	5.29181e-07	9.92896e+06	6400	9.92254e+06	24.7847	
484	0.0490853	6.91776e-06	0.0490783	2.68908e-08	2.29895e+06	324	2.29863e+06	1.25945	
485	0.0397338	4.804e-06	0.0397289	8.7283e-08	1.86096e+06	225	1.86074e+06	4.08798	
486	0.0484865	6.91776e-06	0.0484795	6.22384e-08	2.27091e+06	324	2.27058e+06	2.91499	
487	0.0295345	2.58348e-06	0.0294589	7.30282e-05	1.38327e+06	121	1.37973e+06	3420.34	
488	0.0360007	3.60834e-06	0.0355704	0.000426601	1.68612e+06	169	1.66597e+06	19980.2	
489	0.045291	6.17047e-06	0.0452848	4.1558e-08	2.12124e+06	289	2.12095e+06	1.9464	
490	0.0290944	2.58348e-06	0.0290918	0	1.36266e+06	121	1.36254e+06	0	
491	0.0448897	6.17047e-06	0.0448808	2.7744e-06	2.10245e+06	289	2.10203e+06	129.941	
492	0.0325853	3.07456e-06	0.0325807	1.49306e-06	1.52616e+06	144	1.52595e+06	69.9292	
493	0.0377515	4.18482e-06	0.0377473	0	1.76812e+06	196	1.76793e+06	0	
494	0.922866	0.00248273	0.920383	2.4869e-07	4.32233e+07	116281	4.3107e+07	11.6476	
495	0.0840125	2.18635e-05	0.0839906	2.93072e-08	3.9348e+06	1024	3.93378e+06	1.37263	
496	0.0300376	2.58348e-06	0.030035	4.5053e-08	1.40684e+06	121	1.40671e+06	2.1101	
497	0.0459122	6.17047e-06	0.0459053	6.91076e-07	2.15034e+06	289	2.15002e+06	32.3672	
498	0.0996137	3.0831e-05	0.0995827	1.50191e-07	4.6655e+06	1444	4.66405e+06	7.03435	
499	0.125553	4.71646e-05	0.125501	4.78461e-06	5.88042e+06	2209	5.87798e+06	224.092	
500	0.0869164	2.18635e-05	0.0868783	1.62558e-05	4.07081e+06	1024	4.06902e+06	761.358	
501	0.320336	0.000323021	0.320012	3.11877e-07	1.50032e+07	15129	1.4988e+07	14.607	
502	0.0289259	3.07456e-06	0.0289229	0	1.35477e+06	144	1.35463e+06	0	
503	0.0313144	3.07456e-06	0.0312225	8.88531e-05	1.46664e+06	144	1.46233e+06	4161.51	
504	0.0609978	1.12947e-05	0.0609865	0	2.85689e+06	529	2.85636e+06	0	
505	0.0595666	1.12947e-05	0.0595531	2.24492e-06	2.78985e+06	529	2.78922e+06	105.142	
506	0.0435609	6.91776e-06	0.0435539	2.87853e-08	2.04021e+06	324	2.03989e+06	1.34818	
507	0.0648841	1.33444e-05	0.0648707	0	3.0389e+06	625	3.03828e+06	0	
508	0.120392	4.51789e-05	0.120346	1.0058e-06	5.63868e+06	2116	5.63651e+06	47.1078	
509	0.0629778	1.22982e-05	0.0629575	7.97987e-06	2.94962e+06	576	2.94867e+06	373.744	
510	0.0926429	2.7671e-05	0.0926152	1.70379e-08	4.33901e+06	1296	4.33772e+06	0.797986	
511	0.0706828	1.79563e-05	0.0706648	4.10671e-08	3.31049e+06	841	3.30965e+06	1.92341	
512	0.0284354	2.58348e-06	0.0284282	4.68563e-06	1.3318e+06	121	1.33146e+06	219.456	
513	0.103033	3.76633e-05	0.102995	0	4.82566e+06	1764	4.8239e+06	0	
514	0.24844	0.000196772	0.248244	0	1.16359e+07	9216	1.16267e+07	0	
515	0.0319644	3.60834e-06	0.0319592	1.51024e-06	1.49708e+06	169	1.49684e+06	70.7335	
516	0.0312535	3.07456e-06	0.0312446	5.86845e-06	1.46379e+06	144	1.46337e+06	274.854	
517	0.0564357	1.12947e-05	0.0564243	1.04775e-07	2.64322e+06	529	2.64268e+06	4.90725	
518	0.0468429	7.70775e-06	0.0468352	7.17478e-09	2.19393e+06	361	2.19357e+06	0.336037	
519	0.0462808	6.17047e-06	0.0462746	0	2.1676e+06	289	2.16731e+06	0	
520	0.0296396	3.07456e-06	0.0296365	0	1.38819e+06	144	1.38805e+06	0	
521	0.0370923	4.804e-06	0.0370875	0	1.73725e+06	225	1.73702e+06	0	
522	0.0371901	4.804e-06	0.0371853	9.47062e-09	1.74183e+06	225	1.7416e+06	0.443565	
523	0.190058	0.000123324	0.189932	2.8368e-06	8.90155e+06	5776	8.89564e+06	132.864	
524	0.029345	3.60834e-06	0.0293337	7.69962e-06	1.3744e+06	169	1.37387e+06	360.618	
525	0.112629	4.3236e-05	0.112586	0	5.2751e+06	2025	5.27308e+06	0	
526	0.224323	0.000154261	0.224155	1.38175e-05	1.05064e+07	7225	1.04985e+07	647.156	
527	0.0772807	2.05184e-05	0.07726	1.23363e-07	3.61951e+06	961	3.61854e+06	5.77784	
528	0.0273269	2.58348e-06	0.0273236	6.40949e-07	1.27988e+06	121	1.27972e+06	30.0194	
529	0.281871	0.000267828	0.281597	6.48063e-06	1.32017e+07	12544	1.31888e+07	303.526	
530	0.0625519	1.33444e-05	0.0625348	3.68306e-06	2.92967e+06	625	2.92887e+06	172.499	
531	0.0300509	3.07456e-06	0.0300477	1.16887e-07	1.40746e+06	144	1.40731e+06	5.47453	
532	0.03036	3.60834e-06	0.0303504	5.93322e-06	1.42193e+06	169	1.42149e+06	277.887	
533	0.0274204	2.58348e-06	0.0274178	0	1.28426e+06	121	1.28414e+06	0	
534	0.0402137	5.46588e-06	0.0402082	0	1.88344e+06	256	1.88318e+06	0	
535	0.0561489	9.41584e-06	0.0561395	0	2.62978e+06	441	2.62934e+06	0	
536	0.111273	3.76633e-05	0.111235	0	5.21157e+06	1764	5.20981e+06	0	
537	0.285325	0.000328294	0.284997	1.27443e-07	1.33635e+07	15376	1.33481e+07	5.96891	
538	0.0479827	6.91776e-06	0.0476548	0.000320949	2.24731e+06	324	2.23195e+06	15031.9	
539	0.113723	4.3236e-05	0.11368	0	5.32635e+06	2025	5.32433e+06	0	
540	0.185492	0.00011378	0.185377	8.26478e-07	8.6877e+06	5329	8.68234e+06	38.7089	
541	0.00645316	2.58348e-06	0.00645057	0	302239	121	302118	0	
542	0.0644182	1.55649e-05	0.0644026	6.34173e-08	3.01709e+06	729	3.01635e+06	2.9702	
543	0.599532	0.00111967	0.598407	5.32781e-06	2.80796e+07	52441	2.80269e+07	249.532	
544	0.0411155	6.17047e-06	0.0411094	0	1.92568e+06	289	1.92539e+06	0	
545	0.0365828	5.46588e-06	0.0365774	0	1.71339e+06	256	1.71313e+06	0	
546	0.0540725	1.03339e-05	0.0540616	5.63706e-07	2.53253e+06	484	2.53202e+06	26.4017	
547	0.0249602	2.58348e-06	0.0249538	3.84247e-06	1.16903e+06	121	1.16873e+06	179.965	
548	0.144818	6.93698e-05	0.144748	3.65412e-08	6.78269e+06	3249	6.77944e+06	1.71144	
549	0.0321245	3.60834e-06	0.0321209	0	1.50458e+06	169	1.50441e+06	0	
550	0.0597073	1.22982e-05	0.0596934	1.66881e-06	2.79645e+06	576	2.79579e+06	78.1607	
551	0.0336114	4.18482e-06	0.0336072	0	1.57422e+06	196	1.57402e+06	0	
552	0.035926	4.804e-06	0.0359211	9.85485e-08	1.68263e+06	225	1.6824e+06	4.61561	
553	0.0510142	9.41584e-06	0.0510042	6.44809e-07	2.3893e+06	441	2.38883e+06	30.2002	
554	0.126307	4.71646e-05	0.126258	1.87209e-06	5.91572e+06	2209	5.91342e+06	87.6814	
555	0.0375885	4.18482e-06	0.0375843	0	1.76049e+06	196	1.76029e+06	0	
556	0.106732	4.13357e-05	0.106691	0	4.99892e+06	1936	4.99699e+06	0	
557	0.0519119	1.03339e-05	0.0518708	3.07239e-05	2.43134e+06	484	2.42942e+06	1438.98	
558	0.0431604	5.46588e-06	0.0431387	1.62178e-05	2.02145e+06	256	2.02044e+06	759.577	
559	0.056254	1.22982e-05	0.0562413	3.16282e-07	2.6347e+06	576	2.63411e+06	14.8133	
560	0.0485443	8.54045e-06	0.0485353	4.38114e-07	2.27361e+06	400	2.27319e+06	20.5194	
561	0.166955	9.30055e-05	0.166852	1.04771e-05	7.81953e+06	4356	7.81469e+06	490.709	
562	0.0360099	5.46588e-06	0.0360044	0	1.68655e+06	256	1.6863e+06	0	
563	0.129391	5.33778e-05	0.129336	1.52129e-06	6.06015e+06	2500	6.05758e+06	71.2511	
564	0.245152	0.000249039	0.244903	2.46132e-07	1.14819e+07	11664	1.14702e+07	11.5278	
565	0.0840555	2.32513e-05	0.0840322	0	3.93681e+06	1089	3.93572e+06	0	
566	11.5594	0.463851	11.0955	5.71346e-05	5.41398e+08	2.17249e+07	5.19671e+08	2675.95	
567	0.113883	5.33778e-05	0.11383	2.26157e-08	5.33385e+06	2500	5.33135e+06	1.05922	
568	0.0358707	5.46588e-06	0.0358648	4.62045e-07	1.68004e+06	256	1.67976e+06	21.6403	
569	0.0509112	9.41584e-06	0.0509017	0	2.38447e+06	441	2.38403e+06	0	
570	2.18957	0.0168742	2.1727	2.56539e-06	1.0255e+08	790321	1.0176e+08	120.152	
571	0.133885	6.93698e-05	0.133814	1.14569e-06	6.27064e+06	3249	6.26734e+06	53.6595	
572	0.0895982	2.61551e-05	0.089572	5.75401e-08	4.19641e+06	1225	4.19519e+06	2.69494	
573	0.0623422	1.22982e-05	0.0623299	1.86687e-08	2.91985e+06	576	2.91927e+06	0.874366	
574	0.162366	8.74542e-05	0.162278	0	7.60457e+06	4096	7.60047e+06	0	
575	0.0356386	4.18482e-06	0.0356344	0	1.66916e+06	196	1.66897e+06	0	
576	0.029413	2.58348e-06	0.0293939	1.64784e-05	1.37758e+06	121	1.37669e+06	771.783	
577	0.0911622	2.61551e-05	0.0911361	0	4.26966e+06	1225	4.26844e+06	0	
578	0.158366	7.94475e-05	0.158286	0	7.41722e+06	3721	7.4135e+06	0	
579	0.205029	0.000176808	0.204852	2.61404e-07	9.60274e+06	8281	9.59445e+06	12.2431	
580	0.0270865	2.58348e-06	0.0270828	1.10347e-06	1.26862e+06	121	1.26845e+06	51.6821	
581	0.0328143	3.60834e-06	0.0328107	0	1.53689e+06	169	1.53672e+06	0	
582	0.0361047	4.18482e-06	0.0359169	0.000183541	1.69099e+06	196	1.6822e+06	8596.33	
583	0.0501078	8.54045e-06	0.0500989	2.76491e-07	2.34684e+06	400	2.34643e+06	12.9497	
584	0.158724	8.47426e-05	0.158639	4.69933e-09	7.43401e+06	3969	7.43004e+06	0.220097	
585	0.205417	0.000176808	0.20524	3.61221e-07	9.6209e+06	8281	9.6126e+06	16.9181	
586	0.0345662	3.60834e-06	0.0345421	2.0484e-05	1.61894e+06	169	1.61781e+06	959.389	
587	0.0633517	1.33444e-05	0.063244	9.4325e-05	2.96713e+06	625	2.96209e+06	4417.79	
588	0.101553	3.41618e-05	0.101519	0	4.75634e+06	1600	4.75474e+06	0	
589	0.110243	3.76633e-05	0.110183	2.23816e-05	5.16337e+06	1764	5.16055e+06	1048.26	
590	0.0589229	1.22982e-05	0.0589106	3.39464e-08	2.75971e+06	576	2.75913e+06	1.58991	
591	0.110666	3.94782e-05	0.110125	0.000501397	5.18314e+06	1849	5.15781e+06	23483.4	
592	0.0251362	2.58348e-06	0.0251336	4.46058e-09	1.17727e+06	121	1.17715e+06	0.208915	
593	0.189305	0.000110684	0.189192	2.20035e-06	8.86629e+06	5184	8.861e+06	103.055	
594	0.0370746	4.804e-06	0.0370691	7.10248e-07	1.73642e+06	225	1.73616e+06	33.2651	
595	0.0296094	3.07456e-06	0.0296009	5.36585e-06	1.38678e+06	144	1.38638e+06	251.314	
596	0.0255536	3.07456e-06	0.0255505	9.00744e-09	1.19682e+06	144	1.19668e+06	0.421872	
597	0.883616	0.0027671	0.880829	2.05862e-05	4.1385e+07	129600	4.12544e+07	964.174	
598	0.154099	7.43232e-05	0.154024	0	7.21737e+06	3481	7.21389e+06	0	
599	0.103041	3.58912e-05	0.103005	0	4.82605e+06	1681	4.82437e+06	0	
600	0.122552	5.1264e-05	0.122501	0	5.73985e+06	2401	5.73745e+06	0	
601	0.0580936	1.12947e-05	0.0580823	0	2.72087e+06	529	2.72034e+06	0	
602	0.0529366	9.41584e-06	0.0529272	3.16089e-08	2.47933e+06	441	2.47889e+06	1.48043	
603	0.324822	0.000467675	0.324355	0	1.52133e+07	21904	1.51914e+07	0	
604	0.0701605	1.67392e-05	0.0701412	2.58266e-06	3.28603e+06	784	3.28512e+06	120.961	
605	0.552413	0.00101469	0.551398	4.8124e-07	2.58728e+07	47524	2.58252e+07	22.5393	
606	0.048542	7.70775e-06	0.0485339	4.54351e-07	2.27351e+06	361	2.27313e+06	21.2799	
607	0.0512336	8.54045e-06	0.0512251	0	2.39957e+06	400	2.39917e+06	0	
608	0.0287927	3.60834e-06	0.0287891	0	1.34853e+06	169	1.34836e+06	0	
609	0.0730394	2.32513e-05	0.0730162	0	3.42087e+06	1089	3.41978e+06	0	
610	0.0268795	2.58348e-06	0.0268765	4.07566e-07	1.25892e+06	121	1.25878e+06	19.0887	
611	0.0541225	1.12947e-05	0.0541105	6.52228e-07	2.53487e+06	529	2.53431e+06	30.5477	
612	0.0278589	2.58348e-06	0.0278339	2.24786e-05	1.3048e+06	121	1.30362e+06	1052.8	
613	0.0254932	2.58348e-06	0.0254906	0	1.19399e+06	121	1.19387e+06	0	
614	0.138423	6.22598e-05	0.138358	2.92948e-06	6.48318e+06	2916	6.48013e+06	137.205	
615	0.0642231	1.55649e-05	0.0642075	2.10934e-08	3.00795e+06	729	3.00722e+06	0.98793	
616	0.10022	3.41618e-05	0.100186	2.56491e-07	4.69392e+06	1600	4.6923e+06	12.013	
617	0.0568872	1.44333e-05	0.0568728	0	2.66436e+06	676	2.66369e+06	0	
618	0.0328292	3.60834e-06	0.032825	5.02508e-07	1.53758e+06	169	1.53739e+06	23.5354	
619	0.072105	1.9216e-05	0.0720839	1.91473e-06	3.3771e+06	900	3.37611e+06	89.6785	
620	0.0305611	3.07456e-06	0.0305555	2.55667e-06	1.43136e+06	144	1.43109e+06	119.744	
621	1.99801	0.0146379	1.98336	1.57791e-05	9.35788e+07	685584	9.28925e+07	739.028	
622	0.222817	0.000169122	0.222636	1.26851e-05	1.04358e+07	7921	1.04273e+07	594.119	
623	0.0363775	4.18482e-06	0.0362771	9.62104e-05	1.70377e+06	196	1.69907e+06	4506.1	
624	0.108661	5.33778e-05	0.108608	0	5.08925e+06	2500	5.08675e+06	0	
625	0.0415537	5.46588e-06	0.041545	3.20229e-06	1.9462e+06	256	1.9458e+06	149.982	
626	0.0599674	1.22982e-05	0.0599319	2.32279e-05	2.80863e+06	576	2.80696e+06	1087.9	
627	0.303671	0.000307456	0.303364	0	1.42227e+07	14400	1.42083e+07	0	
628	0.0805938	2.05184e-05	0.0805719	1.37804e-06	3.77468e+06	961	3.77366e+06	64.542	
629	0.0992491	3.0831e-05	0.098976	0.000242292	4.64842e+06	1444	4.63563e+06	11347.9	
630	0.0496907	8.54045e-06	0.0496795	2.62711e-06	2.32731e+06	400	2.32678e+06	123.043	
631	0.0388267	4.804e-06	0.0386556	0.000166246	1.81848e+06	225	1.81047e+06	7786.3	
632	0.0298145	3.07456e-06	0.0298095	1.91197e-06	1.39639e+06	144	1.39616e+06	89.5489	
633	0.040092	5.46588e-06	0.0400842	2.29893e-06	1.87774e+06	256	1.87738e+06	107.672	
634	0.137958	6.45871e-05	0.137888	5.82074e-06	6.46142e+06	3025	6.45812e+06	272.619	
635	0.127041	5.33778e-05	0.126984	2.96717e-06	5.95009e+06	2500	5.94745e+06	138.97	
636	0.0631319	1.33444e-05	0.0631169	1.69914e-06	2.95684e+06	625	2.95613e+06	79.5808	
637	0.0284001	2.58348e-06	0.0283483	4.92017e-05	1.33014e+06	121	1.32772e+06	2304.4	
638	0.0406704	5.46588e-06	0.0406606	4.34254e-06	1.90483e+06	256	1.90437e+06	203.387	
639	0.078945	2.05184e-05	0.0789244	6.82422e-08	3.69746e+06	961	3.6965e+06	3.19619	
640	0.0323843	3.60834e-06	0.0323807	0	1.51675e+06	169	1.51658e+06	0	
641	0.0196825	8.54045e-06	0.019674	0	921850	400	921450	0	
642	0.0407293	5.46588e-06	0.0407182	5.6352e-06	1.90759e+06	256	1.90707e+06	263.93	
643	0.0475392	7.70775e-06	0.0475315	5.26752e-08	2.22654e+06	361	2.22618e+06	2.46709	
644	0.0330075	3.60834e-06	0.0330035	4.23625e-07	1.54594e+06	169	1.54575e+06	19.8409	
645	0.0274491	2.58348e-06	0.0274465	0	1.2856e+06	121	1.28548e+06	0	
646	0.0813339	2.46819e-05	0.0813039	5.23266e-06	3.80934e+06	1156	3.80794e+06	245.076	
647	0.143801	6.93698e-05	0.143727	5.15504e-06	6.73509e+06	3249	6.7316e+06	241.441	
648	0.0634308	1.33444e-05	0.0634137	3.71091e-06	2.97084e+06	625	2.97004e+06	173.804	
649	0.0345747	4.18482e-06	0.0345705	1.38775e-08	1.61934e+06	196	1.61914e+06	0.649968	
650	0.024869	4.18482e-06	0.0248648	0	1.16476e+06	196	1.16456e+06	0	
651	0.0406668	1.12947e-05	0.0406555	0	1.90467e+06	529	1.90414e+06	0	
652	0.0563948	2.05184e-05	0.0563732	1.04056e-06	2.6413e+06	961	2.64029e+06	48.736	
653	0.0652443	2.7671e-05	0.0652149	1.77808e-06	3.05578e+06	1296	3.0544e+06	83.2783	
654	0.309299	0.000653878	0.308644	1.29665e-06	1.44863e+07	30625	1.44556e+07	60.7299	
655	0.0269825	4.804e-06	0.0269773	3.71633e-07	1.26375e+06	225	1.2635e+06	17.4058	
656	0.0198362	2.58348e-06	0.0198334	2.14194e-07	929047	121	928916	10.032	
657	0.0951976	5.99753e-05	0.0951336	4.03317e-06	4.45867e+06	2809	4.45567e+06	188.897	
658	0.421522	0.00119927	0.420322	1.56584e-07	1.97423e+07	56169	1.96862e+07	7.33379	
659	0.260987	0.000474016	0.260511	1.86361e-06	1.22235e+07	22201	1.22012e+07	87.2842	
660	0.060246	2.46819e-05	0.0602206	6.46366e-07	2.82167e+06	1156	2.82049e+06	30.2731	
661	0.0633869	2.7671e-05	0.0633592	0	2.96878e+06	1296	2.96749e+06	0	
662	0.0362518	9.41584e-06	0.0362424	0	1.69788e+06	441	1.69744e+06	0	
663	0.278587	0.000546588	0.27804	1.27913e-07	1.30478e+07	25600	1.30222e+07	5.99093	
664	0.040516	1.12947e-05	0.0405031	1.57203e-06	1.8976e+06	529	1.897e+06	73.6274	
665	0.642811	0.00292296	0.639888	2.18718e-07	3.01066e+07	136900	2.99697e+07	10.2439	
666	0.0188849	2.58348e-06	0.0188823	0	884494	121	884373	0	
667	0.024289	4.18482e-06	0.0242829	1.84624e-06	1.13759e+06	196	1.13731e+06	86.4707	
668	0.0436883	1.33444e-05	0.0436706	4.33953e-06	2.04618e+06	625	2.04535e+06	203.246	
669	0.0226652	3.60834e-06	0.0226608	7.90606e-07	1.06155e+06	169	1.06134e+06	37.0287	
670	0.0503571	1.79563e-05	0.0503391	0	2.35852e+06	841	2.35768e+06	0	
671	0.0349541	2.7671e-05	0.0349264	0	1.6371e+06	1296	1.63581e+06	0	
672	0.0662312	0.00011378	0.0661174	0	3.10199e+06	5329	3.09667e+06	0	
673	0.0314833	1.67392e-05	0.0314666	0	1.47455e+06	784	1.47376e+06	0	
674	0.0241887	1.33444e-05	0.0241753	0	1.1329e+06	625	1.13227e+06	0	
675	0.0162908	6.17047e-06	0.0162846	0	762996	289	762707	0	
676	0.0282689	2.05184e-05	0.0282484	0	1.324e+06	961	1.32304e+06	0	
677	0.0235653	9.41584e-06	0.0235559	0	1.1037e+06	441	1.10326e+06	0	
678	0.0380563	3.2475e-05	0.0380239	0	1.7824e+06	1521	1.78088e+06	0	
679	0.0509987	4.3236e-05	0.0509555	0	2.38857e+06	2025	2.38655e+06	0	
680	0.0104241	3.07456e-06	0.010421	0	488225	144	488081	0	
681	0.0302653	1.55649e-05	0.0302498	0	1.4175e+06	729	1.41677e+06	0	
682	0.0253602	1.03339e-05	0.0253499	0	1.18777e+06	484	1.18728e+06	0	
683	0.0397263	3.94782e-05	0.0396868	0	1.86062e+06	1849	1.85877e+06	0	
684	0.0150706	4.18482e-06	0.0150664	0	705847	196	705651	0	
685	0.0672721	7.6864e-05	0.0671952	0	3.15075e+06	3600	3.14715e+06	0	
686	1.23518	0.0245821	1.2106	0	5.78512e+07	1.15132e+06	5.66999e+07	0	
687	0.0101799	2.58348e-06	0.0101773	0	476787	121	476666	0	
688	0.0456888	3.58912e-05	0.0456529	0	2.13987e+06	1681	2.13819e+06	0	
689	0.0592007	6.45871e-05	0.0591361	0	2.77272e+06	3025	2.76969e+06	0	
690	0.0265283	1.12947e-05	0.026517	0	1.24247e+06	529	1.24195e+06	0	
691	0.0203184	6.91776e-06	0.0203115	0	951634	324	951310	0	
692	0.0200993	8.54045e-06	0.0200907	0	941370	400	940970	0	
693	0.0241426	1.44333e-05	0.0241281	0	1.13074e+06	676	1.13006e+06	0	
694	0.018013	6.91776e-06	0.0180061	0	843657	324	843333	0	
695	0.0382708	2.61551e-05	0.0382447	0	1.79245e+06	1225	1.79122e+06	0	
696	0.0124847	2.58348e-06	0.0124821	0	584734	121	584613	0	
697	0.00891192	5.46588e-06	0.00890646	0	417398	256	417142	0	
698	0.0148207	5.46588e-06	0.0148152	0	694143	256	693887	0	
699	0.0333109	2.46819e-05	0.0332862	0	1.56014e+06	1156	1.55899e+06	0	
700	0.026246	1.44333e-05	0.0262316	0	1.22925e+06	676	1.22858e+06	0	
701	0.0124319	2.58348e-06	0.0124293	0	582263	121	582142	0	
702	0.0494977	4.51789e-05	0.0494525	0	2.31827e+06	2116	2.31615e+06	0	
703	0.0456092	3.58912e-05	0.0455733	0	2.13615e+06	1681	2.13446e+06	0	
704	0.0201336	6.91776e-06	0.0201267	0	942977	324	942653	0	
705	0.0648785	6.93698e-05	0.0648091	0	3.03864e+06	3249	3.03539e+06	0	
706	0.0184591	5.46588e-06	0.0184536	0	864551	256	864295	0	
707	0.0422295	2.92296e-05	0.0422003	0	1.97786e+06	1369	1.97649e+06	0	
708	0.459872	0.00343328	0.456439	0	2.15385e+07	160801	2.13777e+07	0	
709	0.0607297	7.43232e-05	0.0606554	0	2.84433e+06	3481	2.84085e+06	0	
710	0.0294293	1.79563e-05	0.0294113	0	1.37834e+06	841	1.3775e+06	0	
711	0.0238588	1.03339e-05	0.0238485	0	1.11745e+06	484	1.11696e+06	0	
712	0.0168731	4.804e-06	0.0168683	0	790267	225	790042	0	
713	0.0756135	0.00012659	0.0754869	0	3.54142e+06	5929	3.53549e+06	0	
714	0.0127	2.58348e-06	0.0126975	0	594820	121	594699	0	
715	0.050027	6.22598e-05	0.0499648	0	2.34306e+06	2916	2.34014e+06	0	
716	0.0124175	2.58348e-06	0.0124149	0	581586	121	581465	0	
717	0.0318732	1.67392e-05	0.0318565	0	1.49281e+06	784	1.49203e+06	0	
718	0.0386876	2.46819e-05	0.0386629	0	1.81197e+06	1156	1.81081e+06	0	
719	0.0936947	0.000150653	0.093544	0	4.38827e+06	7056	4.38122e+06	0	
720	0.0443362	3.2475e-05	0.0443038	0	2.07653e+06	1521	2.075e+06	0	
721	0.0207941	6.91776e-06	0.0207872	0	973915	324	973591	0	
722	0.012262	2.58348e-06	0.0122594	0	574303	121	574182	0	
723	0.230702	0.000879858	0.229823	0	1.08051e+07	41209	1.07639e+07	0	
724	0.18295	0.000546588	0.182403	0	8.56864e+06	25600	8.54304e+06	0	
725	0.0626912	9.30055e-05	0.0625982	0	2.9362e+06	4356	2.93184e+06	0	
726	11.2194	1.49008	9.72936	0	5.25473e+08	6.97893e+07	4.55683e+08	0	
727	0.0181765	5.46588e-06	0.018171	0	851315	256	851059	0	
728	0.0146486	3.60834e-06	0.014645	0	686083	169	685914	0	
729	0.0346202	2.32513e-05	0.0345969	0	1.62146e+06	1089	1.62038e+06	0	
730	0.0127189	2.58348e-06	0.0127163	0	595705	121	595584	0	
731	0.0578215	7.18252e-05	0.0577496	0	2.70812e+06	3364	2.70476e+06	0	
732	0.0219481	7.70775e-06	0.0219404	0	1.02796e+06	361	1.0276e+06	0	
733	0.013671	3.07456e-06	0.0136679	0	640295	144	640151	0	
734	0.0572113	8.74542e-05	0.0571239	0	2.67954e+06	4096	2.67545e+06	0	
735	0.023508	9.41584e-06	0.0234985	0	1.10101e+06	441	1.10057e+06	0	
736	0.012497	2.58348e-06	0.0124944	0	585312	121	585191	0	
737	0.10544	0.000184665	0.105255	0	4.93838e+06	8649	4.92973e+06	0	
738	0.0159008	4.18482e-06	0.0158966	0	744728	196	744532	0	
739	0.0237135	1.12947e-05	0.0237022	0	1.11064e+06	529	1.11011e+06	0	
740	0.485032	0.0040031	0.481029	0	2.27169e+07	187489	2.25294e+07	0	
741	0.189818	0.000595461	0.189223	0	8.89034e+06	27889	8.86245e+06	0	
742	0.0208304	8.54045e-06	0.0208219	0	975613	400	975213	0	
743	0.0354041	2.05184e-05	0.0353836	0	1.65818e+06	961	1.65722e+06	0	
744	0.159584	0.000486827	0.159097	0	7.47429e+06	22801	7.45148e+06	0	
745	0.0537113	4.71646e-05	0.0536641	0	2.51561e+06	2209	2.51341e+06	0	
746	0.0134195	3.07456e-06	0.0134164	0	628517	144	628373	0	
747	0.0120096	2.58348e-06	0.012007	0	562483	121	562362	0	
748	0.00360005	4.18482e-06	0.00359587	0	168612	196	168416	0	
749	0.0677824	7.6864e-05	0.0677055	0	3.17465e+06	3600	3.17105e+06	0	
750	0.017357	6.17047e-06	0.0173508	0	812932	289	812643	0	
751	0.0210594	8.54045e-06	0.0210509	0	986340	400	985940	0	
752	0.0160321	4.18482e-06	0.0160279	0	750879	196	750683	0	
753	0.102562	0.000169122	0.102393	0	4.80361e+06	7921	4.79569e+06	0	
754	0.0288272	1.67392e-05	0.0288105	0	1.35015e+06	784	1.34936e+06	0	
755	0.165363	0.000448907	0.164914	0	7.74495e+06	21025	7.72392e+06	0	
756	0.238681	0.000950573	0.237731	0	1.11788e+07	44521	1.11343e+07	0	
757	0.0136311	3.07456e-06	0.013628	0	638426	144	638282	0	
758	0.0740743	9.02085e-05	0.0739841	0	3.46934e+06	4225	3.46511e+06	0	
759	0.0227227	8.54045e-06	0.0227142	0	1.06424e+06	400	1.06384e+06	0	
760	0.0260916	1.12947e-05	0.0260803	0	1.22202e+06	529	1.22149e+06	0	
761	0.0203637	6.91776e-06	0.0203567	0	953753	324	953429	0	
762	0.0145988	4.18482e-06	0.0145947	0	683752	196	683556	0	
763	0.0909123	0.000140084	0.0907722	0	4.25796e+06	6561	4.2514e+06	0	
764	0.025156	1.03339e-05	0.0251457	0	1.1782e+06	484	1.17772e+06	0	
765	0.0126913	2.58348e-06	0.0126887	0	594410	121	594289	0	
766	0.0149184	3.60834e-06	0.0149148	0	698721	169	698552	0	
767	0.0290164	1.44333e-05	0.029002	0	1.35901e+06	676	1.35833e+06	0	
768	0.920198	0.0132578	0.90694	3.45521e-09	4.30983e+07	620944	4.24774e+07	0.161828	
769	0.0616315	9.02085e-05	0.0615413	0	2.88656e+06	4225	2.88234e+06	0	
770	0.0161301	4.18482e-06	0.0161259	0	755471	196	755275	0	
771	0.0173514	4.804e-06	0.0173466	0	812672	225	812447	0	
772	0.0994862	0.000161606	0.0993246	0	4.65953e+06	7569	4.65196e+06	0	
773	0.173726	0.0004804	0.173246	0	8.13666e+06	22500	8.11416e+06	0	
774	0.0330009	3.0831e-05	0.03297	0	1.54562e+06	1444	1.54418e+06	0	
775	0.0331748	1.79563e-05	0.0331569	0	1.55377e+06	841	1.55293e+06	0	
776	0.0229991	8.54045e-06	0.0229905	0	1.07718e+06	400	1.07678e+06	0	
777	0.0125673	2.58348e-06	0.0125647	0	588601	121	588480	0	
778	0.024052	9.41584e-06	0.0240426	0	1.1265e+06	441	1.12606e+06	0	
779	0.0111861	3.07456e-06	0.0111831	0	523915	144	523771	0	
780	0.0574455	7.18252e-05	0.0573737	0	2.69051e+06	3364	2.68715e+06	0	
781	0.011217	3.07456e-06	0.0112139	0	525359	144	525215	0	
782	0.0220602	7.70775e-06	0.0220525	0	1.03321e+06	361	1.03285e+06	0	
783	0.0428505	2.92296e-05	0.0428213	0	2.00694e+06	1369	2.00557e+06	0	
784	0.0151392	3.60834e-06	0.0151356	0	709059	169	708890	0	
785	0.0598575	5.77334e-05	0.0597998	0	2.80348e+06	2704	2.80078e+06	0	
786	0.195939	0.000602614	0.195336	0	9.17699e+06	28224	9.14876e+06	0	
787	0.122715	0.000323021	0.122392	0	5.7475e+06	15129	5.73237e+06	0	
788	0.0194137	6.17047e-06	0.0194075	0	909259	289	908970	0	
789	0.0196484	6.17047e-06	0.0196423	0	920255	289	919966	0	
790	0.0156782	5.46588e-06	0.0156727	0	734303	256	734047	0	
791	0.0104429	2.58348e-06	0.0104403	0	489104	121	488983	0	
792	0.018385	7.70775e-06	0.0183773	0	861082	361	860721	0	
793	0.0226266	3.41618e-05	0.0225925	0	1.05974e+06	1600	1.05814e+06	0	
794	0.0124771	2.58348e-06	0.0124745	0	584379	121	584258	0	
795	0.0180145	7.70775e-06	0.0180068	0	843729	361	843368	0	
796	0.0104988	2.58348e-06	0.0104962	0	491723	121	491602	0	
797	0.232453	0.000828616	0.231624	0	1.08871e+07	38809	1.08483e+07	0	
798	0.0193514	6.17047e-06	0.0193453	0	906345	289	906056	0	
799	0.0658436	9.87276e-05	0.0657449	0	3.08385e+06	4624	3.07922e+06	0	
800	0.150248	0.000499808	0.149748	0	7.03701e+06	23409	7.0136e+06	0	
801	0.0247366	9.41584e-06	0.0247272	0	1.15856e+06	441	1.15812e+06	0	
802	0.0141345	3.07456e-06	0.0141314	0	662004	144	661860	0	
803	0.0182692	5.46588e-06	0.0182637	0	855656	256	855400	0	
804	0.0211597	6.91776e-06	0.0211528	0	991038	324	990714	0	
805	0.0852053	0.00011378	0.0850916	0	3.99067e+06	5329	3.98534e+06	0	
806	0.0230437	8.54045e-06	0.0230351	0	1.07927e+06	400	1.07887e+06	0	
807	0.0140334	3.07456e-06	0.0140304	0	657271	144	657127	0	
808	0.0868711	0.000169122	0.086702	0	4.06869e+06	7921	4.06077e+06	0	
809	0.0446258	3.2475e-05	0.0445934	0	2.09009e+06	1521	2.08857e+06	0	
810	0.0389781	2.32513e-05	0.0389548	0	1.82557e+06	1089	1.82448e+06	0	
811	0.0234427	8.54045e-06	0.0234342	0	1.09796e+06	400	1.09756e+06	0	
812	0.0181592	5.46588e-06	0.0181537	0	850503	256	850247	0	
813	0.0224177	7.70775e-06	0.02241	0	1.04995e+06	361	1.04959e+06	0	
814	0.0156864	5.46588e-06	0.0156809	0	734688	256	734432	0	
815	0.13454	0.000277479	0.134263	0	6.30133e+06	12996	6.28834e+06	0	
816	0.0200034	6.17047e-06	0.0199972	0	936877	289	936588	0	
817	0.136635	0.0002873	0.136348	0	6.39945e+06	13456	6.38599e+06	0	
818	0.0462116	3.2475e-05	0.0461792	0	2.16436e+06	1521	2.16284e+06	0	
819	3.4447	0.169191	3.27551	4.45962e-08	1.61335e+08	7.92422e+06	1.53411e+08	2.0887	
820	0.0170094	4.804e-06	0.0170046	0	796653	225	796428	0	
821	0.18258	0.00051296	0.182067	0	8.55131e+06	24025	8.52728e+06	0	
822	0.0352423	2.7671e-05	0.0352146	0	1.6506e+06	1296	1.64931e+06	0	
823	0.012916	2.58348e-06	0.0129134	0	604935	121	604814	0	
824	0.0116601	3.07456e-06	0.011657	0	546112	144	545968	0	
825	0.0699779	7.43232e-05	0.0699036	0	3.27748e+06	3481	3.274e+06	0	
826	0.0614509	8.20737e-05	0.0613689	0	2.87811e+06	3844	2.87426e+06	0	
827	0.0141329	3.07456e-06	0.0141298	0	661927	144	661783	0	
828	0.0141252	3.07456e-06	0.0141221	0	661569	144	661425	0	
829	0.129766	0.000277479	0.129488	0	6.07773e+06	12996	6.06473e+06	0	
830	0.0415266	2.61551e-05	0.0415004	0	1.94493e+06	1225	1.94371e+06	0	
831	0.0166273	4.18482e-06	0.0166231	0	778755	196	778559	0	
832	0.0101633	6.91776e-06	0.0101564	0	476011	324	475687	0	
833	0.512897	0.00394782	0.508949	0	2.4022e+07	184900	2.38371e+07	0	
834	0.0268613	1.12947e-05	0.0268501	0	1.25807e+06	529	1.25754e+06	0	
835	0.0188926	5.46588e-06	0.0188872	0	884855	256	884599	0	
836	0.0141001	3.07456e-06	0.0140971	0	660395	144	660251	0	
837	0.0685934	8.20737e-05	0.0685113	0	3.21263e+06	3844	3.20879e+06	0	
838	0.0707768	7.6864e-05	0.0706999	0	3.31489e+06	3600	3.31129e+06	0	
839	0.0198201	6.17047e-06	0.019814	0	928296	289	928007	0	
840	0.0281626	1.22982e-05	0.0281503	0	1.31902e+06	576	1.31844e+06	0	
841	0.0139626	3.07456e-06	0.0139595	0	653952	144	653808	0	
842	0.0142365	3.07456e-06	0.0142334	0	666781	144	666637	0	
843	0.0324355	1.67392e-05	0.0324187	0	1.51914e+06	784	1.51836e+06	0	
844	0.0474241	3.76633e-05	0.0473864	0	2.22115e+06	1764	2.21939e+06	0	
845	0.0153673	3.60834e-06	0.0153637	0	719742	169	719573	0	
846	0.013865	3.07456e-06	0.0138619	0	649382	144	649238	0	
847	0.0175011	4.804e-06	0.0174963	0	819683	225	819458	0	
848	0.0155491	4.18482e-06	0.0155449	0	728258	196	728062	0	
849	0.0273842	1.12947e-05	0.0273729	0	1.28256e+06	529	1.28203e+06	0	
850	0.00673701	3.07456e-06	0.00673394	0	315534	144	315390	0	
851	0.021038	6.91776e-06	0.0210311	0	985336	324	985012	0	
852	0.134192	0.000282368	0.13391	0	6.28503e+06	13225	6.2718e+06	0	
853	0.0560963	5.1264e-05	0.056045	0	2.62732e+06	2401	2.62492e+06	0	
854	0.024867	9.41584e-06	0.0248576	0	1.16467e+06	441	1.16422e+06	0	
855	0.0271269	1.12947e-05	0.0271157	0	1.27051e+06	529	1.26998e+06	0	
856	0.0127786	2.58348e-06	0.012776	0	598498	121	598377	0	
857	0.0509442	3.94782e-05	0.0509047	0	2.38602e+06	1849	2.38417e+06	0	
858	0.0234465	8.54045e-06	0.0234379	0	1.09813e+06	400	1.09773e+06	0	
859	0.012979	2.58348e-06	0.0129764	0	607887	121	607766	0	
860	0.0175664	4.804e-06	0.0175616	0	822743	225	822518	0	
861	0.0160089	4.18482e-06	0.0160047	0	749793	196	749597	0	
862	1.65247	0.0439055	1.60856	0	7.73951e+07	2.05635e+06	7.53388e+07	0	
863	0.0307328	1.44333e-05	0.0307184	0	1.4394e+06	676	1.43872e+06	0	
864	0.0131896	3.07456e-06	0.0131865	0	617749	144	617605	0	
865	0.0128621	2.58348e-06	0.0128595	0	602412	121	602291	0	
866	0.0153111	3.60834e-06	0.0153075	0	717114	169	716945	0	
867	0.0114316	2.58348e-06	0.011429	0	535411	121	535290	0	
868	0.0186523	5.46588e-06	0.0186468	0	873600	256	873344	0	
869	0.0272465	1.12947e-05	0.0272352	0	1.27611e+06	529	1.27559e+06	0	
870	0.00625842	2.58348e-06	0.00625584	0	293119	121	292998	0	
871	0.0128971	2.58348e-06	0.0128946	0	604051	121	603930	0	
872	0.026006	1.12947e-05	0.0259947	0	1.21801e+06	529	1.21748e+06	0	
873	1.01138	0.0157179	0.995668	0	4.73692e+07	736164	4.6633e+07	0	
874	0.0143213	3.07456e-06	0.0143182	0	670753	144	670609	0	
875	0.0188873	5.46588e-06	0.0188818	0	884606	256	884350	0	
876	0.057575	5.33778e-05	0.0575216	0	2.69658e+06	2500	2.69408e+06	0	
877	0.0535654	4.3236e-05	0.0535221	0	2.50878e+06	2025	2.50676e+06	0	
878	0.185074	0.000553442	0.18452	0	8.66811e+06	25921	8.64219e+06	0	
879	0.0332984	2.05184e-05	0.0332778	0	1.55956e+06	961	1.5586e+06	0	
880	0.0131281	2.58348e-06	0.0131255	0	614869	121	614748	0	
881	0.0864993	0.0001201	0.0863792	0	4.05127e+06	5625	4.04565e+06	0	
882	0.0249105	1.12947e-05	0.0248992	0	1.16671e+06	529	1.16618e+06	0	
883	0.0531374	5.1264e-05	0.0530861	0	2.48874e+06	2401	2.48634e+06	0	
884	0.02453	1.12947e-05	0.0245187	0	1.14888e+06	529	1.14835e+06	0	
885	0.0179319	4.804e-06	0.0179271	0	839857	225	839632	0	
886	0.0190873	5.46588e-06	0.0190819	0	893975	256	893719	0	
887	0.0188566	6.91776e-06	0.0188497	0	883168	324	882844	0	
888	0.0313876	1.79563e-05	0.0313696	0	1.47006e+06	841	1.46922e+06	0	
889	0.018942	5.46588e-06	0.0189365	0	887168	256	886912	0	
890	0.0145987	4.18482e-06	0.0145945	0	683743	196	683547	0	
891	0.0212279	7.70775e-06	0.0212201	0	994228	361	993867	0	
892	0.0070002	3.07456e-06	0.00699713	0	327861	144	327717	0	
893	0.0806043	0.000147087	0.0804572	0	3.77517e+06	6889	3.76828e+06	0	
894	0.0375568	2.32513e-05	0.0375336	0	1.75901e+06	1089	1.75792e+06	0	
895	0.045025	4.13357e-05	0.0449837	0	2.10879e+06	1936	2.10685e+06	0	
896	0.0333519	1.79563e-05	0.0333339	0	1.56206e+06	841	1.56122e+06	0	
897	0.0119817	2.58348e-06	0.0119791	0	561175	121	561054	0	
898	0.0738714	0.00012659	0.0737448	0	3.45983e+06	5929	3.4539e+06	0	
899	0.0169249	6.17047e-06	0.0169188	0	792696	289	792407	0	
900	0.0231486	1.03339e-05	0.0231383	0	1.08418e+06	484	1.0837e+06	0	
901	0.0382596	2.7671e-05	0.0382319	0	1.79192e+06	1296	1.79062e+06	0	
902	0.0257154	1.03339e-05	0.025705	0	1.2044e+06	484	1.20392e+06	0	
903	0.0331819	1.67392e-05	0.0331652	0	1.5541e+06	784	1.55332e+06	0	
904	0.0767296	0.0001201	0.0766095	0	3.5937e+06	5625	3.58807e+06	0	
905	0.018913	6.91776e-06	0.0189061	0	885812	324	885488	0	
906	0.0950454	0.000196772	0.0948486	0	4.45154e+06	9216	4.44232e+06	0	
907	0.0441599	4.13357e-05	0.0441185	0	2.06827e+06	1936	2.06633e+06	0	
908	0.0360908	2.32513e-05	0.0360676	0	1.69034e+06	1089	1.68926e+06	0	
909	0.154017	0.000424481	0.153593	0	7.21356e+06	19881	7.19368e+06	0	
910	0.0297464	1.44333e-05	0.0297319	0	1.3932e+06	676	1.39252e+06	0	
911	0.0371455	2.18635e-05	0.0371237	0	1.73974e+06	1024	1.73872e+06	0	
912	0.0119642	3.07456e-06	0.0119612	0	560358	144	560214	0	
913	0.122142	0.000312601	0.12183	0	5.72066e+06	14641	5.70602e+06	0	
914	0.0160577	4.18482e-06	0.0160535	0	752078	196	751882	0	
915	0.0370068	2.05184e-05	0.0369863	0	1.73325e+06	961	1.73228e+06	0	
916	0.0251123	1.33444e-05	0.025099	0	1.17616e+06	625	1.17553e+06	0	
917	0.0189923	7.70775e-06	0.0189846	0	889526	361	889165	0	
918	0.00927837	3.07456e-06	0.00927529	0	434561	144	434417	0	
919	0.0675058	9.30055e-05	0.0674128	0	3.1617e+06	4356	3.15734e+06	0	
920	0.0233539	1.12947e-05	0.0233426	0	1.0938e+06	529	1.09327e+06	0	
921	0.0169419	4.804e-06	0.0169371	0	793493	225	793268	0	
922	0.0107145	2.58348e-06	0.0107119	0	501823	121	501702	0	
923	0.655003	0.00921613	0.645787	0	3.06776e+07	431646	3.0246e+07	0	
924	4.91689	0.339741	4.57715	6.2518e-08	2.30287e+08	1.59121e+07	2.14375e+08	2.92809	
925	0.0183326	6.91776e-06	0.0183257	0	858626	324	858302	0	
926	0.0109145	2.58348e-06	0.0109119	0	511191	121	511070	0	
927	0.0297789	1.44333e-05	0.0297645	0	1.39472e+06	676	1.39405e+06	0	
928	0.0123248	2.58348e-06	0.0123222	0	577245	121	577124	0	
929	0.0284068	1.67392e-05	0.0283901	0	1.33046e+06	784	1.32967e+06	0	
930	0.0113197	2.58348e-06	0.0113172	0	530172	121	530051	0	
931	0.014446	4.18482e-06	0.0144418	0	676593	196	676397	0	
932	0.0392884	3.2475e-05	0.0392559	0	1.84011e+06	1521	1.83858e+06	0	
933	0.0132946	3.60834e-06	0.013291	0	622666	169	622497	0	
934	0.0393495	3.2475e-05	0.039317	0	1.84297e+06	1521	1.84144e+06	0	
935	0.01421	3.07456e-06	0.0142069	0	665541	144	665397	0	
936	0.0169335	4.804e-06	0.0169287	0	793097	225	792872	0	
937	0.0214735	9.41584e-06	0.0214641	0	1.00573e+06	441	1.00529e+06	0	
938	0.0160861	4.18482e-06	0.0160819	0	753411	196	753215	0	
939	0.0228654	8.54045e-06	0.0228569	0	1.07092e+06	400	1.07052e+06	0	
940	0.0138487	3.07456e-06	0.0138456	0	648618	144	648474	0	
941	0.0314573	2.18635e-05	0.0314355	0	1.47333e+06	1024	1.47231e+06	0	
942	0.01191	2.58348e-06	0.0119074	0	557818	121	557697	0	
943	0.0519543	5.99753e-05	0.0518944	0	2.43333e+06	2809	2.43052e+06	0	
944	0.397779	0.00351943	0.39426	0	1.86303e+07	164836	1.84655e+07	0	
945	0.0138719	3.60834e-06	0.0138683	0	649706	169	649537	0	
946	0.0226409	9.41584e-06	0.0226315	0	1.0604e+06	441	1.05996e+06	0	
947	0.0265121	1.55649e-05	0.0264965	0	1.24171e+06	729	1.24099e+06	0	
948	0.0301233	2.05184e-05	0.0301028	0	1.41085e+06	961	1.40989e+06	0	
949	0.0574412	7.43225e-05	0.0573669	0	2.69031e+06	3480.96	2.68683e+06	0	
950	0.0225439	9.41584e-06	0.0225345	0	1.05586e+06	441	1.05542e+06	0	
951	0.0193446	8.54045e-06	0.0193361	0	906026	400	905626	0	
952	0.0956602	0.000205056	0.0954551	0	4.48033e+06	9604	4.47073e+06	0	
953	0.011679	3.07456e-06	0.0116759	0	546997	144	546853	0	
954	0.0135597	4.18482e-06	0.0135556	0	635085	196	634889	0	
955	0.0221222	7.70775e-06	0.0221145	0	1.03611e+06	361	1.03575e+06	0	
956	0.0689443	0.00012659	0.0688177	0	3.22907e+06	5929	3.22314e+06	0	
957	0.0139585	3.60834e-06	0.0139549	0	653763	169	653594	0	
958	0.0121404	3.07456e-06	0.0121374	0	568611	144	568467	0	
959	0.0212132	1.12947e-05	0.0212019	0	993540	529	993011	0	
960	0.0122725	3.60834e-06	0.0122689	0	574796	169	574627	0	
961	0.0250988	1.12947e-05	0.0250875	0	1.17552e+06	529	1.17499e+06	0	
962	0.307999	0.00217271	0.305827	0	1.44254e+07	101761	1.43236e+07	0	
963	0.0139472	3.07456e-06	0.0139441	0	653233	144	653089	0	
964	0.011022	3.07456e-06	0.0110189	0	516226	144	516082	0	
965	0.0374297	3.58912e-05	0.0373938	0	1.75305e+06	1681	1.75137e+06	0	
966	0.111518	0.000297282	0.111221	0	5.22308e+06	13923.5	5.20916e+06	0	
967	0.0249821	1.44333e-05	0.0249677	0	1.17006e+06	676	1.16938e+06	0	
968	0.0114603	2.58348e-06	0.0114577	0	536757	121	536636	0	
969	0.0966965	0.000165343	0.0965311	0	4.52887e+06	7744	4.52112e+06	0	
970	0.0114459	2.58348e-06	0.0114434	0	536083	121	535962	0	
971	0.0263026	1.22982e-05	0.0262903	0	1.23191e+06	576	1.23133e+06	0	
972	0.0136538	3.60834e-06	0.0136502	0	639490	169	639321	0	
973	0.00698764	3.07456e-06	0.00698457	0	327272	144	327129	0	
974	0.0123553	2.58348e-06	0.0123527	0	578674	121	578553	0	
975	0.0102425	2.58348e-06	0.0102399	0	479719	121	479598	0	
976	0.0120296	3.60834e-06	0.012026	0	563418	169	563249	0	
977	0.084978	0.0001299	0.0848481	0	3.98002e+06	6084	3.97393e+06	0	
978	0.110458	0.000217802	0.11024	0	5.1734e+06	10201	5.1632e+06	0	
979	0.0186102	6.17047e-06	0.0186041	0	871630	289	871341	0	
980	0.011304	3.07456e-06	0.0113009	0	529435	144	529291	0	
981	0.0118023	2.58348e-06	0.0117997	0	552775	121	552654	0	
982	0.014416	3.60834e-06	0.0144124	0	675188	169	675019	0	
983	0.038235	2.61551e-05	0.0382089	0	1.79077e+06	1225	1.78954e+06	0	
984	0.010825	5.46588e-06	0.0108195	0	507001	256	506745	0	
985	0.0284981	1.44333e-05	0.0284836	0	1.33473e+06	676	1.33405e+06	0	
986	0.171256	0.000519601	0.170736	0	8.02096e+06	24336	7.99662e+06	0	
987	0.00821152	4.18482e-06	0.00820733	0	384594	196	384398	0	
988	0.117893	0.000249039	0.117644	0	5.52165e+06	11664	5.50998e+06	0	
989	0.0122423	2.58348e-06	0.0122397	0	573382	121	573261	0	
990	0.0187916	6.17047e-06	0.0187854	0	880123	289	879834	0	
991	0.0149637	4.18482e-06	0.0149595	0	700840	196	700644	0	
992	0.0132302	3.07456e-06	0.0132271	0	619651	144	619507	0	
993	0.0649137	7.43232e-05	0.0648394	0	3.04029e+06	3481	3.03681e+06	0	
994	0.0431453	3.0831e-05	0.0431145	0	2.02075e+06	1444	2.01931e+06	0	
995	0.0163271	4.804e-06	0.0163223	0	764697	225	764472	0	
996	0.0133095	3.07456e-06	0.0133064	0	623364	144	623220	0	
997	0.17337	0.000553442	0.172817	0	8.11998e+06	25921	8.09406e+06	0	
998	0.0155484	4.18482e-06	0.0155442	0	728223	196	728027	0	
999	0.0108063	6.17047e-06	0.0108001	0	506124	289	505835	0	
1000	0.0709488	9.02085e-05	0.0708586	0	3.32295e+06	4225	3.31873e+06	0	
1001	0.0129107	3.07456e-06	0.0129076	0	604687	144	604543	0	
1002	0.0199368	6.91776e-06	0.0199299	0	933760	324	933436	0	
1003	0.0122215	2.58348e-06	0.0122189	0	572407	121	572286	0	
1004	0.0121554	2.58348e-06	0.0121528	0	569310	121	569189	0	
1005	0.066511	0.000150653	0.0663603	0	3.1151e+06	7056	3.10804e+06	0	
1006	0.0239347	1.9216e-05	0.0239155	0	1.121e+06	900	1.1201e+06	0	
1007	0.00891371	2.58348e-06	0.00891113	0	417482	121	417361	0	
1008	0.0105156	3.07456e-06	0.0105126	0	492511	144	492367	0	
1009	0.0128595	5.46588e-06	0.0128541	0	602289	256	602033	0	
1010	0.0241432	2.05184e-05	0.0241227	0	1.13077e+06	961	1.1298e+06	0	
1011	0.0136106	6.17047e-06	0.0136045	0	637469	289	637180	0	
1012	0.0214595	1.55649e-05	0.021444	0	1.00508e+06	729	1.00435e+06	0	
1013	0.0120862	3.60834e-06	0.0120826	0	566072	169	565903	0	
1014	0.00948852	3.07456e-06	0.00948544	0	444403	144	444259	0	
1015	0.099282	0.000355304	0.0989267	0	4.64996e+06	16641	4.63332e+06	0	
1016	0.0211726	1.55649e-05	0.0211571	0	991642	729	990913	0	
1017	0.0109615	4.18482e-06	0.0109573	0	513395	196	513199	0	
1018	0.0596191	0.00012659	0.0594925	0	2.79231e+06	5929	2.78639e+06	0	
1019	0.0163374	9.41584e-06	0.016328	0	765179	441	764738	0	
1020	0.0118783	4.804e-06	0.0118735	0	556335	225	556110	0	
1021	0.0126613	4.18482e-06	0.0126572	0	593008	196	592812	0	
1022	0.00882996	4.804e-06	0.00882515	0	413559	225	413334	0	
1023	0.0124008	2.58348e-06	0.0123982	0	580805	121	580684	0	
1024	0.0177361	7.70775e-06	0.0177284	0	830689	361	830328	0	
1025	0.0311382	1.55649e-05	0.0311226	0	1.45838e+06	729	1.45765e+06	0	
1026	0.013789	3.07456e-06	0.013786	0	645824	144	645680	0	
1027	0.00399104	2.58348e-06	0.00398845	0	186924	121	186803	0	
1028	0.00609781	6.17047e-06	0.00609164	0	285596	289	285307	0	
1029	0.0263623	1.12947e-05	0.026351	0	1.2347e+06	529	1.23417e+06	0	
1030	0.00964314	2.58348e-06	0.00964056	0	451645	121	451524	0	
1031	0.292652	0.00136666	0.291285	0	1.37066e+07	64009	1.36426e+07	0	
1032	0.0127985	2.58348e-06	0.0127959	0	599431	121	599310	0	
1033	0.0151408	3.60834e-06	0.0151372	0	709136	169	708967	0	
1034	0.0492367	3.76633e-05	0.049199	0	2.30604e+06	1764	2.30428e+06	0	
1035	0.0177475	4.804e-06	0.0177427	0	831221	225	830996	0	
1036	0.0198998	6.17047e-06	0.0198936	0	932027	289	931738	0	
1037	0.0312824	1.44333e-05	0.0312679	0	1.46514e+06	676	1.46446e+06	0	
1038	0.0179341	4.804e-06	0.0179293	0	839962	225	839736	0	
1039	0.0230228	7.70775e-06	0.0230151	0	1.07829e+06	361	1.07793e+06	0	
1040	0.0478154	3.41618e-05	0.0477812	0	2.23948e+06	1600	2.23788e+06	0	
1041	0.0131983	1.03339e-05	0.0131879	0	618156	484	617672	0	
1042	0.03385	1.67392e-05	0.0338332	0	1.58539e+06	784	1.58461e+06	0	
1043	0.116647	0.000205056	0.116442	0	5.46328e+06	9604	5.45367e+06	0	
1044	0.0447256	2.92296e-05	0.0446964	0	2.09476e+06	1369	2.0934e+06	0	
1045	0.136797	0.000282368	0.136515	0	6.40704e+06	13225	6.39382e+06	0	
1046	0.0169624	6.91776e-06	0.0169555	0	794451	324	794127	0	
1047	0.0642554	5.77334e-05	0.0641976	0	3.00946e+06	2704	3.00675e+06	0	
1048	0.0775304	8.74542e-05	0.0774429	0	3.63121e+06	4096	3.62711e+06	0	
1049	0.0171014	7.70775e-06	0.0170937	0	800961	361	800600	0	
1050	0.0270275	1.03339e-05	0.0270172	0	1.26586e+06	484	1.26537e+06	0	
1051	0.0146878	3.07456e-06	0.0146848	0	687920	144	687776	0	
1052	0.0109948	3.07456e-06	0.0109918	0	514955	144	514811	0	
1053	0.0173902	4.18482e-06	0.017386	0	814488	196	814292	0	
1054	0.0137024	2.58348e-06	0.0136998	0	641766	121	641645	0	
1055	0.0210515	6.17047e-06	0.0210453	0	985967	289	985678	0	
1056	0.0134018	2.58348e-06	0.0133992	0	627689	121	627568	0	
1057	0.0137158	2.58348e-06	0.0137132	0	642395	121	642274	0	
1058	0.0162819	3.60834e-06	0.0162783	0	762580	169	762411	0	
1059	0.0660892	0.000101652	0.0659876	0	3.09535e+06	4761	3.09059e+06	0	
1060	0.0201425	5.46588e-06	0.020137	0	943395	256	943139	0	
1061	0.00715832	3.07456e-06	0.00715525	0	335266	144	335122	0	
1062	0.0137034	2.58348e-06	0.0137008	0	641814	121	641693	0	
1063	0.0140831	2.58348e-06	0.0140805	0	659598	121	659477	0	
1064	0.0187549	4.18482e-06	0.0187507	0	878403	196	878207	0	
1065	0.0368096	1.55649e-05	0.036794	0	1.72401e+06	729	1.72328e+06	0	
1066	0.0354517	3.2475e-05	0.0354192	0	1.66041e+06	1521	1.65889e+06	0	
1067	0.0192511	4.18482e-06	0.0192469	0	901646	196	901450	0	
1068	0.835988	0.0075081	0.82848	0	3.91543e+07	351649	3.88026e+07	0	
1069	0.037499	1.55649e-05	0.0374834	0	1.7563e+06	729	1.75557e+06	0	
1070	0.0114479	7.70775e-06	0.0114402	0	536176	361	535815	0	
1071	0.0923685	9.87276e-05	0.0922698	0	4.32616e+06	4624	4.32154e+06	0	
1072	0.0258105	1.44333e-05	0.0257961	0	1.20886e+06	676	1.20818e+06	0	
1073	0.352223	0.0030831	0.34914	4.47903e-10	1.64967e+07	144400	1.63523e+07	0.0209779	
1074	0.240507	0.000602614	0.239904	0	1.12643e+07	28224	1.12361e+07	0	
1075	0.0223705	5.46588e-06	0.022365	0	1.04774e+06	256	1.04748e+06	0	
1076	0.0076714	3.60834e-06	0.00766779	0	359297	169	359128	0	
1077	0.387972	0.0016501	0.386322	0	1.8171e+07	77284	1.80937e+07	0	
1078	2.27554	0.0524274	2.22312	0	1.06577e+08	2.45548e+06	1.04121e+08	0	
1079	0.0434392	2.05184e-05	0.0434186	0	2.03451e+06	961	2.03355e+06	0	
1080	0.024656	6.91776e-06	0.0246491	0	1.15478e+06	324	1.15446e+06	0	
1081	0.0136457	4.18482e-06	0.0136415	0	639109	196	638913	0	
1082	0.00830911	4.18482e-06	0.00830493	0	389165	196	388969	0	
1083	0.0120883	3.07456e-06	0.0120852	0	566169	144	566025	0	
1084	0.0108162	3.07456e-06	0.0108132	0	506590	144	506446	0	
