Node	dPC	dPCintra	dPCflux	dPCconnector	varPC	varPCintra	varPCflux	varPCconnector	
1	0.170611	0.0004981	0.170113	6.69476e-07	1.48189e+07	43264	1.47757e+07	58.1493	
2	33.0824	9.80976	23.2726	4.23895e-07	2.87347e+09	8.52056e+08	2.02141e+09	36.8186	
3	0.0871853	0.000134288	0.087051	6.68244e-07	7.57274e+06	11664	7.56107e+06	58.0423	
4	0.043308	3.61049e-05	0.0432719	6.7002e-07	3.76164e+06	3136	3.75851e+06	58.1966	
5	0.0973992	0.000163036	0.0972361	6.72419e-07	8.45989e+06	14161	8.44573e+06	58.4049	
6	0.0770726	9.95763e-05	0.076973	6.68684e-07	6.69437e+06	8649	6.68572e+06	58.0805	
7	0.680346	0.00787411	0.672472	6.71768e-07	5.90935e+07	683929	5.84095e+07	58.3484	
8	0.04262	2.99454e-05	0.0425901	6.69989e-07	3.70188e+06	2601	3.69928e+06	58.1938	
9	0.0414626	3.11312e-05	0.0414315	6.70602e-07	3.60135e+06	2704	3.59865e+06	58.2471	
10	0.121545	0.000255601	0.121289	6.68243e-07	1.05571e+07	22201	1.05349e+07	58.0422	
11	0.0549859	6.82608e-05	0.0549176	6.7124e-07	4.77596e+06	5929	4.77003e+06	58.3025	
12	0.0615814	7.74137e-05	0.061504	6.70564e-07	5.34884e+06	6724	5.34211e+06	58.2438	
13	0.0846954	0.000126931	0.0845685	6.69579e-07	7.35647e+06	11025	7.34545e+06	58.1582	
14	0.048114	5.1682e-05	0.0480623	6.70344e-07	4.17908e+06	4489	4.17459e+06	58.2247	
15	0.0956105	0.000163036	0.0954475	6.68149e-07	8.30453e+06	14161	8.29037e+06	58.0341	
16	0.116923	0.00023543	0.116688	6.70897e-07	1.01557e+07	20449	1.01352e+07	58.2727	
17	0.0554191	5.1682e-05	0.0553674	6.7052e-07	4.81359e+06	4489	4.8091e+06	58.24	
18	0.0744577	9.74464e-05	0.0743603	6.69554e-07	6.46724e+06	8464	6.45878e+06	58.1561	
19	0.0999997	0.000182781	0.0998169	6.70472e-07	8.68577e+06	15876	8.66989e+06	58.2358	
20	0.0895754	0.00014701	0.0894284	6.71306e-07	7.78034e+06	12769	7.76757e+06	58.3083	
21	0.138311	0.000280181	0.138031	6.69616e-07	1.20134e+07	24336	1.19891e+07	58.1615	
22	0.0480317	3.87299e-05	0.0479929	6.7026e-07	4.17193e+06	3364	4.16857e+06	58.2174	
23	0.125799	0.000402599	0.125397	6.70405e-07	1.09267e+07	34969	1.08917e+07	58.23	
24	0.0955928	0.00017418	0.0954186	6.6975e-07	8.30299e+06	15129	8.28787e+06	58.1731	
25	0.499655	0.00588575	0.493769	6.89435e-07	4.3399e+07	511225	4.28877e+07	59.8829	
26	0.119605	0.000262509	0.119343	6.70755e-07	1.03886e+07	22801	1.03658e+07	58.2603	
27	0.0471264	4.42561e-05	0.0470821	6.69673e-07	4.0933e+06	3844	4.08946e+06	58.1664	
28	0.0510405	4.86426e-05	0.0509919	6.70691e-07	4.43327e+06	4225	4.42905e+06	58.2549	
29	0.0472106	5.01508e-05	0.0471605	6.70985e-07	4.10062e+06	4356	4.09626e+06	58.2804	
30	0.0412153	3.23401e-05	0.041183	6.70844e-07	3.57988e+06	2809	3.57707e+06	58.2681	
31	0.159197	0.000479127	0.158718	6.71327e-07	1.38275e+07	41616	1.37859e+07	58.3101	
32	0.179468	0.00058804	0.17888	6.65265e-07	1.55882e+07	51076	1.55371e+07	57.7835	
33	0.0448166	2.99454e-05	0.0447867	6.6972e-07	3.89268e+06	2601	3.89008e+06	58.1705	
34	0.0490724	5.1682e-05	0.0490208	6.70243e-07	4.26233e+06	4489	4.25784e+06	58.2159	
35	0.103153	0.000191588	0.102961	6.72534e-07	8.9597e+06	16641	8.94306e+06	58.4149	
36	0.0493143	5.32363e-05	0.049261	6.70906e-07	4.28333e+06	4624	4.27871e+06	58.2735	
37	0.0617946	7.18529e-05	0.0617227	6.69327e-07	5.36735e+06	6241	5.36111e+06	58.1364	
38	0.0173824	0.000255601	0.0171268	6.70447e-07	1.5098e+06	22201	1.4876e+06	58.2336	
39	0.045948	3.87299e-05	0.0459093	6.69446e-07	3.99095e+06	3364	3.98758e+06	58.1467	
40	0.0396031	2.87826e-05	0.0395743	6.70716e-07	3.43984e+06	2500	3.43734e+06	58.257	
41	0.046244	4.00769e-05	0.0462039	6.71148e-07	4.01666e+06	3481	4.01318e+06	58.2945	
42	0.0542858	5.96836e-05	0.0542262	6.70708e-07	4.71516e+06	5184	4.70997e+06	58.2563	
43	0.218168	0.000883385	0.217285	6.70556e-07	1.89497e+07	76729	1.88729e+07	58.2431	
44	0.0464415	4.284e-05	0.0463986	6.70646e-07	4.03381e+06	3721	4.03009e+06	58.2509	
45	0.0763905	0.000112839	0.0762777	6.68438e-07	6.63512e+06	9801	6.62532e+06	58.0591	
46	0.0540148	5.48136e-05	0.05396	6.70609e-07	4.69161e+06	4761	4.68685e+06	58.2477	
47	0.0850056	0.000136786	0.0848688	6.70447e-07	7.38341e+06	11881	7.37153e+06	58.2336	
48	0.17619	0.000679834	0.175511	6.69959e-07	1.53035e+07	59049	1.52445e+07	58.1912	
49	0.262172	0.00129977	0.260872	6.73519e-07	2.27717e+07	112896	2.26588e+07	58.5005	
50	0.112902	0.000259043	0.112643	6.6883e-07	9.80649e+06	22500	9.78399e+06	58.0931	
51	0.185761	0.000663151	0.185098	6.7049e-07	1.61348e+07	57600	1.60772e+07	58.2374	
52	0.0867357	0.000144419	0.0865913	6.69107e-07	7.53368e+06	12544	7.52114e+06	58.1173	
53	0.209585	0.000889774	0.208695	6.6702e-07	1.82041e+07	77284	1.81269e+07	57.936	
54	0.0314256	3.3572e-05	0.031392	6.70874e-07	2.72956e+06	2916	2.72665e+06	58.2707	
55	0.0335809	4.00769e-05	0.0335408	6.70279e-07	2.91676e+06	3481	2.91328e+06	58.2191	
56	0.0322609	3.74059e-05	0.0322235	6.70241e-07	2.80212e+06	3249	2.79887e+06	58.2158	
57	0.0523244	6.82608e-05	0.0522561	6.68391e-07	4.54479e+06	5929	4.53886e+06	58.0551	
58	0.0585177	4.42561e-05	0.0584734	6.70507e-07	5.08273e+06	3844	5.07888e+06	58.2389	
59	0.0223371	2.76428e-05	0.0223095	6.70245e-07	1.94016e+06	2401	1.93776e+06	58.2161	
60	0.0357447	5.80372e-05	0.0356866	6.69707e-07	3.10471e+06	5041	3.09967e+06	58.1694	
61	4.60235	0.204543	4.39781	6.63395e-07	3.99751e+08	1.77662e+07	3.81984e+08	57.6211	
62	0.0639267	3.74059e-05	0.0638892	8.18877e-07	5.55255e+06	3249	5.54928e+06	71.126	
63	0.116383	0.000139307	0.116236	8.63182e-06	1.01088e+07	12100	1.0096e+07	749.742	
64	0.0652024	3.74059e-05	0.065165	6.69926e-07	5.66334e+06	3249	5.6601e+06	58.1884	
65	1.5011	0.0112839	1.4898	1.11977e-05	1.30382e+08	980100	1.29401e+08	972.613	
66	0.270564	0.000352587	0.270211	6.69718e-07	2.35006e+07	30625	2.347e+07	58.1703	
67	0.291466	0.000428849	0.291037	6.71154e-07	2.53161e+07	37249	2.52789e+07	58.295	
68	0.0754351	2.76428e-05	0.0754056	2.52551e-06	6.55214e+06	2401	6.54958e+06	219.36	
69	0.759104	0.00271933	0.756385	6.74066e-07	6.59342e+07	236196	6.5698e+07	58.548	
70	0.0846011	3.48269e-05	0.0845663	6.71252e-07	7.34828e+06	3025	7.34525e+06	58.3035	
71	0.0928356	4.14469e-05	0.0927934	1.482e-06	8.06351e+06	3600	8.05984e+06	128.723	
72	0.124122	7.55371e-05	0.124047	6.69071e-07	1.0781e+07	6561	1.07745e+07	58.1141	
73	0.311625	0.000442285	0.311182	1.72334e-06	2.70671e+07	38416	2.70286e+07	149.686	
74	0.164155	0.000124525	0.16403	6.67842e-07	1.42582e+07	10816	1.42473e+07	58.0074	
75	0.216334	0.000219254	0.216063	5.18917e-05	1.87903e+07	19044	1.87668e+07	4507.2	
76	0.307141	0.000424417	0.306716	1.19573e-06	2.66776e+07	36864	2.66407e+07	103.858	
77	0.483507	0.00101555	0.482491	6.7614e-07	4.19964e+07	88209	4.19082e+07	58.7281	
78	0.246153	0.000273043	0.245499	0.000381717	2.13803e+07	23716	2.13235e+07	33155.1	
79	0.335429	0.000474441	0.334954	6.75183e-07	2.91346e+07	41209	2.90934e+07	58.645	
80	0.182494	0.000144419	0.182038	0.000312451	1.58511e+07	12544	1.58114e+07	27138.8	
81	0.629516	0.00167124	0.627845	6.81398e-07	5.46785e+07	145161	5.45333e+07	59.1848	
82	0.078923	2.6526e-05	0.0788965	6.70037e-07	6.85509e+06	2304	6.85279e+06	58.198	
83	0.0916932	3.48269e-05	0.0916583	6.69868e-07	7.96428e+06	3025	7.96125e+06	58.1833	
84	0.182541	0.000134288	0.182407	6.70476e-07	1.58551e+07	11664	1.58435e+07	58.2362	
85	0.144453	8.71422e-05	0.144356	1.13285e-05	1.25469e+07	7569	1.25384e+07	983.971	
86	0.0887108	2.99454e-05	0.0886792	2.31642e-06	7.70524e+06	2601	7.70249e+06	201.2	
87	0.282285	0.000294734	0.281986	5.63537e-06	2.45187e+07	25600	2.44927e+07	489.477	
88	0.182423	0.000122141	0.182301	6.75445e-07	1.58449e+07	10609	1.58342e+07	58.6677	
89	0.152586	8.71422e-05	0.152499	1.11347e-06	1.32533e+07	7569	1.32457e+07	96.7139	
90	0.0852529	2.76428e-05	0.0852253	6.71371e-07	7.40489e+06	2401	7.40249e+06	58.3139	
91	0.158958	9.32557e-05	0.158864	6.67568e-07	1.38067e+07	8100	1.37986e+07	57.9836	
92	2.38252	0.0204881	2.36203	7.06425e-07	2.0694e+08	1.77955e+06	2.05161e+08	61.3586	
93	0.134917	6.47609e-05	0.134852	6.7066e-07	1.17186e+07	5625	1.1713e+07	58.2522	
94	0.121787	5.32363e-05	0.121734	6.72136e-07	1.05781e+07	4624	1.05735e+07	58.3804	
95	0.181977	0.000117444	0.18186	6.71389e-07	1.58062e+07	10201	1.5796e+07	58.3155	
96	0.101843	3.74059e-05	0.101806	6.68779e-07	8.84595e+06	3249	8.8427e+06	58.0888	
97	0.10222	3.61049e-05	0.102168	1.68676e-05	8.87868e+06	3136	8.87413e+06	1465.08	
98	48.4074	9.73262	38.6722	0.00255413	4.20457e+09	8.45355e+08	3.35899e+09	221846	
99	0.103151	3.61049e-05	0.103115	6.6883e-07	8.95952e+06	3136	8.95638e+06	58.0932	
100	0.146446	7.18529e-05	0.146374	6.6991e-07	1.272e+07	6241	1.27137e+07	58.187	
101	0.0871345	2.54323e-05	0.0871091	6.69139e-07	7.56832e+06	2209	7.56611e+06	58.1201	
102	0.098934	3.23401e-05	0.0988845	1.78702e-05	8.59321e+06	2809	8.5889e+06	1552.17	
103	0.0818957	2.54323e-05	0.0818703	6.72307e-07	7.11329e+06	2209	7.11108e+06	58.3952	
104	0.19245	0.00014701	0.192303	6.65243e-07	1.67158e+07	12769	1.67031e+07	57.7816	
105	0.223799	0.000165787	0.223633	7.25487e-07	1.94387e+07	14400	1.94243e+07	63.0143	
106	0.0815587	2.6526e-05	0.0815322	6.71329e-07	7.08402e+06	2304	7.08172e+06	58.3102	
107	0.13855	8.51505e-05	0.138465	6.68437e-07	1.20342e+07	7396	1.20268e+07	58.0591	
108	0.476302	0.000935147	0.475367	6.6979e-07	4.13706e+07	81225	4.12894e+07	58.1765	
109	0.13926	7.93134e-05	0.13918	6.69798e-07	1.20958e+07	6889	1.20889e+07	58.1772	
110	0.0938085	2.99454e-05	0.0937786	6.70646e-07	8.14802e+06	2601	8.14541e+06	58.251	
111	0.0965036	3.11312e-05	0.0964252	4.79254e-05	8.38211e+06	2704	8.3753e+06	4162.7	
112	0.155501	7.93134e-05	0.155398	2.37053e-05	1.35065e+07	6889	1.34976e+07	2058.99	
113	0.10025	3.74059e-05	0.100213	6.69095e-07	8.70756e+06	3249	8.70431e+06	58.1162	
114	0.0888382	3.3572e-05	0.0888046	6.68637e-07	7.7163e+06	2916	7.71338e+06	58.0764	
115	0.445089	0.000646676	0.444396	4.6818e-05	3.86595e+07	56169	3.85993e+07	4066.51	
116	0.132225	5.96836e-05	0.132165	1.46878e-06	1.14848e+07	5184	1.14796e+07	127.575	
117	0.116462	4.284e-05	0.116408	1.2539e-05	1.01157e+07	3721	1.01109e+07	1089.11	
118	0.134014	5.96836e-05	0.133954	8.78359e-07	1.16401e+07	5184	1.16349e+07	76.2924	
119	0.498332	0.00078428	0.49752	2.79891e-05	4.32841e+07	68121	4.32136e+07	2431.07	
120	0.116205	4.14469e-05	0.116138	2.57414e-05	1.00933e+07	3600	1.00875e+07	2235.85	
121	0.409276	0.000507725	0.40819	0.000578867	3.55488e+07	44100	3.54545e+07	50279.2	
122	0.112736	3.87299e-05	0.112691	6.99669e-06	9.79207e+06	3364	9.78816e+06	607.718	
123	0.682176	0.00146732	0.680709	6.97454e-07	5.92524e+07	127449	5.91249e+07	60.5794	
124	0.177129	9.74464e-05	0.177032	6.7421e-07	1.53851e+07	8464	1.53766e+07	58.5605	
125	2.72311	0.0225333	2.70058	4.66615e-06	2.36524e+08	1.9572e+06	2.34566e+08	405.292	
126	0.103326	4.14469e-05	0.103285	6.68061e-07	8.97475e+06	3600	8.97115e+06	58.0264	
127	0.170163	0.000309655	0.169854	6.69216e-07	1.478e+07	26896	1.47531e+07	58.1267	
128	0.372776	0.000402599	0.367863	0.00451139	3.23786e+07	34969	3.19518e+07	391850	
129	0.219672	0.000177024	0.21949	5.64073e-06	1.90802e+07	15376	1.90644e+07	489.942	
130	0.259459	0.000255601	0.259162	4.26739e-05	2.25361e+07	22201	2.25103e+07	3706.57	
131	0.100572	3.87299e-05	0.100505	2.82487e-05	8.73549e+06	3364	8.72973e+06	2453.62	
132	0.103967	4.14469e-05	0.103924	1.26449e-06	9.03036e+06	3600	9.02671e+06	109.831	
133	1.11756	0.00364928	1.11391	8.06799e-06	9.70696e+07	316969	9.6752e+07	700.769	
134	0.329102	0.000313442	0.328788	1.6994e-06	2.85851e+07	27225	2.85578e+07	147.606	
135	0.153289	8.9157e-05	0.153169	3.09623e-05	1.33143e+07	7744	1.3304e+07	2689.32	
136	0.10884	4.42561e-05	0.108795	1.2712e-06	9.45366e+06	3844	9.44976e+06	110.413	
137	0.149497	7.00454e-05	0.149426	1.67609e-06	1.2985e+07	6084	1.29788e+07	145.582	
138	38.6128	5.99755	32.6138	0.00143399	3.35383e+09	5.20934e+08	2.83277e+09	124553	
139	0.100436	2.99454e-05	0.100406	6.69882e-07	8.72374e+06	2601	8.72113e+06	58.1846	
140	0.10026	3.11312e-05	0.100155	7.4444e-05	8.70843e+06	2704	8.69931e+06	6466.05	
141	0.208197	0.000134288	0.208063	6.70636e-07	1.80836e+07	11664	1.80719e+07	58.2501	
142	0.0897381	2.6526e-05	0.0896823	2.98979e-05	7.79446e+06	2304	7.78962e+06	2596.87	
143	0.128313	6.64993e-05	0.128247	6.70463e-07	1.1145e+07	5776	1.11393e+07	58.235	
144	0.12838	6.1353e-05	0.128306	1.37046e-05	1.11508e+07	5329	1.11443e+07	1190.36	
145	0.14966	7.74137e-05	0.149583	7.93366e-07	1.29992e+07	6724	1.29925e+07	68.9102	
146	0.164975	0.000106104	0.164868	1.63171e-06	1.43294e+07	9216	1.43201e+07	141.727	
147	0.250168	0.000197575	0.249947	2.42479e-05	2.17291e+07	17161	2.17099e+07	2106.13	
148	0.313993	0.000344574	0.313648	6.71943e-07	2.72728e+07	29929	2.72428e+07	58.3635	
149	0.310138	0.000336653	0.309802	6.69493e-07	2.6938e+07	29241	2.69087e+07	58.1507	
150	2.32479	0.0215773	2.3032	7.84606e-06	2.01926e+08	1.87416e+06	2.00051e+08	681.493	
151	0.156121	9.11948e-05	0.156029	6.72007e-07	1.35603e+07	7921	1.35524e+07	58.3692	
152	0.150379	8.51505e-05	0.150294	6.70037e-07	1.30616e+07	7396	1.30542e+07	58.198	
153	0.204594	0.000160307	0.204433	2.22617e-06	1.77706e+07	13924	1.77566e+07	193.36	
154	0.117913	4.71574e-05	0.117865	1.2133e-06	1.02417e+07	4096	1.02375e+07	105.385	
155	0.117765	5.1682e-05	0.117713	6.69161e-07	1.02288e+07	4489	1.02243e+07	58.1219	
156	0.486089	0.000766354	0.485311	1.22556e-05	4.22207e+07	66564	4.21531e+07	1064.49	
157	0.186799	0.000126931	0.186672	6.68875e-07	1.6225e+07	11025	1.6214e+07	58.0971	
158	0.0870917	2.87826e-05	0.0870629	6.6813e-07	7.5646e+06	2500	7.5621e+06	58.0324	
159	0.193853	0.000141852	0.193711	6.67842e-07	1.68377e+07	12321	1.68253e+07	58.0074	
160	0.177104	0.000103905	0.176991	1.01392e-05	1.53829e+07	9025	1.53731e+07	880.675	
161	4.14518	0.0655437	4.07964	7.56061e-07	3.60042e+08	5.69299e+06	3.54349e+08	65.6699	
162	0.526596	0.0011064	0.525488	2.19237e-06	4.57391e+07	96100	4.56428e+07	190.425	
163	0.115567	4.284e-05	0.115524	6.6883e-07	1.00379e+07	3721	1.00342e+07	58.0932	
164	0.0866621	2.6526e-05	0.0866351	1.21356e-06	7.52729e+06	2304	7.52494e+06	105.407	
165	0.108702	3.87299e-05	0.108634	2.97406e-05	9.44166e+06	3364	9.43577e+06	2583.21	
166	0.447468	0.000826902	0.44664	1.8028e-06	3.88661e+07	71823	3.87942e+07	156.587	
167	0.0902778	3.3572e-05	0.0902442	6.71882e-07	7.84134e+06	2916	7.83842e+06	58.3583	
168	0.370759	0.000483836	0.370275	1.06281e-06	3.22034e+07	42025	3.21613e+07	92.3141	
169	0.312344	0.000352587	0.31199	1.92342e-06	2.71295e+07	30625	2.70988e+07	167.064	
170	0.0989299	3.3572e-05	0.0988923	4.73263e-06	8.59285e+06	2916	8.58958e+06	411.066	
171	0.117105	5.32363e-05	0.117052	6.715e-07	1.01715e+07	4624	1.01669e+07	58.3251	
172	0.0794324	2.6526e-05	0.0794059	6.69326e-07	6.89933e+06	2304	6.89703e+06	58.1363	
173	0.0936528	3.3572e-05	0.0936192	6.70552e-07	8.13448e+06	2916	8.13157e+06	58.2428	
174	0.228176	0.000182781	0.227985	8.67239e-06	1.98189e+07	15876	1.98023e+07	753.266	
175	0.10427	4.00769e-05	0.104228	2.16711e-06	9.05671e+06	3481	9.0531e+06	188.23	
176	0.153854	8.71422e-05	0.153766	6.69951e-07	1.33634e+07	7569	1.33558e+07	58.1905	
177	0.122101	5.01508e-05	0.121993	5.79703e-05	1.06054e+07	4356	1.05961e+07	5035.18	
178	0.706158	0.0031612	0.702996	6.79444e-07	6.13354e+07	274576	6.10608e+07	59.0151	
179	0.222899	0.000302148	0.222597	6.69765e-07	1.93605e+07	26244	1.93343e+07	58.1744	
180	0.481772	0.00145093	0.480321	6.69384e-07	4.18458e+07	126025	4.17197e+07	58.1413	
181	0.121406	9.11948e-05	0.121315	6.70578e-07	1.0545e+07	7921	1.05371e+07	58.245	
182	0.100642	6.64993e-05	0.100575	6.72436e-07	8.74157e+06	5776	8.7358e+06	58.4064	
183	0.250441	0.000406917	0.250033	1.62322e-06	2.17527e+07	35344	2.17173e+07	140.99	
184	0.229742	0.000340602	0.229402	6.67199e-07	1.99549e+07	29584	1.99253e+07	57.9516	
185	0.132746	0.000112839	0.132633	6.72604e-07	1.153e+07	9801	1.15202e+07	58.421	
186	0.0677363	2.99454e-05	0.0677046	2.33377e-06	5.88343e+06	2601	5.88069e+06	202.706	
187	0.0459416	3.48269e-05	0.0459068	6.68884e-07	3.9904e+06	3025	3.98737e+06	58.0979	
188	0.0542351	2.76428e-05	0.0542075	6.69454e-07	4.71075e+06	2401	4.70835e+06	58.1474	
189	0.38034	0.00131529	0.379025	6.76361e-07	3.30356e+07	114244	3.29213e+07	58.7474	
190	0.0946721	8.1236e-05	0.0945909	6.69296e-07	8.22303e+06	7056	8.21597e+06	58.1337	
191	0.047827	2.6526e-05	0.0478005	6.70079e-07	4.15415e+06	2304	4.15185e+06	58.2017	
192	0.093644	9.74464e-05	0.0935466	6.69998e-07	8.13373e+06	8464	8.12526e+06	58.1946	
193	0.0717264	5.64139e-05	0.07167	6.70688e-07	6.23001e+06	4900	6.22511e+06	58.2546	
194	0.080524	7.18529e-05	0.0804522	6.71133e-07	6.99415e+06	6241	6.98791e+06	58.2932	
195	0.249341	0.000742751	0.248598	6.71864e-07	2.16572e+07	64513.8	2.15927e+07	58.3567	
196	0.0705634	4.56953e-05	0.0705177	6.70805e-07	6.12899e+06	3969	6.12503e+06	58.2647	
197	0.0800156	9.32557e-05	0.0799223	6.71313e-07	6.94999e+06	8100	6.94189e+06	58.3088	
198	0.0562055	2.99454e-05	0.0561755	6.69805e-07	4.88189e+06	2601	4.87929e+06	58.1778	
199	0.0477688	2.76428e-05	0.0477412	6.69953e-07	4.1491e+06	2401	4.1467e+06	58.1907	
200	0.0525143	3.48269e-05	0.0524795	6.72116e-07	4.56128e+06	3025	4.55826e+06	58.3786	
201	0.104155	0.000101729	0.104054	6.7168e-07	9.04677e+06	8836	9.03793e+06	58.3407	
202	0.0992739	0.000122141	0.0991517	6.70156e-07	8.62272e+06	10609	8.61211e+06	58.2084	
203	0.050934	2.87826e-05	0.0509053	6.71251e-07	4.42402e+06	2500	4.42152e+06	58.3035	
204	0.0701478	4.86426e-05	0.0700991	6.70389e-07	6.09289e+06	4225	6.08867e+06	58.2286	
205	0.0548297	5.80372e-05	0.0547717	6.70881e-07	4.76239e+06	5041	4.75735e+06	58.2713	
206	0.0678616	8.9157e-05	0.0677725	6.70328e-07	5.89432e+06	7744	5.88658e+06	58.2233	
207	0.0213362	4.00769e-05	0.0212961	6.69829e-07	1.85322e+06	3481	1.84974e+06	58.18	
208	0.0175647	2.87826e-05	0.0175359	6.69995e-07	1.52563e+06	2500	1.52313e+06	58.1944	
209	0.0382268	6.64993e-05	0.0381603	6.6976e-07	3.3203e+06	5776	3.31452e+06	58.174	
210	0.0468856	0.000188629	0.046697	6.69431e-07	4.07239e+06	16384	4.056e+06	58.1454	
211	0.0216253	2.54323e-05	0.0215998	6.707e-07	1.87832e+06	2209	1.87612e+06	58.2556	
212	0.0296905	5.64139e-05	0.0296341	6.70117e-07	2.57886e+06	4900	2.57396e+06	58.205	
213	0.0276064	5.96836e-05	0.0275467	6.70388e-07	2.39784e+06	5184	2.39265e+06	58.2285	
214	0.0466676	0.000206728	0.0464609	6.71299e-07	4.05345e+06	17956	4.0355e+06	58.3077	
215	0.0367586	0.00011513	0.0366434	6.6961e-07	3.19277e+06	10000	3.18277e+06	58.1609	
216	0.0502713	0.000219254	0.050052	6.70674e-07	4.36646e+06	19044	4.34742e+06	58.2534	
217	0.0559389	0.000298429	0.0556405	6.70463e-07	4.85874e+06	25921	4.83282e+06	58.235	
218	0.00792922	2.6526e-05	0.0079027	6.69977e-07	688716	2304	686412	58.1928	
219	0.0289402	7.00454e-05	0.0288701	6.70928e-07	2.51368e+06	6084	2.5076e+06	58.2754	
220	0.0864115	0.00263054	0.0837809	6.71639e-07	7.50552e+06	228484	7.27704e+06	58.3372	
221	0.048988	0.000248785	0.0487392	6.69717e-07	4.25499e+06	21609	4.23339e+06	58.1702	
222	0.0228072	5.48136e-05	0.0227523	6.70542e-07	1.98098e+06	4761	1.97622e+06	58.2419	
223	0.0110534	4.42561e-05	0.0110091	6.70503e-07	960079	3844	956235	58.2385	
224	0.0124326	4.71574e-05	0.0123855	6.7037e-07	1.07987e+06	4096	1.07577e+06	58.2269	
225	0.0284437	0.000248785	0.0281949	6.70073e-07	2.47056e+06	21609	2.44895e+06	58.2011	
226	0.0508609	0.000814617	0.0500463	6.69904e-07	4.41768e+06	70756	4.34692e+06	58.1864	
227	0.0358818	0.000352587	0.0355292	6.69716e-07	3.11662e+06	30625	3.086e+06	58.1702	
228	0.0207701	0.000154919	0.0206152	6.70763e-07	1.80405e+06	13456	1.79059e+06	58.2611	
229	0.0454136	0.00058804	0.0448255	6.70042e-07	3.94453e+06	51076	3.89345e+06	58.1985	
230	0.0225702	0.000154919	0.0224153	6.70043e-07	1.9604e+06	13456	1.94695e+06	58.1986	
231	0.009849	3.48269e-05	0.00981417	6.70333e-07	855463	3025	852438	58.2238	
232	0.018918	0.000126931	0.0187911	6.70255e-07	1.64318e+06	11025	1.63216e+06	58.217	
233	0.113929	0.00308922	0.11084	6.72186e-07	9.89569e+06	268324	9.62737e+06	58.3847	
234	0.0509564	0.000754519	0.0502019	6.71173e-07	4.42597e+06	65536	4.36043e+06	58.2967	
235	0.0392139	4.14469e-05	0.0391724	6.70316e-07	3.40604e+06	3600	3.40244e+06	58.2223	
236	0.0513884	0.000567409	0.050821	6.69924e-07	4.46349e+06	49284	4.4142e+06	58.1882	
237	0.0118491	3.11312e-05	0.011818	6.70073e-07	1.02919e+06	2704	1.02649e+06	58.2012	
238	0.0130598	3.23401e-05	0.0130275	6.70279e-07	1.13435e+06	2809	1.13154e+06	58.219	
239	0.0123652	2.87826e-05	0.0123364	6.70448e-07	1.07401e+06	2500	1.07151e+06	58.2338	
240	0.0592334	5.1682e-05	0.0591817	6.71105e-07	5.14489e+06	4489	5.1404e+06	58.2908	
241	0.0757748	0.000122141	0.0756526	6.72592e-07	6.58164e+06	10609	6.57103e+06	58.4199	
242	0.0424464	3.87299e-05	0.0424076	6.70103e-07	3.6868e+06	3364	3.68344e+06	58.2038	
243	0.407217	0.00329532	0.403921	6.71423e-07	3.537e+07	286225	3.50838e+07	58.3184	
244	0.0416832	4.14469e-05	0.0416418	6.70106e-07	3.62052e+06	3600	3.61692e+06	58.204	
245	0.0352782	2.54323e-05	0.0352527	6.70322e-07	3.06419e+06	2209	3.06198e+06	58.2227	
246	0.0881385	0.000149623	0.0879889	6.69898e-07	7.65553e+06	12996	7.64253e+06	58.1859	
247	0.0570712	6.1353e-05	0.0570098	6.69754e-07	4.95709e+06	5329	4.95176e+06	58.1734	
248	0.197965	0.000685441	0.19728	6.71278e-07	1.71948e+07	59536	1.71353e+07	58.3058	
249	0.0970802	0.000222443	0.0968578	6.70509e-07	8.43219e+06	19321	8.41287e+06	58.239	
250	1.23087	0.0246085	1.20627	6.41144e-07	1.06911e+08	2.13744e+06	1.04774e+08	55.6885	
251	0.102993	0.000222443	0.102771	6.68474e-07	8.94581e+06	19321	8.92649e+06	58.0623	
252	0.0865547	0.000134288	0.0864205	6.69617e-07	7.51797e+06	11664	7.5063e+06	58.1616	
253	0.0596743	6.30454e-05	0.0596112	6.70212e-07	5.18318e+06	5476	5.17771e+06	58.2132	
254	0.0915248	0.000185694	0.0913391	6.71431e-07	7.94965e+06	16129	7.93352e+06	58.3191	
255	0.0384802	2.6526e-05	0.0384537	6.70565e-07	3.34231e+06	2304	3.34001e+06	58.2439	
256	0.113988	0.000242061	0.113746	6.68517e-07	9.90078e+06	21025	9.87976e+06	58.066	
