Node	dPC	dPCintra	dPCflux	dPCconnector	varPC	varPCintra	varPCflux	varPCconnector	
1	0.0113849	6.33037e-06	0.0113786	0	1.51251e+06	841	1.51167e+06	0	
2	0.00815712	2.17535e-06	0.00815494	0	1.08368e+06	289	1.08339e+06	0	
3	0.0123811	5.08838e-06	0.012376	0	1.64485e+06	676	1.64417e+06	0	
4	0.00944264	3.01087e-06	0.00943963	0	1.25447e+06	400	1.25407e+06	0	
5	0.0082224	2.43881e-06	0.00821996	0	1.09235e+06	324	1.09203e+06	0	
6	0.0465715	0.000110205	0.0464613	0	6.1871e+06	14641	6.17246e+06	0	
7	0.0112196	4.33566e-06	0.0112152	0	1.49054e+06	576	1.48996e+06	0	
8	0.0118741	5.48732e-06	0.0118686	0	1.5775e+06	729	1.57677e+06	0	
9	0.0211581	1.66275e-05	0.0211415	0	2.81089e+06	2209	2.80868e+06	0	
10	0.0108134	5.48732e-06	0.0108079	0	1.43658e+06	729	1.43585e+06	0	
11	0.00939138	3.64316e-06	0.00938774	0	1.24766e+06	484	1.24717e+06	0	
12	0.0279626	3.37895e-05	0.0279288	0	3.71488e+06	4489	3.71039e+06	0	
13	0.014155	9.22081e-06	0.0141458	0	1.88052e+06	1225	1.8793e+06	0	
14	0.0273802	3.58369e-05	0.0273443	0	3.6375e+06	4761	3.63274e+06	0	
15	0.00962021	2.71731e-06	0.00961749	0	1.27806e+06	361	1.27769e+06	0	
16	0.00561559	1.92696e-06	0.00561366	0	746040	256	745784	0	
17	0.00720611	2.43881e-06	0.00720368	0	957344	324	957020	0	
18	0.00781914	2.43881e-06	0.00781671	0	1.03878e+06	324	1.03846e+06	0	
19	0.00561534	1.92696e-06	0.00561342	0	746007	256	745751	0	
20	0.0383112	7.52719e-05	0.0382359	0	5.0897e+06	10000	5.0797e+06	0	
21	0.00637845	8.70143e-06	0.00636975	0	847388	1156	846232	0	
22	0.00662399	1.69361e-06	0.00662229	0	880008	225	879783	0	
23	0.0517218	0.000143347	0.0515785	0	6.87133e+06	19044	6.85228e+06	0	
24	0.00438548	3.98188e-06	0.0043815	0	582618	529	582089	0	
25	0.00566901	1.92696e-06	0.00566708	0	753137	256	752881	0	
26	0.028112	4.57954e-05	0.0280662	0	3.73472e+06	6084	3.72864e+06	0	
27	0.00333464	2.17535e-06	0.00333247	0	443013	289	442724	0	
28	0.0177755	6.09702e-05	0.0177146	0	2.36151e+06	8100	2.35341e+06	0	
29	0.00532761	1.69361e-06	0.00532592	0	707782	225	707557	0	
30	0.041164	0.000304106	0.0408599	0	5.4687e+06	40401	5.4283e+06	0	
31	0.0227851	3.27884e-05	0.0227523	0	3.02704e+06	4356	3.02269e+06	0	
32	0.00362087	2.43881e-06	0.00361843	0	481038	324	480714	0	
33	0.00590071	2.17535e-06	0.00589854	0	783920	289	783631	0	
34	0.0207861	2.62021e-05	0.0207599	0	2.76147e+06	3481	2.75799e+06	0	
35	0.00593772	5.90132e-06	0.00593182	0	788836	784	788052	0	
36	0.00351421	2.17535e-06	0.00351203	0	466868	289	466579	0	
37	0.00446747	3.64316e-06	0.00446382	0	593510	484	593026	0	
38	0.0142294	3.08313e-05	0.0141986	0	1.8904e+06	4096	1.88631e+06	0	
39	0.00355823	2.17535e-06	0.00355605	0	472716	289	472427	0	
40	0.00508037	4.33566e-06	0.00507603	0	674936	576	674360	0	
41	0.00554928	5.08838e-06	0.0055442	0	737232	676	736556	0	
42	0.00687118	8.19711e-06	0.00686299	0	912848	1089	911759	0	
43	0.0282306	0.000131153	0.0280994	0	3.75048e+06	17424	3.73306e+06	0	
44	0.00324521	1.69361e-06	0.00324352	0	431132	225	430907	0	
45	0.00498913	3.98188e-06	0.00498514	0	662814	529	662285	0	
46	0.00519966	4.33566e-06	0.00519532	0	690783	576	690207	0	
47	0.00341701	1.69361e-06	0.00341532	0	453955	225	453730	0	
48	0.0343588	0.000167111	0.0341917	0	4.56463e+06	22201	4.54243e+06	0	
49	0.00440318	3.01087e-06	0.00440017	0	584970	400	584570	0	
50	0.00451253	3.64316e-06	0.00450888	0	599497	484	599013	0	
51	0.00336537	1.92696e-06	0.00336344	0	447095	256	446839	0	
52	0.0178995	6.77447e-06	0.0178927	0	2.37798e+06	900	2.37708e+06	0	
53	0.00595601	5.48732e-06	0.00595052	0	791266	729	790537	0	
54	0.0117169	2.11438e-05	0.0116957	0	1.55661e+06	2809	1.5538e+06	0	
55	0.00362737	1.92696e-06	0.00362544	0	481902	256	481646	0	
56	0.0100336	1.80727e-05	0.0100155	0	1.33298e+06	2401	1.33058e+06	0	
57	0.0199682	7.22911e-05	0.0198959	0	2.6528e+06	9604	2.6432e+06	0	
58	0.00762149	9.22081e-06	0.00761227	0	1.01252e+06	1225	1.0113e+06	0	
59	0.00383278	2.17535e-06	0.0038306	0	509191	289	508902	0	
60	0.00602135	5.08838e-06	0.00601626	0	799946	676	799270	0	
61	0.00867053	2.43881e-06	0.00866809	0	1.15189e+06	324	1.15157e+06	0	
62	0.0223636	9.75524e-06	0.0223538	0	2.97104e+06	1296	2.96974e+06	0	
63	0.00352502	1.69361e-06	0.00352333	0	468305	225	468080	0	
64	0.0858315	0.000943277	0.0848882	0	1.14028e+07	125316	1.12775e+07	0	
65	0.00871852	1.03047e-05	0.00870821	0	1.15826e+06	1369	1.1569e+06	0	
66	0.0143549	3.98188e-06	0.0143509	0	1.90707e+06	529	1.90654e+06	0	
67	0.0305016	0.000119501	0.0303821	0	4.05219e+06	15876	4.03631e+06	0	
68	0.00420521	2.43881e-06	0.00420277	0	558669	324	558345	0	
69	0.0160623	3.58369e-05	0.0160265	0	2.1339e+06	4761	2.12914e+06	0	
70	0.0123227	3.01087e-06	0.0123197	0	1.63709e+06	400	1.63669e+06	0	
71	0.00456128	3.01087e-06	0.00455827	0	605973	400	605573	0	
72	0.0124575	3.01087e-06	0.0124545	0	1.655e+06	400	1.6546e+06	0	
73	0.00945787	1.69361e-06	0.00945618	0	1.25649e+06	225	1.25626e+06	0	
74	0.00482333	3.01087e-06	0.00482032	0	640787	400	640387	0	
75	0.0207669	8.19711e-06	0.0207587	0	2.75892e+06	1089	2.75783e+06	0	
76	0.00943827	1.69361e-06	0.00943657	0	1.25388e+06	225	1.25366e+06	0	
77	0.00948639	1.14488e-05	0.00947495	0	1.26028e+06	1521	1.25876e+06	0	
78	0.0279098	9.27425e-05	0.027817	0	3.70786e+06	12321	3.69554e+06	0	
79	0.0131101	2.03535e-05	0.0130898	0	1.7417e+06	2704	1.739e+06	0	
80	0.0043424	2.17535e-06	0.00434022	0	576895	289	576606	0	
81	0.00666386	5.48732e-06	0.00665837	0	885305	729	884576	0	
82	0.00503947	3.01087e-06	0.00503646	0	669502	400	669102	0	
83	0.0220974	5.82905e-05	0.0220392	0	2.93568e+06	7744	2.92794e+06	0	
84	0.00459675	2.43881e-06	0.00459431	0	610685	324	610361	0	
85	0.0139672	2.11438e-05	0.013946	0	1.85556e+06	2809	1.85276e+06	0	
86	0.00690503	5.48732e-06	0.00689954	0	917344	729	916615	0	
87	0.00589944	3.98188e-06	0.00589546	0	783750	529	783221	0	
88	0.00504321	2.71731e-06	0.00504049	0	669998	361	669638	0	
89	0.00617627	4.33566e-06	0.00617194	0	820528	576	819952	0	
90	0.0172881	4.70449e-06	0.0172834	0	2.29675e+06	625	2.29612e+06	0	
91	0.011408	1.69361e-06	0.0114063	0	1.51557e+06	225	1.51534e+06	0	
92	0.0200799	5.48732e-06	0.0200744	0	2.66764e+06	729	2.66691e+06	0	
93	0.0186645	4.70449e-06	0.0186598	0	2.47961e+06	625	2.47898e+06	0	
94	0.0184825	4.33566e-06	0.0184782	0	2.45543e+06	576	2.45486e+06	0	
95	0.062993	5.06128e-05	0.0629424	0	8.36872e+06	6724	8.362e+06	0	
96	0.0199044	5.08838e-06	0.0198993	0	2.64433e+06	676	2.64366e+06	0	
97	0.0115501	1.69361e-06	0.0115484	0	1.53445e+06	225	1.53423e+06	0	
98	0.0176435	3.98188e-06	0.0176395	0	2.34397e+06	529	2.34344e+06	0	
99	0.020696	5.48732e-06	0.0206906	0	2.7495e+06	729	2.74878e+06	0	
100	0.0176618	3.98188e-06	0.0176579	0	2.3464e+06	529	2.34588e+06	0	
101	0.0307894	1.20435e-05	0.0307774	0	4.09043e+06	1600	4.08883e+06	0	
102	0.0145342	2.71731e-06	0.0145314	0	1.93089e+06	361	1.93053e+06	0	
103	0.0193473	4.70449e-06	0.0193426	0	2.57032e+06	625	2.56969e+06	0	
104	0.0115498	1.69361e-06	0.0115481	0	1.53441e+06	225	1.53418e+06	0	
105	0.0499252	3.37895e-05	0.0498915	0	6.63265e+06	4489	6.62816e+06	0	
106	0.0132167	2.17535e-06	0.0132146	0	1.75587e+06	289	1.75558e+06	0	
107	0.0614205	4.93859e-05	0.0613711	0	8.15982e+06	6561	8.15326e+06	0	
108	0.0301166	1.14488e-05	0.0301052	0	4.00104e+06	1521	3.99952e+06	0	
109	0.0116814	1.69361e-06	0.0116797	0	1.5519e+06	225	1.55167e+06	0	
110	0.0414905	2.19493e-05	0.0414686	0	5.51208e+06	2916	5.50917e+06	0	
111	0.0140774	2.43881e-06	0.0140749	0	1.8702e+06	324	1.86988e+06	0	
112	0.0981036	0.000119501	0.0979841	0	1.30332e+07	15876	1.30173e+07	0	
113	0.0139294	2.43881e-06	0.0139269	0	1.85054e+06	324	1.85022e+06	0	
114	0.0279006	1.03047e-05	0.0278903	0	3.70664e+06	1369	3.70527e+06	0	
115	0.0793903	7.67849e-05	0.0793135	0	1.05471e+07	10201	1.05369e+07	0	
116	0.0662716	5.43839e-05	0.0662172	0	8.80429e+06	7225	8.79706e+06	0	
117	0.0117289	1.69361e-06	0.0117272	0	1.5582e+06	225	1.55798e+06	0	
118	0.0183815	4.33566e-06	0.0183771	0	2.44201e+06	576	2.44143e+06	0	
119	0.27419	0.000901125	0.273289	0	3.64266e+07	119716	3.63069e+07	0	
120	0.0174011	3.98188e-06	0.0173972	0	2.31177e+06	529	2.31124e+06	0	
121	0.0274578	9.75524e-06	0.027448	0	3.64781e+06	1296	3.64651e+06	0	
122	0.102757	0.000135158	0.102622	0	1.36515e+07	17956	1.36335e+07	0	
123	0.577922	0.00411075	0.573811	0	7.67779e+07	546121	7.62317e+07	0	
124	0.145362	0.00025484	0.145107	0	1.93116e+07	33856	1.92778e+07	0	
125	0.215054	0.000552804	0.214501	0	2.85702e+07	73441	2.84968e+07	0	
126	0.0160854	3.31949e-06	0.016082	0	2.13697e+06	441	2.13653e+06	0	
127	0.0183329	4.33566e-06	0.0183285	0	2.43555e+06	576	2.43498e+06	0	
128	0.0112971	1.69361e-06	0.0112954	0	1.50084e+06	225	1.50061e+06	0	
129	0.038747	1.80727e-05	0.038729	0	5.14761e+06	2401	5.14521e+06	0	
130	0.0363711	1.66275e-05	0.0363545	0	4.83197e+06	2209	4.82976e+06	0	
131	0.0116432	1.92696e-06	0.0116413	0	1.54682e+06	256	1.54656e+06	0	
132	7.99913	0.71394	7.28519	0	1.06269e+09	9.48481e+07	9.67849e+08	0	
133	1.28279	0.0188623	1.26392	0	1.7042e+08	2.50588e+06	1.67915e+08	0	
134	0.0709925	5.96229e-05	0.0709329	0	9.43147e+06	7921	9.42355e+06	0	
135	0.012675	2.17535e-06	0.0126728	0	1.68389e+06	289	1.6836e+06	0	
136	0.293401	0.00100831	0.292393	0	3.89789e+07	133956	3.88449e+07	0	
137	0.0197237	5.48732e-06	0.0197182	0	2.62032e+06	729	2.61959e+06	0	
138	0.0406916	2.36052e-05	0.040668	0	5.40594e+06	3136	5.40281e+06	0	
139	0.015113	3.01087e-06	0.01511	0	2.00779e+06	400	2.00739e+06	0	
140	0.0135572	2.17535e-06	0.0135551	0	1.8011e+06	289	1.80081e+06	0	
141	0.0145843	2.71731e-06	0.0145816	0	1.93755e+06	361	1.93718e+06	0	
142	0.01358	2.17535e-06	0.0135779	0	1.80413e+06	289	1.80384e+06	0	
143	0.0154038	3.01087e-06	0.0154008	0	2.04642e+06	400	2.04602e+06	0	
144	0.0122019	1.92696e-06	0.0122	0	1.62105e+06	256	1.62079e+06	0	
145	0.0820289	7.83129e-05	0.0819506	0	1.08976e+07	10404	1.08872e+07	0	
146	0.0115184	1.69361e-06	0.0115167	0	1.53023e+06	225	1.53001e+06	0	
147	0.0145601	2.71731e-06	0.0145574	0	1.93433e+06	361	1.93397e+06	0	
148	0.0277558	9.75524e-06	0.0277461	0	3.68741e+06	1296	3.68611e+06	0	
149	0.0157822	3.01087e-06	0.0157792	0	2.09669e+06	400	2.09629e+06	0	
150	0.0380431	1.88179e-05	0.0380242	0	5.05408e+06	2500	5.05158e+06	0	
151	0.0308364	1.26532e-05	0.0308237	0	4.09666e+06	1681	4.09498e+06	0	
152	0.0869406	9.61147e-05	0.0868445	0	1.15502e+07	12769	1.15374e+07	0	
153	0.0161333	3.31949e-06	0.01613	0	2.14334e+06	441	2.1429e+06	0	
154	0.0312244	4.01124e-05	0.0311843	0	4.14821e+06	5329	4.14289e+06	0	
155	0.019363	4.33566e-06	0.0193586	0	2.5724e+06	576	2.57183e+06	0	
156	0.430587	0.00219493	0.428392	0	5.72042e+07	291600	5.69126e+07	0	
157	0.0468805	3.27884e-05	0.0468478	0	6.22816e+06	4356	6.2238e+06	0	
158	0.0933501	9.95471e-05	0.0932506	0	1.24017e+07	13225	1.23884e+07	0	
159	0.033992	1.32779e-05	0.0339787	0	4.5159e+06	1764	4.51413e+06	0	
160	0.090479	9.44211e-05	0.0903846	0	1.20202e+07	12544	1.20077e+07	0	
161	0.0129359	1.92696e-06	0.012934	0	1.71856e+06	256	1.71831e+06	0	
162	0.463194	0.00247139	0.460723	0	6.15361e+07	328329	6.12077e+07	0	
163	0.0186347	3.98188e-06	0.0186307	0	2.47565e+06	529	2.47512e+06	0	
164	0.0281517	3.08313e-05	0.0281208	0	3.74e+06	4096	3.7359e+06	0	
165	0.0581061	4.8174e-05	0.058058	0	7.7195e+06	6400	7.7131e+06	0	
166	0.0178529	3.64316e-06	0.0178493	0	2.37179e+06	484	2.3713e+06	0	
167	0.0211095	5.08838e-06	0.0211045	0	2.80444e+06	676	2.80376e+06	0	
168	0.0183925	4.33566e-06	0.0183881	0	2.44347e+06	576	2.44289e+06	0	
169	0.0366494	1.52425e-05	0.0366342	0	4.86894e+06	2025	4.86691e+06	0	
170	0.108412	0.000135158	0.108277	0	1.44028e+07	17956	1.43848e+07	0	
171	0.0652973	5.31118e-05	0.0652442	0	8.67485e+06	7056	8.66779e+06	0	
172	0.0147373	2.71731e-06	0.0147346	0	1.95788e+06	361	1.95752e+06	0	
173	0.0365407	1.66275e-05	0.036524	0	4.85449e+06	2209	4.85228e+06	0	
174	0.0342353	1.32779e-05	0.034222	0	4.54822e+06	1764	4.54645e+06	0	
175	0.0146905	2.43881e-06	0.014688	0	1.95165e+06	324	1.95133e+06	0	
176	0.0271026	9.22081e-06	0.0270934	0	3.60063e+06	1225	3.59941e+06	0	
177	0.106488	0.000137183	0.10635	0	1.41471e+07	18225	1.41288e+07	0	
178	0.0728773	6.65102e-05	0.0728108	0	9.68187e+06	8836	9.67303e+06	0	
179	0.0744925	6.23326e-05	0.0744301	0	9.89645e+06	8281	9.88817e+06	0	
180	0.0253905	7.23363e-06	0.0253833	0	3.37317e+06	961	3.37221e+06	0	
181	0.0190474	4.33566e-06	0.0190431	0	2.53049e+06	576	2.52991e+06	0	
182	0.0265757	8.19711e-06	0.0265676	0	3.53063e+06	1089	3.52954e+06	0	
183	0.0263717	8.19711e-06	0.0263635	0	3.50353e+06	1089	3.50244e+06	0	
184	0.003229	1.69361e-06	0.00322731	0	428978	225	428753	0	
185	0.0157173	3.01087e-06	0.0157143	0	2.08807e+06	400	2.08767e+06	0	
186	0.0404478	1.88179e-05	0.040429	0	5.37355e+06	2500	5.37105e+06	0	
187	0.0262215	8.70143e-06	0.0262128	0	3.48357e+06	1156	3.48241e+06	0	
188	0.0499456	3.18023e-05	0.0499138	0	6.63536e+06	4225	6.63113e+06	0	
189	0.114243	0.000156083	0.114087	0	1.51774e+07	20736	1.51567e+07	0	
190	0.0223462	5.90132e-06	0.0223402	0	2.96872e+06	784	2.96794e+06	0	
191	0.0165771	3.31949e-06	0.0165738	0	2.2023e+06	441	2.20186e+06	0	
192	0.012915	2.43881e-06	0.0129126	0	1.71578e+06	324	1.71546e+06	0	
193	0.0149056	2.71731e-06	0.0149029	0	1.98024e+06	361	1.97988e+06	0	
194	0.0534455	3.48057e-05	0.0534107	0	7.10032e+06	4624	7.0957e+06	0	
195	0.0125462	1.92696e-06	0.0125443	0	1.66678e+06	256	1.66653e+06	0	
196	0.00754523	1.69361e-06	0.00754354	0	1.00239e+06	225	1.00217e+06	0	
197	0.0158437	3.01087e-06	0.0158407	0	2.10486e+06	400	2.10446e+06	0	
198	0.0227422	6.77447e-06	0.0227354	0	3.02134e+06	900	3.02044e+06	0	
199	0.0207578	7.70784e-06	0.0207501	0	2.7577e+06	1024	2.75668e+06	0	
200	0.0119348	2.17535e-06	0.0119326	0	1.58556e+06	289	1.58527e+06	0	
201	0.015196	3.01087e-06	0.015193	0	2.01882e+06	400	2.01842e+06	0	
202	0.0424664	2.19493e-05	0.0424444	0	5.64173e+06	2916	5.63881e+06	0	
203	0.0141755	3.01087e-06	0.0141725	0	1.88324e+06	400	1.88284e+06	0	
204	0.0161534	3.31949e-06	0.0161501	0	2.146e+06	441	2.14556e+06	0	
205	0.0111748	1.92696e-06	0.0111729	0	1.4846e+06	256	1.48434e+06	0	
206	0.0194001	5.90132e-06	0.0193942	0	2.57734e+06	784	2.57656e+06	0	
207	0.136913	0.000361011	0.136552	0	1.81892e+07	47961	1.81412e+07	0	
208	0.0773213	7.9856e-05	0.0772414	0	1.02722e+07	10609	1.02616e+07	0	
209	0.0152723	3.01087e-06	0.0152693	0	2.02895e+06	400	2.02855e+06	0	
210	0.0117173	2.43881e-06	0.0117149	0	1.55667e+06	324	1.55634e+06	0	
211	0.101703	0.000135158	0.101568	0	1.35114e+07	17956	1.34934e+07	0	
212	0.0218198	6.33037e-06	0.0218135	0	2.8988e+06	841	2.89796e+06	0	
213	0.0178548	7.23363e-06	0.0178476	0	2.37204e+06	961	2.37108e+06	0	
214	0.0387188	2.44558e-05	0.0386944	0	5.14386e+06	3249	5.14061e+06	0	
215	0.0388203	2.03535e-05	0.0387999	0	5.15734e+06	2704	5.15463e+06	0	
216	0.0205154	7.23363e-06	0.0205082	0	2.72551e+06	961	2.72455e+06	0	
217	0.0821801	9.1079e-05	0.082089	0	1.09177e+07	12100	1.09056e+07	0	
218	0.0122241	1.92696e-06	0.0122222	0	1.624e+06	256	1.62374e+06	0	
219	0.0110874	1.92696e-06	0.0110855	0	1.47298e+06	256	1.47273e+06	0	
220	0.0171553	0.000167111	0.0169882	0	2.27912e+06	22201	2.25692e+06	0	
221	0.00632704	2.71731e-06	0.00632432	0	840557	361	840196	0	
222	0.00548285	1.03047e-05	0.00547254	0	728405	1369	727036	0	
223	0.0122668	1.92696e-06	0.0122649	0	1.62967e+06	256	1.62941e+06	0	
224	0.0133068	3.98188e-06	0.0133029	0	1.76784e+06	529	1.76731e+06	0	
225	0.0446967	2.62021e-05	0.0446705	0	5.93803e+06	3481	5.93455e+06	0	
226	0.0046046	1.59275e-05	0.00458867	0	611728	2116	609612	0	
227	0.0107429	1.92696e-06	0.010741	0	1.42721e+06	256	1.42696e+06	0	
228	0.0301052	1.20435e-05	0.0300932	0	3.99953e+06	1600	3.99793e+06	0	
229	0.0112495	1.69361e-06	0.0112478	0	1.49451e+06	225	1.49428e+06	0	
230	0.0188649	5.48732e-06	0.0188595	0	2.50624e+06	729	2.50551e+06	0	
231	0.0134536	2.43881e-06	0.0134512	0	1.78734e+06	324	1.78702e+06	0	
232	0.0267758	9.75524e-06	0.026766	0	3.55721e+06	1296	3.55591e+06	0	
233	0.016811	3.98188e-06	0.016807	0	2.23337e+06	529	2.23284e+06	0	
234	0.0241895	9.22081e-06	0.0241803	0	3.21362e+06	1225	3.21239e+06	0	
235	0.0438903	2.98754e-05	0.0438604	0	5.8309e+06	3969	5.82693e+06	0	
236	0.0186778	5.48732e-06	0.0186723	0	2.48138e+06	729	2.48065e+06	0	
237	0.0142115	2.71731e-06	0.0142088	0	1.88802e+06	361	1.88766e+06	0	
238	0.0543264	4.23404e-05	0.0542841	0	7.21736e+06	5625	7.21173e+06	0	
239	0.0266713	1.14488e-05	0.0266599	0	3.54333e+06	1521	3.54181e+06	0	
240	0.169683	0.000398188	0.169284	0	2.25426e+07	52900	2.24897e+07	0	
241	0.0256778	1.03047e-05	0.0256675	0	3.41133e+06	1369	3.40996e+06	0	
242	0.0199276	5.48732e-06	0.0199221	0	2.64741e+06	729	2.64668e+06	0	
243	0.0826136	9.44211e-05	0.0825191	0	1.09753e+07	12544	1.09628e+07	0	
244	0.0104134	1.69361e-06	0.0104117	0	1.38343e+06	225	1.38321e+06	0	
245	0.0674324	6.93706e-05	0.0673631	0	8.95851e+06	9216	8.94929e+06	0	
246	0.0135368	2.71731e-06	0.0135341	0	1.79838e+06	361	1.79802e+06	0	
247	0.0187403	5.08838e-06	0.0187352	0	2.48968e+06	676	2.489e+06	0	
248	0.0168676	7.23363e-06	0.0168603	0	2.24089e+06	961	2.23993e+06	0	
249	0.0129546	1.20435e-05	0.0129426	0	1.72104e+06	1600	1.71944e+06	0	
250	0.0115389	2.71731e-06	0.0115361	0	1.53296e+06	361	1.5326e+06	0	
251	0.0163189	5.08838e-06	0.0163138	0	2.16799e+06	676	2.16732e+06	0	
252	0.0810275	0.000121406	0.0809061	0	1.07646e+07	16129	1.07485e+07	0	
253	0.0363006	2.80086e-05	0.0362726	0	4.82259e+06	3721	4.81887e+06	0	
254	0.00942736	3.31949e-06	0.00942404	0	1.25244e+06	441	1.25199e+06	0	
255	0.0188098	6.33037e-06	0.0188034	0	2.49891e+06	841	2.49807e+06	0	
256	0.00637476	1.69361e-06	0.00637306	0	846897	225	846672	0	
257	0.0122919	5.48732e-06	0.0122864	0	1.633e+06	729	1.63227e+06	0	
258	0.0130201	3.01087e-06	0.0130171	0	1.72974e+06	400	1.72934e+06	0	
259	1.14957	0.0261812	1.12339	0	1.52722e+08	3.47822e+06	1.49244e+08	0	
260	0.0358375	3.48057e-05	0.0358027	0	4.76107e+06	4624	4.75645e+06	0	
261	0.00869158	1.69361e-06	0.00868988	0	1.15469e+06	225	1.15446e+06	0	
262	0.00816431	2.71731e-06	0.0081616	0	1.08464e+06	361	1.08428e+06	0	
263	0.0505321	4.57954e-05	0.0504863	0	6.71327e+06	6084	6.70719e+06	0	
264	0.0252882	1.32779e-05	0.0252749	0	3.35958e+06	1764	3.35782e+06	0	
265	0.0295303	3.08313e-05	0.0294995	0	3.92315e+06	4096	3.91906e+06	0	
266	0.0287669	1.73426e-05	0.0287495	0	3.82173e+06	2304	3.81942e+06	0	
267	0.00985136	1.69361e-06	0.00984967	0	1.30876e+06	225	1.30854e+06	0	
268	0.0327063	2.03535e-05	0.032686	0	4.34509e+06	2704	4.34239e+06	0	
269	0.0241039	1.32779e-05	0.0240906	0	3.20224e+06	1764	3.20048e+06	0	
270	0.00890197	2.17535e-06	0.0088998	0	1.18264e+06	289	1.18235e+06	0	
271	0.00856742	1.69361e-06	0.00856573	0	1.13819e+06	225	1.13797e+06	0	
272	0.00119636	6.77447e-06	0.00118958	0	158938	900	158038	0	
273	0.00937907	1.69361e-06	0.00937738	0	1.24602e+06	225	1.2458e+06	0	
274	0.0138639	3.64316e-06	0.0138603	0	1.84185e+06	484	1.84136e+06	0	
275	0.0121085	2.43881e-06	0.0121061	0	1.60864e+06	324	1.60831e+06	0	
276	0.014719	3.98188e-06	0.014715	0	1.95544e+06	529	1.95491e+06	0	
277	0.0559196	2.80086e-05	0.0558915	0	7.42901e+06	3721	7.42528e+06	0	
278	0.0478427	2.03535e-05	0.047821	1.20957e-06	6.35598e+06	2704	6.35309e+06	160.694	
279	0.0233514	4.70449e-06	0.0233458	7.10186e-07	3.10227e+06	625	3.10153e+06	94.3494	
280	0.0385676	1.26532e-05	0.0385531	1.70341e-06	5.12377e+06	1681	5.12184e+06	226.301	
281	0.0265045	5.90132e-06	0.0264969	1.5335e-06	3.52117e+06	784	3.52016e+06	203.728	
282	0.0161788	2.17535e-06	0.0161715	5.021e-06	2.14938e+06	289	2.14841e+06	667.048	
283	0.0211207	3.98188e-06	0.0211168	0	2.80593e+06	529	2.8054e+06	0	
284	0.00775974	2.17535e-06	0.00775756	0	1.03089e+06	289	1.0306e+06	0	
285	0.0106948	1.69361e-06	0.0106929	5.56857e-08	1.42083e+06	225	1.42057e+06	7.39794	
286	0.0135546	2.71731e-06	0.0135519	0	1.80076e+06	361	1.8004e+06	0	
287	0.109092	0.000112034	0.10898	6.39248e-07	1.44931e+07	14884	1.44781e+07	84.9252	
288	0.0231238	7.70784e-06	0.0231159	0	3.07203e+06	1024	3.07099e+06	0	
289	0.0179693	4.70449e-06	0.0179646	0	2.38725e+06	625	2.38663e+06	0	
290	0.0171395	2.43881e-06	0.0171366	2.97894e-07	2.27702e+06	324	2.27663e+06	39.5757	
291	0.007185	2.43881e-06	0.00717491	7.48659e-06	954539	324	953198	994.605	
292	0.0151532	1.92696e-06	0.0151512	0	2.01312e+06	256	2.01287e+06	0	
293	0.0114365	1.92696e-06	0.0114345	0	1.51935e+06	256	1.51909e+06	0	
294	0.0770918	5.43839e-05	0.0770375	0	1.02417e+07	7225	1.02345e+07	0	
295	0.0152257	1.92696e-06	0.0152238	0	2.02276e+06	256	2.02251e+06	0	
296	0.0654052	3.58369e-05	0.0653694	0	8.68919e+06	4761	8.68443e+06	0	
297	0.0193619	3.31949e-06	0.0193585	0	2.57226e+06	441	2.57182e+06	0	
298	0.00968676	3.98188e-06	0.00968276	0	1.2869e+06	529	1.28637e+06	0	
299	0.00627657	1.69361e-06	0.00627488	0	833853	225	833628	0	
300	0.0137952	8.19711e-06	0.0137861	8.24787e-07	1.83272e+06	1089	1.8315e+06	109.574	
301	0.0252059	5.48732e-06	0.0252004	0	3.34864e+06	729	3.34791e+06	0	
302	1.32443	0.00845755	1.31596	1.18902e-05	1.75953e+08	1.1236e+06	1.74828e+08	1579.63	
303	0.0167341	1.92696e-06	0.0167322	0	2.22315e+06	256	2.2229e+06	0	
304	0.0107088	5.08838e-06	0.0107038	0	1.42269e+06	676	1.42201e+06	0	
305	0.0155455	9.22081e-06	0.0155362	0	2.06525e+06	1225	2.06402e+06	0	
306	0.026639	5.90132e-06	0.0266331	0	3.53904e+06	784	3.53826e+06	0	
307	0.0264576	4.70449e-06	0.0264529	0	3.51493e+06	625	3.51431e+06	0	
308	0.00670903	1.69361e-06	0.00670734	0	891306	225	891081	0	
309	0.0289547	3.58369e-05	0.0289189	0	3.84668e+06	4761	3.84192e+06	0	
310	0.0107231	3.98188e-06	0.0107192	0	1.42459e+06	529	1.42406e+06	0	
311	0.0208081	1.52425e-05	0.0207929	0	2.76439e+06	2025	2.76237e+06	0	
312	0.00857016	2.71731e-06	0.00856744	0	1.13856e+06	361	1.13819e+06	0	
313	0.00935092	3.01087e-06	0.00934791	0	1.24228e+06	400	1.24188e+06	0	
314	0.0077452	1.92696e-06	0.00770866	3.44479e-05	1.02896e+06	256	1.0241e+06	4576.46	
315	0.0139454	6.77447e-06	0.0139359	2.55159e-06	1.85267e+06	900	1.85141e+06	338.983	
316	0.0185629	1.69361e-06	0.018561	1.84387e-08	2.46611e+06	225	2.46586e+06	2.44961	
317	0.0472573	1.08692e-05	0.0472464	0	6.2782e+06	1444	6.27676e+06	0	
318	1.08731	0.00542561	1.08188	9.40434e-07	1.44451e+08	720801	1.4373e+08	124.938	
319	0.0120266	3.98188e-06	0.0113403	0.000682221	1.59776e+06	529	1.50658e+06	90634.2	
320	0.639164	0.00191202	0.637248	4.00882e-06	8.4914e+07	254016	8.46595e+07	532.578	
321	0.020328	1.39177e-05	0.0203137	2.38999e-07	2.70061e+06	1849	2.69871e+06	31.7514	
322	0.0233005	3.01087e-06	0.0232975	0	3.09551e+06	400	3.09511e+06	0	
323	0.0154729	1.69361e-06	0.0154712	0	2.0556e+06	225	2.05538e+06	0	
324	0.0259578	4.33566e-06	0.0259535	0	3.44854e+06	576	3.44796e+06	0	
325	0.0196054	6.77447e-06	0.0195987	0	2.60462e+06	900	2.60372e+06	0	
326	0.0136204	6.33037e-06	0.0136123	1.65474e-06	1.8095e+06	841	1.80842e+06	219.835	
327	0.160459	0.000121406	0.160338	0	2.13173e+07	16129	2.13011e+07	0	
328	0.0227525	2.43881e-06	0.02275	0	3.0227e+06	324	3.02238e+06	0	
329	0.0189601	1.69361e-06	0.0189578	4.32535e-07	2.51889e+06	225	2.51858e+06	57.463	
330	0.0526821	1.26532e-05	0.0526669	2.39502e-06	6.99891e+06	1681	6.99689e+06	318.182	
331	0.0112145	2.17535e-06	0.0112123	0	1.48986e+06	289	1.48958e+06	0	
332	0.0188928	1.69361e-06	0.0188912	0	2.50995e+06	225	2.50972e+06	0	
333	0.0313636	4.70449e-06	0.0313589	0	4.1667e+06	625	4.16608e+06	0	
334	0.262753	0.000304106	0.262449	0	3.49072e+07	40401	3.48668e+07	0	
335	0.267449	0.000319424	0.267129	0	3.5531e+07	42436	3.54886e+07	0	
336	0.0221262	2.71731e-06	0.0221235	0	2.9395e+06	361	2.93914e+06	0	
337	0.0204951	1.92696e-06	0.0204925	4.57284e-07	2.72281e+06	256	2.72247e+06	60.751	
338	0.0397426	8.70143e-06	0.0397334	3.51798e-07	5.27988e+06	1156	5.27865e+06	46.7369	
339	0.188266	0.000160449	0.188105	0	2.50114e+07	21316	2.49901e+07	0	
340	1.10547	0.00517299	1.10029	0	1.46863e+08	687241	1.46176e+08	0	
341	0.0588968	1.59275e-05	0.0588807	0	7.82453e+06	2116	7.8224e+06	0	
342	0.0595882	1.66275e-05	0.0595716	0	7.91639e+06	2209	7.91418e+06	0	
343	0.0302663	3.98188e-06	0.0302624	0	4.02093e+06	529	4.02041e+06	0	
344	0.0220348	8.70143e-06	0.0220261	0	2.92736e+06	1156	2.92621e+06	0	
345	0.0520339	1.20435e-05	0.0520176	4.10203e-06	6.91279e+06	1600	6.91062e+06	544.961	
346	0.213896	0.00019999	0.213696	0	2.84164e+07	26569	2.83898e+07	0	
347	0.0208231	1.92696e-06	0.0208211	0	2.76638e+06	256	2.76612e+06	0	
348	0.0219752	2.17535e-06	0.021973	0	2.91944e+06	289	2.91916e+06	0	
349	0.0419161	7.70784e-06	0.0419083	0	5.56862e+06	1024	5.56759e+06	0	
350	0.0196266	1.69361e-06	0.0196185	6.22715e-06	2.60743e+06	225	2.60636e+06	827.287	
351	0.0291413	3.64316e-06	0.0291377	0	3.87147e+06	484	3.87099e+06	0	
352	0.0215542	7.70784e-06	0.0215465	0	2.86351e+06	1024	2.86248e+06	0	
353	0.047906	9.75524e-06	0.0478962	0	6.36439e+06	1296	6.36309e+06	0	
354	0.0131412	4.70449e-06	0.0131364	0	1.74583e+06	625	1.7452e+06	0	
355	0.0395959	6.77447e-06	0.0395891	0	5.26038e+06	900	5.25948e+06	0	
356	0.0252506	2.71731e-06	0.0252475	2.25242e-07	3.35459e+06	361	3.35418e+06	29.9238	
357	0.0339425	5.08838e-06	0.0339374	0	4.50932e+06	676	4.50865e+06	0	
358	0.0445373	8.19711e-06	0.0445291	0	5.91685e+06	1089	5.91576e+06	0	
359	0.149781	9.44211e-05	0.149686	9.11683e-07	1.98987e+07	12544	1.9886e+07	121.118	
360	0.0364868	5.48732e-06	0.0364813	0	4.84733e+06	729	4.8466e+06	0	
361	0.696262	0.0019732	0.694289	0	9.24995e+07	262144	9.22374e+07	0	
362	0.0253947	2.71731e-06	0.025392	0	3.37373e+06	361	3.37337e+06	0	
363	0.411154	0.0048536	0.406301	0	5.46225e+07	644809	5.39777e+07	0	
364	0.0193249	1.69361e-06	0.0193233	0	2.56735e+06	225	2.56713e+06	0	
365	0.06859	1.88179e-05	0.0685712	0	9.1123e+06	2500	9.1098e+06	0	
366	0.026178	3.01087e-06	0.026175	0	3.47779e+06	400	3.47739e+06	0	
367	0.0315181	3.98188e-06	0.0315139	8.82825e-08	4.18723e+06	529	4.18667e+06	11.7284	
368	0.0315524	3.98188e-06	0.0315482	0	4.19178e+06	529	4.19123e+06	0	
369	0.030985	3.98188e-06	0.030981	0	4.11641e+06	529	4.11588e+06	0	
370	0.170775	0.000117612	0.170657	0	2.26877e+07	15625	2.26721e+07	0	
371	0.0729678	2.19493e-05	0.0729458	0	9.69389e+06	2916	9.69097e+06	0	
372	0.0237124	2.43881e-06	0.02371	0	3.15023e+06	324	3.14991e+06	0	
373	0.0289643	3.31949e-06	0.0289609	0	3.84795e+06	441	3.84751e+06	0	
374	0.181845	0.000129174	0.181715	1.11495e-08	2.41584e+07	17161	2.41412e+07	1.48123	
375	0.049556	1.08692e-05	0.0495451	0	6.58359e+06	1444	6.58215e+06	0	
376	0.0265328	2.71731e-06	0.0265277	2.22822e-06	3.52492e+06	361	3.52424e+06	296.022	
377	0.0286999	3.31949e-06	0.0286966	0	3.81283e+06	441	3.81239e+06	0	
378	0.0335486	4.33566e-06	0.0335439	1.18046e-07	4.45698e+06	576	4.45637e+06	15.6827	
379	0.0206219	1.69361e-06	0.0206202	0	2.73966e+06	225	2.73943e+06	0	
380	0.0303586	3.64316e-06	0.0303549	0	4.03318e+06	484	4.0327e+06	0	
381	0.0534058	1.32779e-05	0.0533926	0	7.09505e+06	1764	7.09329e+06	0	
382	0.0711268	1.95782e-05	0.0711072	0	9.44931e+06	2601	9.44671e+06	0	
383	0.0442796	7.70784e-06	0.0442719	0	5.88262e+06	1024	5.8816e+06	0	
384	0.0450757	7.70784e-06	0.045068	0	5.98839e+06	1024	5.98736e+06	0	
385	0.0236378	2.17535e-06	0.0236356	0	3.14032e+06	289	3.14003e+06	0	
386	0.0275429	3.01087e-06	0.0275399	0	3.65913e+06	400	3.65873e+06	0	
387	0.35786	0.000470449	0.357389	0	4.75423e+07	62500	4.74798e+07	0	
388	0.0272027	3.01087e-06	0.0271997	0	3.61393e+06	400	3.61353e+06	0	
389	0.0268838	2.71731e-06	0.026881	0	3.57155e+06	361	3.57119e+06	0	
390	0.0764967	2.19493e-05	0.07647	4.57504e-06	1.01627e+07	2916	1.01591e+07	607.802	
391	0.035534	5.08838e-06	0.0355289	0	4.72075e+06	676	4.72007e+06	0	
392	0.0303602	3.64316e-06	0.0303564	0	4.0334e+06	484	4.0329e+06	0	
393	0.028525	3.01087e-06	0.0285218	1.464e-08	3.7896e+06	400	3.78917e+06	1.94494	
394	0.436608	0.000691064	0.435917	0	5.80041e+07	91809	5.79122e+07	0	
395	0.0382339	5.90132e-06	0.038228	0	5.07944e+06	784	5.07866e+06	0	
396	0.0286055	3.01087e-06	0.0286025	0	3.80028e+06	400	3.79988e+06	0	
397	0.263346	0.00024933	0.263097	0	3.49859e+07	33124	3.49528e+07	0	
398	0.0285407	3.01087e-06	0.0285377	0	3.79169e+06	400	3.79129e+06	0	
399	0.021605	1.69361e-06	0.0216033	0	2.87026e+06	225	2.87003e+06	0	
400	0.0260378	2.43881e-06	0.0260354	0	3.45917e+06	324	3.45885e+06	0	
401	0.0653877	1.52425e-05	0.0653724	0	8.68686e+06	2025	8.68484e+06	0	
402	0.0109378	3.98188e-06	0.0109338	0	1.4531e+06	529	1.45257e+06	0	
403	1.98264	0.0138813	1.96876	0	2.63397e+08	1.84416e+06	2.61553e+08	0	
404	0.0287955	3.01087e-06	0.0287924	0	3.82552e+06	400	3.82512e+06	0	
405	0.0402709	5.90132e-06	0.0402648	1.94283e-08	5.35005e+06	784	5.34924e+06	2.58109	
406	0.117677	4.8174e-05	0.117629	0	1.56336e+07	6400	1.56272e+07	0	
407	0.155422	8.61788e-05	0.155336	0	2.06481e+07	11449	2.06366e+07	0	
408	0.0994096	3.48057e-05	0.0993748	0	1.32067e+07	4624	1.32021e+07	0	
409	0.16317	9.27425e-05	0.163077	0	2.16774e+07	12321	2.16651e+07	0	
410	0.0266425	2.43881e-06	0.02664	0	3.5395e+06	324	3.53917e+06	0	
411	0.0213522	1.69361e-06	0.0213505	0	2.83668e+06	225	2.83645e+06	0	
412	0.035421	4.33566e-06	0.0354143	2.20326e-06	4.70574e+06	576	4.70485e+06	292.707	
413	0.0948358	3.18023e-05	0.094804	0	1.2599e+07	4225	1.25948e+07	0	
414	0.00989525	3.31949e-06	0.00989193	0	1.3146e+06	441	1.31415e+06	0	
415	0.040886	5.90132e-06	0.0408801	0	5.43178e+06	784	5.43099e+06	0	
416	0.0360545	4.70449e-06	0.0360498	0	4.78989e+06	625	4.78927e+06	0	
417	0.0312263	3.31949e-06	0.0312228	6.85168e-08	4.14847e+06	441	4.148e+06	9.10257	
418	0.0837532	2.36052e-05	0.0837296	0	1.11267e+07	3136	1.11236e+07	0	
419	0.0268273	2.43881e-06	0.0268249	0	3.56406e+06	324	3.56373e+06	0	
420	81.6068	35.2112	46.3955	0	1.08415e+10	4.67787e+09	6.16372e+09	0	
421	0.0544948	1.03047e-05	0.0544845	0	7.23973e+06	1369	7.23836e+06	0	
422	0.0266987	2.43881e-06	0.0266963	0	3.54697e+06	324	3.54664e+06	0	
423	0.0191533	1.14488e-05	0.0191419	0	2.54455e+06	1521	2.54303e+06	0	
424	0.0903388	2.70979e-05	0.0903117	0	1.20016e+07	3600	1.1998e+07	0	
425	0.0141645	3.31949e-06	0.0141612	0	1.88178e+06	441	1.88134e+06	0	
426	0.0284257	2.71731e-06	0.028423	0	3.77641e+06	361	3.77604e+06	0	
427	0.0285531	2.71731e-06	0.0285504	0	3.79333e+06	361	3.79297e+06	0	
428	0.010997	2.17535e-06	0.0109949	0	1.46098e+06	289	1.46069e+06	0	
429	0.12269	4.93859e-05	0.12264	0	1.62996e+07	6561	1.6293e+07	0	
430	0.0440517	6.33037e-06	0.0439814	6.3755e-05	5.85234e+06	841	5.843e+06	8469.96	
431	0.0803041	2.11438e-05	0.0802829	0	1.06685e+07	2809	1.06657e+07	0	
432	0.0269648	2.71731e-06	0.0269621	0	3.58232e+06	361	3.58196e+06	0	
433	0.0217884	1.69361e-06	0.0217867	0	2.89463e+06	225	2.8944e+06	0	
434	0.0487967	7.70784e-06	0.048781	7.83695e-06	6.48272e+06	1024	6.48063e+06	1041.15	
435	0.0331297	3.64316e-06	0.033125	8.03442e-07	4.40133e+06	484	4.40072e+06	106.738	
436	0.0701802	1.66275e-05	0.0701636	0	9.32356e+06	2209	9.32134e+06	0	
437	0.0258777	2.17535e-06	0.0258744	9.45804e-07	3.43789e+06	289	3.43746e+06	125.651	
438	0.0379742	5.08838e-06	0.0379691	0	5.04494e+06	676	5.04426e+06	0	
439	0.0822459	2.19493e-05	0.0822208	2.99439e-06	1.09265e+07	2916	1.09231e+07	397.81	
440	0.0206871	1.69361e-06	0.0206849	2.86985e-07	2.74831e+06	225	2.74803e+06	38.1265	
441	0.0258055	2.17535e-06	0.0258033	0	3.4283e+06	289	3.42801e+06	0	
442	0.0589084	1.14488e-05	0.058896	7.46099e-07	7.82607e+06	1521	7.82443e+06	99.1205	
443	0.0696654	1.73426e-05	0.069646	1.90206e-06	9.25516e+06	2304	9.25258e+06	252.691	
444	0.0368462	2.53214e-05	0.0368209	0	4.89508e+06	3364	4.89172e+06	0	
445	0.164979	9.95471e-05	0.164879	0	2.19177e+07	13225	2.19045e+07	0	
446	0.03064	3.01087e-06	0.0306369	0	4.07057e+06	400	4.07017e+06	0	
447	0.0257433	2.17535e-06	0.0257409	1.16126e-07	3.42005e+06	289	3.41972e+06	15.4275	
448	0.0517856	9.75524e-06	0.0517757	3.49941e-08	6.87981e+06	1296	6.87849e+06	4.64903	
449	0.0732386	1.73426e-05	0.0732208	2.50455e-07	9.72987e+06	2304	9.72751e+06	33.2734	
450	0.87198	0.00285623	0.869123	0	1.15843e+08	379456	1.15464e+08	0	
451	0.058615	1.32779e-05	0.0586018	0	7.7871e+06	1764	7.78534e+06	0	
452	0.0903641	2.98754e-05	0.0903342	0	1.2005e+07	3969	1.2001e+07	0	
453	0.269203	0.000233162	0.268967	2.64483e-06	3.5764e+07	30976	3.57327e+07	351.37	
454	0.119841	5.82905e-05	0.119782	0	1.5921e+07	7744	1.59133e+07	0	
455	0.0288936	3.01087e-06	0.0288906	0	3.83856e+06	400	3.83816e+06	0	
456	0.0834407	2.27697e-05	0.0834166	1.19198e-06	1.10852e+07	3025	1.1082e+07	158.357	
457	0.0326545	3.64316e-06	0.0326508	0	4.3382e+06	484	4.33771e+06	0	
458	0.0794383	2.03535e-05	0.0794145	3.31293e-06	1.05535e+07	2704	1.05503e+07	440.128	
459	0.0274322	2.71731e-06	0.0274295	0	3.64441e+06	361	3.64405e+06	0	
460	0.0631714	1.45726e-05	0.0631568	0	8.39242e+06	1936	8.39049e+06	0	
461	0.373274	0.000459226	0.372814	1.32878e-07	4.959e+07	61009	4.9529e+07	17.6531	
462	0.0416018	5.90132e-06	0.0415958	0	5.52686e+06	784	5.52607e+06	0	
463	0.0626788	1.26532e-05	0.0626661	0	8.32698e+06	1681	8.3253e+06	0	
464	0.0457634	6.77447e-06	0.0457565	0	6.07975e+06	900	6.07883e+06	0	
465	0.0513132	8.19711e-06	0.0511207	0.000184052	6.81704e+06	1089	6.79148e+06	24451.6	
466	0.0239426	1.92696e-06	0.0239406	0	3.18081e+06	256	3.18055e+06	0	
467	0.0280819	2.71731e-06	0.0280789	1.90784e-07	3.73073e+06	361	3.73032e+06	25.346	
468	0.0626506	1.26532e-05	0.062638	0	8.32324e+06	1681	8.32156e+06	0	
469	0.0792193	2.27697e-05	0.0791965	0	1.05244e+07	3025	1.05213e+07	0	
470	0.0247	2.17535e-06	0.0246978	0	3.28143e+06	289	3.28115e+06	0	
471	0.0670716	1.52425e-05	0.0670564	0	8.91057e+06	2025	8.90855e+06	0	
472	0.0483433	8.19711e-06	0.0483349	0	6.42248e+06	1089	6.42137e+06	0	
473	0.0305951	3.01087e-06	0.0305921	0	4.06461e+06	400	4.06421e+06	0	
474	0.0955751	3.27884e-05	0.0955424	0	1.26973e+07	4356	1.26929e+07	0	
475	0.0227467	1.69361e-06	0.022745	0	3.02194e+06	225	3.02171e+06	0	
476	0.0407526	5.48732e-06	0.0407471	0	5.41405e+06	729	5.41332e+06	0	
477	0.107475	4.01124e-05	0.107435	0	1.42783e+07	5329	1.4273e+07	0	
478	0.0300362	3.01087e-06	0.0300332	0	3.99036e+06	400	3.98996e+06	0	
479	0.0246742	1.92696e-06	0.024672	1.75035e-07	3.27801e+06	256	3.27771e+06	23.2537	
480	0.205727	0.000137183	0.20559	0	2.73312e+07	18225	2.7313e+07	0	
481	0.0770642	2.27697e-05	0.0770414	0	1.02381e+07	3025	1.0235e+07	0	
482	0.0505653	9.22081e-06	0.0505561	0	6.71768e+06	1225	6.71646e+06	0	
483	0.0350676	3.98188e-06	0.0350636	0	4.65879e+06	529	4.65826e+06	0	
484	0.0276349	2.71731e-06	0.0276322	0	3.67135e+06	361	3.67098e+06	0	
485	0.128171	5.43839e-05	0.128116	0	1.70277e+07	7225	1.70205e+07	0	
486	0.183121	0.000121406	0.182999	0	2.43279e+07	16129	2.43118e+07	0	
487	0.0276304	3.01087e-06	0.0276274	0	3.67074e+06	400	3.67034e+06	0	
488	0.036388	4.70449e-06	0.0363833	0	4.83421e+06	625	4.83358e+06	0	
489	0.180146	0.000112034	0.180034	0	2.39327e+07	14884	2.39179e+07	0	
490	0.233743	0.00018084	0.233562	0	3.10531e+07	24025	3.10291e+07	0	
491	0.0885053	2.36052e-05	0.0884776	3.88428e-06	1.1758e+07	3136	1.17543e+07	516.033	
492	0.0263867	2.17535e-06	0.0263818	2.47398e-06	3.50551e+06	289	3.50487e+06	328.672	
493	0.050667	7.70784e-06	0.0506592	0	6.73119e+06	1024	6.73016e+06	0	
494	0.0821854	2.27697e-05	0.0821626	0	1.09184e+07	3025	1.09154e+07	0	
495	0.0647308	1.26532e-05	0.0647174	5.81375e-07	8.59959e+06	1681	8.59781e+06	77.2366	
496	0.100615	3.18023e-05	0.100583	0	1.33669e+07	4225	1.33627e+07	0	
497	0.0379993	5.08838e-06	0.0379943	0	5.04828e+06	676	5.0476e+06	0	
498	0.0415544	5.48732e-06	0.0415489	0	5.52057e+06	729	5.51984e+06	0	
499	0.044984	7.23363e-06	0.0449768	0	5.9762e+06	961	5.97524e+06	0	
500	0.0336188	3.64316e-06	0.0336151	0	4.46631e+06	484	4.46582e+06	0	
501	0.411415	0.000504931	0.41091	0	5.46571e+07	67081	5.459e+07	0	
502	0.0253741	1.92696e-06	0.0253522	1.97412e-05	3.37099e+06	256	3.36809e+06	2622.65	
503	0.0268592	2.17535e-06	0.0268552	1.70123e-06	3.56829e+06	289	3.56775e+06	226.012	
504	0.0360999	3.98188e-06	0.0360904	5.38039e-06	4.79593e+06	529	4.79467e+06	714.794	
505	0.216436	0.000139223	0.216297	1.90443e-07	2.87539e+07	18496	2.87354e+07	25.3007	
506	0.123094	4.46287e-05	0.123048	1.52546e-06	1.63533e+07	5929	1.63471e+07	202.66	
507	0.0283956	2.43881e-06	0.0283916	1.42256e-06	3.7724e+06	324	3.77187e+06	188.989	
508	0.0263566	1.20435e-05	0.0263446	0	3.50152e+06	1600	3.49992e+06	0	
509	3.37124	0.0369634	3.33426	1.2645e-05	4.47875e+08	4.91065e+06	4.42962e+08	1679.91	
510	0.030159	3.01087e-06	0.0301559	0	4.00668e+06	400	4.00626e+06	0	
511	0.0669737	1.32779e-05	0.0669604	0	8.89756e+06	1764	8.89579e+06	0	
512	0.155339	7.08233e-05	0.155233	3.46886e-05	2.0637e+07	9409	2.0623e+07	4608.44	
513	0.0248264	2.17535e-06	0.0248242	0	3.29823e+06	289	3.29794e+06	0	
514	0.0248198	2.17535e-06	0.0248176	0	3.29735e+06	289	3.29706e+06	0	
515	0.0300416	2.71731e-06	0.0300389	0	3.99108e+06	361	3.99072e+06	0	
516	0.0124012	2.43881e-06	0.0123987	0	1.64752e+06	324	1.64719e+06	0	
517	0.0249816	1.92696e-06	0.0249797	0	3.31885e+06	256	3.31859e+06	0	
518	0.557273	0.00109265	0.55618	0	7.40346e+07	145161	7.38894e+07	0	
519	0.0566238	1.03047e-05	0.0566135	0	7.52257e+06	1369	7.52119e+06	0	
520	0.0283421	2.71731e-06	0.0283393	0	3.76529e+06	361	3.76493e+06	0	
521	0.0385944	4.70449e-06	0.0385897	0	5.12733e+06	625	5.12671e+06	0	
522	0.0154437	5.48732e-06	0.0154382	0	2.05172e+06	729	2.051e+06	0	
523	0.0451749	6.77447e-06	0.0451681	0	6.00156e+06	900	6.00066e+06	0	
524	0.0153297	4.33566e-06	0.0153253	0	2.03657e+06	576	2.036e+06	0	
525	0.0110229	1.92696e-06	0.011021	0	1.46441e+06	256	1.46416e+06	0	
526	0.0805947	2.03535e-05	0.0805735	6.81313e-07	1.07071e+07	2704	1.07043e+07	90.5135	
527	0.0512104	7.70784e-06	0.0512027	0	6.80338e+06	1024	6.80236e+06	0	
528	0.0316167	3.31949e-06	0.0316134	0	4.20033e+06	441	4.19989e+06	0	
529	0.0626462	1.20435e-05	0.0626331	8.9404e-07	8.32264e+06	1600	8.3209e+06	118.774	
530	0.0272169	2.17535e-06	0.0272148	0	3.61582e+06	289	3.61553e+06	0	
531	0.0354606	3.64316e-06	0.0354569	0	4.711e+06	484	4.71051e+06	0	
532	0.0233492	1.69361e-06	0.0233475	0	3.10198e+06	225	3.10176e+06	0	
533	0.0855144	2.11438e-05	0.0854867	6.36401e-06	1.13607e+07	2809	1.1357e+07	845.47	
534	0.121728	4.8174e-05	0.121679	2.76602e-08	1.61717e+07	6400	1.61653e+07	3.6747	
535	0.0417111	5.08838e-06	0.0416968	9.08333e-06	5.54139e+06	676	5.53949e+06	1206.73	
536	0.0108237	1.92696e-06	0.0108218	0	1.43795e+06	256	1.43769e+06	0	
537	0.098505	2.80086e-05	0.0984762	6.93378e-07	1.30865e+07	3721	1.30827e+07	92.1163	
538	0.0330112	3.64316e-06	0.0330075	0	4.38559e+06	484	4.38511e+06	0	
539	0.0244102	1.92696e-06	0.0244083	0	3.24294e+06	256	3.24268e+06	0	
540	0.0398718	5.48732e-06	0.0398663	0	5.29704e+06	729	5.2963e+06	0	
541	0.0601942	1.03047e-05	0.0601827	9.94863e-07	7.9969e+06	1369	7.99537e+06	132.169	
542	0.00370601	2.17535e-06	0.00370384	0	492350	289	492061	0	
543	0.0236112	1.69361e-06	0.0236094	0	3.13679e+06	225	3.13655e+06	0	
544	0.104253	3.08313e-05	0.104058	0.000164188	1.38502e+07	4096	1.38243e+07	21812.7	
545	0.0244296	1.69361e-06	0.0244145	1.31971e-05	3.24551e+06	225	3.24351e+06	1753.25	
546	0.282848	0.000227893	0.28262	0	3.75768e+07	30276	3.75466e+07	0	
547	0.0557753	9.22081e-06	0.055766	0	7.40984e+06	1225	7.40861e+06	0	
548	0.032561	3.01087e-06	0.032558	0	4.32579e+06	400	4.32539e+06	0	
549	0.062372	1.08692e-05	0.0622957	6.51945e-05	8.28622e+06	1444	8.27609e+06	8661.2	
550	0.081507	2.19493e-05	0.081485	0	1.08283e+07	2916	1.08254e+07	0	
551	0.026434	2.17535e-06	0.0264313	4.0919e-07	3.5118e+06	289	3.51144e+06	54.3616	
552	0.0559995	9.22081e-06	0.0559897	4.10965e-07	7.43963e+06	1225	7.43832e+06	54.5974	
553	0.0420721	5.90132e-06	0.0420656	4.03824e-07	5.58935e+06	784	5.58849e+06	53.6487	
554	0.0274826	2.43881e-06	0.0274801	0	3.6511e+06	324	3.65078e+06	0	
555	0.145403	6.51027e-05	0.145338	0	1.93171e+07	8649	1.93084e+07	0	
556	0.0338685	3.31949e-06	0.0338651	0	4.49948e+06	441	4.49904e+06	0	
557	0.0639739	1.20435e-05	0.0639618	0	8.49903e+06	1600	8.49743e+06	0	
558	0.0468522	7.23363e-06	0.0468449	0	6.22439e+06	961	6.22342e+06	0	
559	0.0317257	3.64316e-06	0.0317221	0	4.21482e+06	484	4.21433e+06	0	
560	0.0286538	2.71731e-06	0.0286507	1.37942e-07	3.8067e+06	361	3.8063e+06	18.3258	
561	0.030744	3.01087e-06	0.030741	0	4.0844e+06	400	4.084e+06	0	
562	0.0268604	2.17535e-06	0.0268582	0	3.56845e+06	289	3.56816e+06	0	
563	0.0263182	1.92696e-06	0.026296	2.01091e-05	3.49642e+06	256	3.49347e+06	2671.53	
564	0.025798	2.17535e-06	0.0257958	0	3.42731e+06	289	3.42702e+06	0	
565	0.125304	4.46287e-05	0.12526	0	1.66469e+07	5929	1.66409e+07	0	
566	0.0255768	1.92696e-06	0.0255748	0	3.39792e+06	256	3.39766e+06	0	
567	0.324273	0.000367635	0.323883	2.15914e-05	4.30802e+07	48841	4.30284e+07	2868.45	
568	0.0670974	1.45726e-05	0.0670827	0	8.914e+06	1936	8.91205e+06	0	
569	0.0309253	3.01087e-06	0.0309223	0	4.10848e+06	400	4.10808e+06	0	
570	0.104446	3.27884e-05	0.104414	0	1.38759e+07	4356	1.38715e+07	0	
571	0.0458609	6.33037e-06	0.0458545	0	6.09269e+06	841	6.09185e+06	0	
572	0.0812357	1.95782e-05	0.0812149	1.08032e-06	1.07922e+07	2601	1.07895e+07	143.523	
573	0.0108079	5.08838e-06	0.0108029	0	1.43585e+06	676	1.43518e+06	0	
574	0.0276966	2.43881e-06	0.0276941	0	3.67954e+06	324	3.67921e+06	0	
575	0.150477	6.37101e-05	0.150413	4.47242e-07	1.99912e+07	8464	1.99826e+07	59.4169	
576	0.0655548	1.32779e-05	0.0655415	0	8.70906e+06	1764	8.7073e+06	0	
577	0.0386341	4.70449e-06	0.0386294	0	5.13261e+06	625	5.13198e+06	0	
578	0.0236362	1.69361e-06	0.0236345	0	3.14011e+06	225	3.13989e+06	0	
579	0.084133	1.95782e-05	0.0841134	0	1.11772e+07	2601	1.11746e+07	0	
580	0.0349846	3.64316e-06	0.034981	0	4.64777e+06	484	4.64728e+06	0	
581	0.0372602	4.70449e-06	0.0372555	0	4.95008e+06	625	4.94946e+06	0	
582	0.501122	0.000695633	0.500426	1.01837e-06	6.65749e+07	92416	6.64824e+07	135.293	
583	0.0307867	2.71731e-06	0.0307775	6.30138e-06	4.09006e+06	361	4.08884e+06	837.148	
584	0.061454	1.08692e-05	0.0614431	0	8.16426e+06	1444	8.16282e+06	0	
585	0.342576	0.000405143	0.342171	0	4.55118e+07	53824	4.5458e+07	0	
586	0.0263993	1.92696e-06	0.0263911	6.10125e-06	3.50719e+06	256	3.5061e+06	810.561	
587	0.0257276	1.92696e-06	0.0257257	0	3.41795e+06	256	3.4177e+06	0	
588	0.0109995	1.92696e-06	0.0109975	0	1.4613e+06	256	1.46104e+06	0	
589	0.11973	4.23404e-05	0.119688	1.04395e-07	1.59064e+07	5625	1.59007e+07	13.8691	
590	0.0274062	2.17535e-06	0.0274038	6.75315e-09	3.64096e+06	289	3.64064e+06	0.897167	
591	0.0223709	1.69361e-06	0.022361	8.01616e-06	2.97201e+06	225	2.9707e+06	1064.96	
592	0.0516067	7.70784e-06	0.051585	1.38818e-05	6.85604e+06	1024	6.85315e+06	1844.23	
593	0.0342152	4.12189e-05	0.034174	0	4.54554e+06	5476	4.54007e+06	0	
594	0.0340587	3.31949e-06	0.0340554	0	4.52475e+06	441	4.52431e+06	0	
595	0.0659149	1.26532e-05	0.0658989	3.19559e-06	8.75691e+06	1681	8.75478e+06	424.539	
596	0.0299669	2.71731e-06	0.0299642	0	3.98115e+06	361	3.98079e+06	0	
597	0.0474951	6.33037e-06	0.0474888	0	6.3098e+06	841	6.30896e+06	0	
598	0.0549792	8.70143e-06	0.0549704	0	7.30407e+06	1156	7.30291e+06	0	
599	0.0325619	3.01087e-06	0.0325579	7.94208e-07	4.3259e+06	400	4.32537e+06	105.511	
600	0.0387785	5.08838e-06	0.0387734	0	5.15179e+06	676	5.15111e+06	0	
601	0.0388184	4.33566e-06	0.0388138	4.49241e-08	5.15709e+06	576	5.15648e+06	5.96825	
602	0.158109	7.08233e-05	0.158038	4.20188e-08	2.10051e+07	9409	2.09957e+07	5.58227	
603	0.0279206	2.17535e-06	0.0279162	2.07183e-06	3.7093e+06	289	3.70872e+06	275.246	
604	0.0186981	5.48732e-06	0.0186927	0	2.48408e+06	729	2.48335e+06	0	
605	0.0483317	6.77447e-06	0.0483249	0	6.42095e+06	900	6.42005e+06	0	
606	0.0283258	2.17535e-06	0.02832	3.38549e-06	3.76312e+06	289	3.76236e+06	449.768	
607	0.167316	8.29873e-05	0.167227	5.71267e-06	2.22282e+07	11025	2.22164e+07	758.937	
608	0.00658151	9.75524e-06	0.00657175	0	874364	1296	873068	0	
609	0.047364	5.90132e-06	0.0473578	1.5989e-07	6.29239e+06	784	6.29156e+06	21.2416	
610	0.0258693	1.92696e-06	0.0258674	0	3.43678e+06	256	3.43653e+06	0	
611	0.0531312	7.70784e-06	0.0530966	2.67759e-05	7.05857e+06	1024	7.05396e+06	3557.22	
612	0.0244382	1.69361e-06	0.0244365	0	3.24665e+06	225	3.24643e+06	0	
613	0.0291002	2.43881e-06	0.0290977	0	3.866e+06	324	3.86568e+06	0	
614	0.0745207	1.59275e-05	0.0745033	1.33621e-06	9.9002e+06	2116	9.89789e+06	177.518	
615	0.0242591	1.69361e-06	0.0242293	2.79036e-05	3.22286e+06	225	3.21891e+06	3707.03	
616	0.036313	3.64316e-06	0.0363079	1.22996e-06	4.82424e+06	484	4.82357e+06	163.402	
617	0.0950714	2.44558e-05	0.0950469	0	1.26303e+07	3249	1.26271e+07	0	
618	0.0242627	1.69361e-06	0.0242576	3.24291e-06	3.22334e+06	225	3.22266e+06	430.825	
619	0.0323238	3.01087e-06	0.0323208	0	4.29427e+06	400	4.29387e+06	0	
620	0.0622024	1.03047e-05	0.0621921	0	8.26369e+06	1369	8.26232e+06	0	
621	0.0272343	1.39177e-05	0.0272204	0	3.61812e+06	1849	3.61627e+06	0	
622	0.0640093	1.08692e-05	0.0639392	5.9063e-05	8.50374e+06	1444	8.49443e+06	7846.61	
623	0.153934	6.93706e-05	0.153864	0	2.04504e+07	9216	2.04411e+07	0	
624	0.0322352	3.01087e-06	0.0322322	0	4.28251e+06	400	4.2821e+06	0	
625	0.0668215	1.32779e-05	0.0667419	6.61333e-05	8.87734e+06	1764	8.86677e+06	8785.92	
626	0.0462864	6.33037e-06	0.0462801	0	6.14923e+06	841	6.14838e+06	0	
627	0.042634	6.77447e-06	0.0426272	0	5.66399e+06	900	5.66309e+06	0	
628	0.0596018	1.08692e-05	0.0595909	0	7.91819e+06	1444	7.91675e+06	0	
629	0.00939121	3.01087e-06	0.00938819	0	1.24763e+06	400	1.24723e+06	0	
630	0.0545325	1.08692e-05	0.0545216	0	7.24473e+06	1444	7.24328e+06	0	
631	0.0249072	1.92696e-06	0.024905	5.44894e-08	3.30896e+06	256	3.30867e+06	7.239	
632	0.182409	9.44211e-05	0.182314	0	2.42333e+07	12544	2.42208e+07	0	
633	0.0822196	2.44558e-05	0.0821952	0	1.0923e+07	3249	1.09197e+07	0	
634	0.0402028	5.08838e-06	0.0401977	0	5.341e+06	676	5.34033e+06	0	
635	0.0872633	2.36052e-05	0.0872226	1.69193e-05	1.1593e+07	3136	1.15876e+07	2247.76	
636	0.0806481	2.11438e-05	0.080627	0	1.07142e+07	2809	1.07114e+07	0	
637	0.0576455	9.75524e-06	0.0576334	2.16453e-06	7.6583e+06	1296	7.65669e+06	287.562	
638	0.281526	0.00028038	0.281246	0	3.74013e+07	37249	3.7364e+07	0	
639	0.0292877	3.01087e-06	0.0292841	4.00267e-07	3.89091e+06	400	3.89044e+06	53.1761	
640	0.067713	1.59275e-05	0.0676968	5.14958e-08	8.99578e+06	2116	8.99363e+06	6.84131	
641	0.0600606	1.39177e-05	0.0600466	0	7.97914e+06	1849	7.97729e+06	0	
642	0.378736	0.000485624	0.37825	7.69543e-07	5.03158e+07	64516	5.02511e+07	102.235	
643	0.0643582	1.45726e-05	0.0643203	2.30875e-05	8.55009e+06	1936	8.54506e+06	3067.22	
644	0.027958	2.17535e-06	0.027948	7.69062e-06	3.71427e+06	289	3.71294e+06	1021.71	
645	0.111142	4.8174e-05	0.111094	0	1.47655e+07	6400	1.47591e+07	0	
646	0.043437	7.23363e-06	0.0434298	0	5.77068e+06	961	5.76972e+06	0	
647	0.0472163	7.70784e-06	0.0472084	0	6.27276e+06	1024	6.27172e+06	0	
648	0.0335273	3.64316e-06	0.0335236	0	4.45416e+06	484	4.45367e+06	0	
649	0.0551185	9.75524e-06	0.0551087	0	7.32258e+06	1296	7.32129e+06	0	
650	0.109121	4.23404e-05	0.109079	0	1.44969e+07	5625	1.44913e+07	0	
651	0.017153	8.70143e-06	0.0171443	0	2.27881e+06	1156	2.27765e+06	0	
652	0.025706	2.17535e-06	0.0257039	0	3.41509e+06	289	3.4148e+06	0	
653	0.174063	0.000113878	0.173948	1.33589e-06	2.31246e+07	15129	2.31093e+07	177.475	
654	0.0628086	1.45726e-05	0.062794	0	8.34423e+06	1936	8.34229e+06	0	
655	0.0294302	3.64316e-06	0.0294265	0	3.90985e+06	484	3.90936e+06	0	
656	0.0390761	6.33037e-06	0.039067	2.62358e-06	5.19133e+06	841	5.19012e+06	348.547	
657	0.0701692	1.52425e-05	0.0701497	4.11552e-06	9.3221e+06	2025	9.3195e+06	546.754	
658	0.263369	0.000227893	0.263141	0	3.4989e+07	30276	3.49587e+07	0	
659	0.106039	3.79445e-05	0.106001	0	1.40875e+07	5041	1.40824e+07	0	
660	0.279219	0.00026041	0.278958	2.55442e-07	3.70947e+07	34596	3.70601e+07	33.936	
661	0.0220729	1.69361e-06	0.0220712	0	2.93243e+06	225	2.9322e+06	0	
662	0.0502343	8.70143e-06	0.0502256	0	6.67372e+06	1156	6.67256e+06	0	
663	0.0745544	1.88179e-05	0.0745252	1.02298e-05	9.90467e+06	2500	9.90079e+06	1359.04	
664	0.0662488	1.59275e-05	0.0662328	0	8.80126e+06	2116	8.79914e+06	0	
665	2.42859	0.0228417	2.40575	0	3.22642e+08	3.03456e+06	3.19608e+08	0	
666	0.143179	7.3774e-05	0.143105	0	1.90216e+07	9801	1.90118e+07	0	
667	0.0230684	1.92696e-06	0.0230664	0	3.06467e+06	256	3.06441e+06	0	
668	0.0548717	1.03047e-05	0.0548614	0	7.28979e+06	1369	7.28842e+06	0	
669	0.134733	6.65102e-05	0.134667	0	1.78995e+07	8836	1.78907e+07	0	
670	0.0690456	1.66275e-05	0.069029	0	9.17282e+06	2209	9.17061e+06	0	
671	0.0354521	3.98188e-06	0.0354473	7.00449e-07	4.70987e+06	529	4.70923e+06	93.0558	
672	0.176685	0.000115738	0.176569	0	2.34729e+07	15376	2.34575e+07	0	
673	0.0558541	9.22081e-06	0.0558449	0	7.42031e+06	1225	7.41909e+06	0	
674	0.0731767	1.59275e-05	0.0731607	0	9.72164e+06	2116	9.71952e+06	0	
675	0.0313878	3.31949e-06	0.0313845	0	4.16992e+06	441	4.16948e+06	0	
676	0.1657	8.94306e-05	0.165607	3.4018e-06	2.20135e+07	11881	2.20011e+07	451.935	
677	0.024314	2.17535e-06	0.0243119	0	3.23016e+06	289	3.22987e+06	0	
678	0.097496	3.48057e-05	0.0974612	0	1.29525e+07	4624	1.29478e+07	0	
679	0.0491164	7.70784e-06	0.0491083	2.07787e-07	6.52519e+06	1024	6.52412e+06	27.6049	
680	0.0707722	1.52425e-05	0.0707325	2.42465e-05	9.4022e+06	2025	9.39693e+06	3221.19	
681	0.010945	1.92696e-06	0.0109431	0	1.45406e+06	256	1.45381e+06	0	
682	0.0266954	2.43881e-06	0.0266929	0	3.54652e+06	324	3.54619e+06	0	
683	0.0904765	2.98754e-05	0.0904467	0	1.20199e+07	3969	1.20159e+07	0	
684	0.0478448	8.19711e-06	0.0478365	0	6.35626e+06	1089	6.35516e+06	0	
685	0.0225574	1.69361e-06	0.0225553	2.9664e-07	2.99679e+06	225	2.9965e+06	39.4091	
686	0.0247326	2.17535e-06	0.0247305	0	3.28577e+06	289	3.28548e+06	0	
687	0.0256683	2.17535e-06	0.0256651	8.76956e-07	3.41007e+06	289	3.40965e+06	116.505	
688	0.150222	7.9856e-05	0.150142	0	1.99573e+07	10609	1.99467e+07	0	
689	0.454262	0.000677447	0.453574	1.00034e-05	6.03495e+07	90000	6.02581e+07	1328.97	
690	0.0727097	1.95782e-05	0.0726901	0	9.6596e+06	2601	9.657e+06	0	
691	5.81082	0.123221	5.68759	8.08563e-06	7.71976e+08	1.63701e+07	7.55605e+08	1074.19	
692	0.0751951	1.95782e-05	0.0751746	8.19942e-07	9.9898e+06	2601	9.98706e+06	108.93	
693	0.0260589	2.43881e-06	0.0260565	0	3.46197e+06	324	3.46165e+06	0	
694	0.24914	0.000233162	0.248907	0	3.30987e+07	30976	3.30677e+07	0	
695	0.0208663	2.17535e-06	0.0208641	0	2.77212e+06	289	2.77183e+06	0	
696	0.0353222	4.70449e-06	0.0353171	2.78607e-07	4.69261e+06	625	4.69193e+06	37.0134	
697	0.121167	4.93859e-05	0.121118	0	1.60973e+07	6561	1.60907e+07	0	
698	0.0450826	6.33037e-06	0.0450763	0	5.9893e+06	841	5.98846e+06	0	
699	0.0306808	3.31949e-06	0.0306745	2.84384e-06	4.076e+06	441	4.07516e+06	377.809	
700	0.0397025	5.48732e-06	0.039697	0	5.27454e+06	729	5.27381e+06	0	
701	0.0641328	1.59275e-05	0.0641168	0	8.52014e+06	2116	8.51803e+06	0	
702	0.054646	9.22081e-06	0.0546368	0	7.25981e+06	1225	7.25859e+06	0	
703	0.0292509	3.31949e-06	0.0292475	0	3.88602e+06	441	3.88558e+06	0	
704	0.094983	2.80086e-05	0.094955	0	1.26186e+07	3721	1.26149e+07	0	
705	0.0278519	3.01087e-06	0.0278489	0	3.70017e+06	400	3.69977e+06	0	
706	0.0245801	2.71731e-06	0.0245773	0	3.2655e+06	361	3.26514e+06	0	
707	0.0238123	1.69361e-06	0.0237913	1.91169e-05	3.1635e+06	225	3.16071e+06	2539.71	
708	0.0328135	4.33566e-06	0.0328091	0	4.35932e+06	576	4.35875e+06	0	
709	0.0737241	1.80727e-05	0.0737022	3.75126e-06	9.79437e+06	2401	9.79145e+06	498.361	
710	0.139645	6.37101e-05	0.13958	1.59018e-06	1.85521e+07	8464	1.85434e+07	211.258	
711	0.0322456	3.31949e-06	0.0322422	0	4.28389e+06	441	4.28343e+06	0	
712	0.0587294	1.08692e-05	0.0586852	3.31682e-05	7.8023e+06	1444	7.79643e+06	4406.46	
713	0.0238898	1.69361e-06	0.0238049	8.30425e-05	3.17379e+06	225	3.16252e+06	11032.3	
714	0.0515978	9.75524e-06	0.0515878	1.17448e-07	6.85485e+06	1296	6.85352e+06	15.6032	
715	0.0452972	8.70143e-06	0.0452885	0	6.01781e+06	1156	6.01665e+06	0	
716	0.0331865	3.64316e-06	0.0331829	0	4.40888e+06	484	4.4084e+06	0	
717	0.0315451	3.31949e-06	0.0315417	0	4.19081e+06	441	4.19037e+06	0	
718	0.382939	0.000481808	0.382453	4.02727e-06	5.08741e+07	64009	5.08095e+07	535.03	
719	0.0231054	1.69361e-06	0.0231028	7.72047e-07	3.06959e+06	225	3.06924e+06	102.567	
720	0.029129	3.31949e-06	0.0291255	7.18702e-09	3.86983e+06	441	3.86937e+06	0.954807	
721	0.0331526	4.70449e-06	0.0331479	0	4.40438e+06	625	4.40375e+06	0	
722	0.370475	0.000548725	0.369926	0	4.92182e+07	72899	4.91453e+07	0	
723	0.0259057	2.71731e-06	0.0259019	8.65968e-07	3.44161e+06	361	3.44112e+06	115.045	
724	0.0375912	4.70449e-06	0.0375865	0	4.99405e+06	625	4.99342e+06	0	
725	0.0492592	9.75524e-06	0.0492495	0	6.54417e+06	1296	6.54287e+06	0	
726	0.0318562	3.98188e-06	0.0318522	0	4.23215e+06	529	4.23162e+06	0	
727	0.0264147	3.01087e-06	0.0264117	0	3.50923e+06	400	3.50883e+06	0	
728	0.0390082	5.90132e-06	0.0390022	0	5.1823e+06	784	5.18151e+06	0	
729	0.076993	2.36052e-05	0.0769694	0	1.02286e+07	3136	1.02255e+07	0	
730	0.228172	0.000192696	0.227979	6.19752e-07	3.03131e+07	25600	3.02874e+07	82.3351	
731	0.0665925	1.80727e-05	0.0665744	0	8.84692e+06	2401	8.84452e+06	0	
732	0.631115	0.00134683	0.629761	6.82432e-06	8.38446e+07	178929	8.36648e+07	906.622	
733	0.0721968	1.80727e-05	0.0721677	1.08705e-05	9.59147e+06	2401	9.5876e+06	1444.16	
734	0.0268271	2.43881e-06	0.026807	1.74897e-05	3.56402e+06	324	3.56135e+06	2323.54	
735	0.132359	0.00110993	0.131249	0	1.75842e+07	147456	1.74367e+07	0	
736	0.0500509	8.70143e-06	0.0500422	0	6.64935e+06	1156	6.64819e+06	0	
737	0.0491266	8.19711e-06	0.049114	4.21539e-06	6.52655e+06	1089	6.52488e+06	560.022	
738	0.0230891	8.19711e-06	0.0230809	0	3.06742e+06	1089	3.06633e+06	0	
739	0.0827367	2.36052e-05	0.0827131	0	1.09917e+07	3136	1.09885e+07	0	
740	0.0270873	2.43881e-06	0.0270285	5.61565e-05	3.59859e+06	324	3.59079e+06	7460.49	
741	0.129421	5.82905e-05	0.129363	0	1.71938e+07	7744	1.7186e+07	0	
742	0.0385468	5.08838e-06	0.0385415	9.01437e-09	5.12101e+06	676	5.12031e+06	1.19757	
743	0.749903	0.00361492	0.746286	1.4646e-06	9.96258e+07	480249	9.91453e+07	194.574	
744	0.0293799	3.18023e-05	0.0293481	0	3.90317e+06	4225	3.89894e+06	0	
745	1.67332	0.0181775	1.65514	5.17824e-07	2.22304e+08	2.41491e+06	2.19889e+08	68.7938	
746	0.0271678	4.70449e-06	0.027163	0	3.60929e+06	625	3.60865e+06	0	
747	0.0839259	4.69772e-05	0.083879	0	1.11497e+07	6241	1.11434e+07	0	
748	0.0543455	1.95782e-05	0.054323	2.71961e-06	7.21988e+06	2601	7.2169e+06	361.304	
749	0.0227732	1.03047e-05	0.0227629	0	3.02545e+06	1369	3.02408e+06	0	
750	0.00954152	3.31949e-06	0.0095382	0	1.2676e+06	441	1.26716e+06	0	
751	0.0117429	3.64316e-06	0.0117392	0	1.56006e+06	484	1.55957e+06	0	
752	0.0143653	8.19711e-06	0.0143571	0	1.90845e+06	1089	1.90736e+06	0	
753	0.13542	0.000298084	0.135122	0	1.79907e+07	39601	1.79511e+07	0	
754	0.0135449	7.70784e-06	0.0135372	0	1.79946e+06	1024	1.79844e+06	0	
755	0.00548807	5.08838e-06	0.00548299	0	729100	676	728424	0	
756	0.0186795	8.70143e-06	0.0186708	0	2.4816e+06	1156	2.48044e+06	0	
757	0.00840224	3.01087e-06	0.00839923	0	1.11625e+06	400	1.11585e+06	0	
758	0.00555475	1.14488e-05	0.0055433	0	737958	1521	736437	0	
759	0.00798314	3.31949e-06	0.00797982	0	1.06057e+06	441	1.06013e+06	0	
760	0.0142816	9.22081e-06	0.0142724	0	1.89733e+06	1225	1.89611e+06	0	
761	0.0261467	1.08692e-05	0.0261359	0	3.47364e+06	1444	3.47219e+06	0	
762	0.00995161	8.70143e-06	0.00994291	0	1.32208e+06	1156	1.32093e+06	0	
763	0.0299483	1.45726e-05	0.0299337	0	3.97868e+06	1936	3.97674e+06	0	
764	0.0194199	5.90132e-06	0.019414	0	2.57996e+06	784	2.57918e+06	0	
765	0.0164026	3.98188e-06	0.0163986	0	2.17911e+06	529	2.17858e+06	0	
766	0.032466	5.96229e-05	0.0324064	0	4.31317e+06	7921	4.30524e+06	0	
767	0.00334061	5.48732e-06	0.00333512	0	443806	729	443077	0	
768	0.00655185	2.71731e-06	0.00654913	0	870424	361	870063	0	
769	0.0531171	5.18548e-05	0.0530653	0	7.0567e+06	6889	7.04981e+06	0	
770	0.0126531	2.89345e-05	0.0126241	0	1.68098e+06	3844	1.67714e+06	0	
771	0.0216675	3.48057e-05	0.0216327	0	2.87857e+06	4624	2.87395e+06	0	
772	0.00473054	2.43881e-06	0.00472811	0	628461	324	628137	0	
773	0.00753645	3.64316e-06	0.0075328	0	1.00122e+06	484	1.00074e+06	0	
774	0.00446386	2.17535e-06	0.00446168	0	593031	289	592742	0	
775	0.00511405	2.17535e-06	0.00511187	0	679409	289	679120	0	
776	0.0179267	5.90132e-06	0.0179208	0	2.38159e+06	784	2.38081e+06	0	
777	0.0117039	1.03047e-05	0.0116936	0	1.55488e+06	1369	1.55351e+06	0	
778	0.00374201	1.69361e-06	0.00374031	0	497132	225	496907	0	
779	0.00857592	4.70449e-06	0.00857121	0	1.13932e+06	625	1.13869e+06	0	
780	0.00679688	3.31949e-06	0.00679356	0	902976	441	902535	0	
781	3.32309	0.148388	3.1747	0	4.41478e+08	1.97136e+07	4.21764e+08	0	
782	0.00480255	3.64316e-06	0.00479891	0	638027	484	637543	0	
783	0.0122979	1.20435e-05	0.0122859	0	1.6338e+06	1600	1.6322e+06	0	
784	0.00479258	1.69361e-06	0.00479089	0	636702	225	636477	0	
785	0.00473975	2.71731e-06	0.00473703	0	629683	361	629322	0	
786	0.00568076	3.01087e-06	0.00567775	0	754698	400	754298	0	
787	0.00486973	3.31949e-06	0.00486641	0	646952	441	646511	0	
788	0.00872096	5.90132e-06	0.00871506	0	1.15859e+06	784	1.1578e+06	0	
789	0.00277267	3.01087e-06	0.00276966	0	368354	400	367954	0	
790	0.0122974	2.17535e-06	0.0122952	0	1.63372e+06	289	1.63344e+06	0	
791	0.00778264	1.73426e-05	0.0077653	0	1.03393e+06	2304	1.03163e+06	0	
792	0.00626211	1.26532e-05	0.00624945	0	831931	1681	830250	0	
793	0.0029661	3.01087e-06	0.00296309	0	394052	400	393652	0	
794	0.0253477	2.80086e-05	0.0253197	0	3.36748e+06	3721	3.36376e+06	0	
795	0.013856	2.71731e-06	0.0138533	0	1.84079e+06	361	1.84043e+06	0	
796	0.00749183	1.45726e-05	0.00747726	0	995302	1936	993366	0	
797	0.00947625	1.69361e-06	0.00947456	0	1.25893e+06	225	1.25871e+06	0	
798	0.0104482	2.17535e-06	0.010446	0	1.38806e+06	289	1.38777e+06	0	
799	0.0141311	3.01087e-06	0.0141281	0	1.87734e+06	400	1.87694e+06	0	
800	0.0157241	3.31949e-06	0.0157208	0	2.08898e+06	441	2.08854e+06	0	
801	0.0134797	2.43881e-06	0.0134773	0	1.7908e+06	324	1.79048e+06	0	
802	0.0224641	6.77447e-06	0.0224573	0	2.98439e+06	900	2.98349e+06	0	
803	0.0203069	5.48732e-06	0.0203015	0	2.69781e+06	729	2.69708e+06	0	
804	0.0126567	2.43881e-06	0.0126542	0	1.68146e+06	324	1.68114e+06	0	
805	0.0809894	8.61788e-05	0.0809032	0	1.07595e+07	11449	1.07481e+07	0	
806	0.0242164	7.70784e-06	0.0242087	0	3.21719e+06	1024	3.21617e+06	0	
807	0.0136515	2.43881e-06	0.013649	0	1.81362e+06	324	1.8133e+06	0	
808	0.00855512	1.92696e-06	0.00855319	0	1.13656e+06	256	1.1363e+06	0	
809	0.0282134	1.03047e-05	0.0282031	0	3.7482e+06	1369	3.74683e+06	0	
810	0.0169418	5.90132e-06	0.0169359	0	2.25075e+06	784	2.24996e+06	0	
811	0.0204709	5.48732e-06	0.0204654	0	2.7196e+06	729	2.71887e+06	0	
812	0.0129484	2.17535e-06	0.0129463	0	1.72022e+06	289	1.71993e+06	0	
813	0.0088391	1.92696e-06	0.00883717	0	1.17428e+06	256	1.17403e+06	0	
814	0.010288	1.92696e-06	0.010286	0	1.36677e+06	256	1.36652e+06	0	
815	0.0115264	1.92696e-06	0.0115245	0	1.5313e+06	256	1.53105e+06	0	
816	0.0107787	1.92696e-06	0.0107768	0	1.43198e+06	256	1.43172e+06	0	
817	0.0114165	1.69361e-06	0.0114148	0	1.5167e+06	225	1.51647e+06	0	
818	0.0168272	3.64316e-06	0.0168236	0	2.23553e+06	484	2.23504e+06	0	
819	0.0130364	2.17535e-06	0.0130342	0	1.73191e+06	289	1.73162e+06	0	
820	0.0215004	5.90132e-06	0.0214945	0	2.85637e+06	784	2.85558e+06	0	
821	0.0267306	1.08692e-05	0.0267197	0	3.5512e+06	1444	3.54976e+06	0	
822	0.017679	3.98188e-06	0.0176751	0	2.34869e+06	529	2.34816e+06	0	
823	0.00756788	1.69361e-06	0.00756619	0	1.0054e+06	225	1.00518e+06	0	
824	0.0112377	1.92696e-06	0.0112358	0	1.49295e+06	256	1.49269e+06	0	
825	0.0218767	7.23363e-06	0.0218695	0	2.90636e+06	961	2.90539e+06	0	
826	0.0166128	3.64316e-06	0.0166091	0	2.20704e+06	484	2.20655e+06	0	
827	0.0115718	1.69361e-06	0.0115701	0	1.53734e+06	225	1.53711e+06	0	
828	0.0291971	1.26532e-05	0.0291844	0	3.87888e+06	1681	3.8772e+06	0	
829	0.0199563	5.08838e-06	0.0199512	0	2.65123e+06	676	2.65055e+06	0	
830	0.0284569	1.03047e-05	0.0284465	0	3.78054e+06	1369	3.77917e+06	0	
831	0.019373	4.70449e-06	0.0193683	0	2.57373e+06	625	2.57311e+06	0	
832	0.0133972	2.71731e-06	0.0133945	0	1.77984e+06	361	1.77948e+06	0	
833	0.0115015	1.69361e-06	0.0114998	0	1.52799e+06	225	1.52776e+06	0	
834	0.0155584	3.01087e-06	0.0155553	0	2.06695e+06	400	2.06655e+06	0	
835	0.0214803	6.33037e-06	0.021474	0	2.8537e+06	841	2.85286e+06	0	
836	0.0146028	2.71731e-06	0.0146001	0	1.94001e+06	361	1.93964e+06	0	
837	0.0113129	1.92696e-06	0.011311	0	1.50294e+06	256	1.50268e+06	0	
838	0.0841695	9.95471e-05	0.08407	0	1.1182e+07	13225	1.11688e+07	0	
839	0.0364185	1.66275e-05	0.0364019	0	4.83826e+06	2209	4.83605e+06	0	
840	0.0369079	1.95782e-05	0.0368884	0	4.90328e+06	2601	4.90068e+06	0	
841	0.0311982	1.26532e-05	0.0311856	0	4.14474e+06	1681	4.14306e+06	0	
842	0.0284069	1.26532e-05	0.0283942	0	3.7739e+06	1681	3.77222e+06	0	
843	0.0132365	2.71731e-06	0.0132338	0	1.75849e+06	361	1.75813e+06	0	
844	0.0111014	1.69361e-06	0.0110997	0	1.47485e+06	225	1.47462e+06	0	
845	0.0240627	7.23363e-06	0.0240554	0	3.19677e+06	961	3.1958e+06	0	
846	0.0153717	3.01087e-06	0.0153687	0	2.04216e+06	400	2.04176e+06	0	
847	0.010355	2.43881e-06	0.0103526	0	1.37568e+06	324	1.37536e+06	0	
848	0.0121189	1.92696e-06	0.012117	0	1.61002e+06	256	1.60976e+06	0	
849	0.0313193	1.26532e-05	0.0313067	0	4.16082e+06	1681	4.15914e+06	0	
850	0.0124552	1.92696e-06	0.0124533	0	1.6547e+06	256	1.65444e+06	0	
851	0.013434	2.17535e-06	0.0134318	0	1.78473e+06	289	1.78444e+06	0	
852	0.0259973	8.19711e-06	0.0259891	0	3.45379e+06	1089	3.4527e+06	0	
853	0.0124868	2.17535e-06	0.0124846	0	1.65889e+06	289	1.6586e+06	0	
854	0.0135084	2.17535e-06	0.0135062	0	1.79461e+06	289	1.79432e+06	0	
855	0.0120496	1.92696e-06	0.0120477	0	1.60082e+06	256	1.60056e+06	0	
856	0.0726896	6.37101e-05	0.0726259	0	9.65693e+06	8464	9.64847e+06	0	
857	0.0122823	1.92696e-06	0.0122803	0	1.63172e+06	256	1.63147e+06	0	
858	0.0240341	7.70784e-06	0.0240263	0	3.19296e+06	1024	3.19194e+06	0	
859	0.0147909	3.01087e-06	0.0147879	0	1.965e+06	400	1.9646e+06	0	
860	0.0111246	1.69361e-06	0.011123	0	1.47793e+06	225	1.4777e+06	0	
861	0.0262812	8.19711e-06	0.026273	0	3.49151e+06	1089	3.49042e+06	0	
862	0.0119941	1.69361e-06	0.0119924	0	1.59344e+06	225	1.59321e+06	0	
863	0.0218898	5.90132e-06	0.0218839	0	2.9081e+06	784	2.90732e+06	0	
864	0.0511831	5.82905e-05	0.0511248	0	6.79976e+06	7744	6.79202e+06	0	
865	0.0216187	5.48732e-06	0.0216132	0	2.87208e+06	729	2.87135e+06	0	
866	0.0135562	2.17535e-06	0.0135541	0	1.80097e+06	289	1.80068e+06	0	
867	0.00964224	2.17535e-06	0.00964007	0	1.28098e+06	289	1.28069e+06	0	
868	0.0160967	3.01087e-06	0.0160937	0	2.13847e+06	400	2.13807e+06	0	
869	0.0527933	3.18023e-05	0.0527615	0	7.01368e+06	4225	7.00945e+06	0	
870	0.0236198	6.33037e-06	0.0236134	0	3.13793e+06	841	3.13708e+06	0	
871	0.0178483	3.98188e-06	0.0178443	0	2.37117e+06	529	2.37064e+06	0	
872	0.0138118	2.43881e-06	0.0138094	0	1.83492e+06	324	1.8346e+06	0	
873	0.0348272	1.52425e-05	0.034812	0	4.62685e+06	2025	4.62483e+06	0	
874	0.0136527	2.17535e-06	0.0136505	0	1.81378e+06	289	1.8135e+06	0	
875	0.0125754	1.92696e-06	0.0125735	0	1.67066e+06	256	1.67041e+06	0	
876	0.0407315	2.03535e-05	0.0407111	0	5.41124e+06	2704	5.40854e+06	0	
877	0.0130637	1.92696e-06	0.0130618	0	1.73554e+06	256	1.73529e+06	0	
878	0.0146407	2.71731e-06	0.014638	0	1.94504e+06	361	1.94468e+06	0	
879	0.00967403	2.17535e-06	0.00967186	0	1.28521e+06	289	1.28492e+06	0	
880	0.0119118	1.69361e-06	0.0119102	0	1.58251e+06	225	1.58228e+06	0	
881	0.0238049	6.33037e-06	0.0237986	0	3.16252e+06	841	3.16168e+06	0	
882	0.0109094	1.69361e-06	0.0109077	0	1.44933e+06	225	1.44911e+06	0	
883	0.0124114	7.70784e-06	0.0124037	0	1.64887e+06	1024	1.64785e+06	0	
884	0.00367738	3.31949e-06	0.00367406	0	488546	441	488105	0	
885	0.0182906	4.33566e-06	0.0182862	0	2.42993e+06	576	2.42936e+06	0	
886	0.0482717	3.08313e-05	0.0482409	0	6.41298e+06	4096	6.40888e+06	0	
887	0.190448	0.000493302	0.189955	0	2.53014e+07	65536	2.52359e+07	0	
888	0.0601357	4.69772e-05	0.0600888	0	7.98913e+06	6241	7.98289e+06	0	
889	0.0165021	3.64316e-06	0.0164985	0	2.19233e+06	484	2.19185e+06	0	
890	0.0121726	1.92696e-06	0.0121707	0	1.61715e+06	256	1.61689e+06	0	
891	0.014084	2.17535e-06	0.0140819	0	1.87109e+06	289	1.8708e+06	0	
892	0.0163095	3.64316e-06	0.0163059	0	2.16675e+06	484	2.16627e+06	0	
893	0.0185704	4.70449e-06	0.0185657	0	2.46711e+06	625	2.46649e+06	0	
894	0.0372541	1.88179e-05	0.0372353	0	4.94927e+06	2500	4.94677e+06	0	
895	0.0326481	1.39177e-05	0.0326341	0	4.33735e+06	1849	4.3355e+06	0	
896	0.110651	0.000160449	0.11049	0	1.47001e+07	21316	1.46788e+07	0	
897	0.0205589	5.48732e-06	0.0205534	0	2.73128e+06	729	2.73055e+06	0	
898	0.0137227	2.43881e-06	0.0137202	0	1.82308e+06	324	1.82275e+06	0	
899	0.0957789	0.000115738	0.0956631	0	1.27243e+07	15376	1.2709e+07	0	
900	0.0204402	5.48732e-06	0.0204348	0	2.71552e+06	729	2.71479e+06	0	
901	0.00288126	1.69361e-06	0.00287957	0	382780	225	382555	0	
902	0.279217	0.00114484	0.278072	0	3.70945e+07	152094	3.69424e+07	0	
903	0.188351	0.000455515	0.187895	0	2.50227e+07	60516	2.49622e+07	0	
904	0.0124591	1.92696e-06	0.0124571	0	1.65521e+06	256	1.65495e+06	0	
905	0.0336037	2.44558e-05	0.0335792	0	4.46431e+06	3249	4.46106e+06	0	
906	0.0126056	2.17535e-06	0.0126035	0	1.67468e+06	289	1.67439e+06	0	
907	0.0316615	1.32779e-05	0.0316483	0	4.20629e+06	1764	4.20452e+06	0	
908	0.0462006	2.62021e-05	0.0461744	0	6.13782e+06	3481	6.13434e+06	0	
909	0.024322	7.70784e-06	0.0243143	0	3.23121e+06	1024	3.23019e+06	0	
910	0.0157193	3.64316e-06	0.0157157	0	2.08834e+06	484	2.08786e+06	0	
911	0.117127	0.000171627	0.116956	0	1.55605e+07	22801	1.55377e+07	0	
912	0.131115	0.000310188	0.130804	0	1.74188e+07	41209	1.73776e+07	0	
913	0.0132458	2.43881e-06	0.0132434	0	1.75973e+06	324	1.7594e+06	0	
914	0.0120902	1.92696e-06	0.0120882	0	1.6062e+06	256	1.60594e+06	0	
915	0.0626557	4.46287e-05	0.062611	0	8.32391e+06	5929	8.31798e+06	0	
916	0.0155404	3.01087e-06	0.0155374	0	2.06457e+06	400	2.06417e+06	0	
917	0.012515	1.92696e-06	0.012513	0	1.66264e+06	256	1.66238e+06	0	
918	0.0106933	1.92696e-06	0.0106914	0	1.42063e+06	256	1.42037e+06	0	
919	0.044849	2.36052e-05	0.0448254	0	5.95826e+06	3136	5.95512e+06	0	
920	0.0362324	1.95782e-05	0.0362128	0	4.81353e+06	2601	4.81093e+06	0	
921	0.0117407	1.69361e-06	0.011739	0	1.55978e+06	225	1.55955e+06	0	
922	0.0126508	1.92696e-06	0.0126489	0	1.68068e+06	256	1.68042e+06	0	
923	0.0127505	2.43881e-06	0.0127481	0	1.69393e+06	324	1.69361e+06	0	
924	0.0152375	3.01087e-06	0.0152345	0	2.02433e+06	400	2.02393e+06	0	
925	0.0141232	2.43881e-06	0.0141207	0	1.87629e+06	324	1.87596e+06	0	
926	0.0254422	9.75524e-06	0.0254324	0	3.38004e+06	1296	3.37874e+06	0	
927	0.0117442	1.92696e-06	0.0117423	0	1.56024e+06	256	1.55998e+06	0	
928	0.0989946	0.000113878	0.0988807	0	1.31515e+07	15129	1.31364e+07	0	
929	0.0253175	1.03047e-05	0.0253072	0	3.36347e+06	1369	3.3621e+06	0	
930	0.0933695	0.000133148	0.0932364	0	1.24043e+07	17689	1.23866e+07	0	
931	0.0231814	8.19711e-06	0.0231732	0	3.07969e+06	1089	3.0786e+06	0	
932	0.0203457	5.48732e-06	0.0203402	0	2.70296e+06	729	2.70224e+06	0	
933	0.01575	3.01087e-06	0.015747	0	2.09241e+06	400	2.09201e+06	0	
934	0.00847673	3.31949e-06	0.00847341	0	1.12614e+06	441	1.1257e+06	0	
935	0.41852	0.00212237	0.416398	0	5.56011e+07	281961	5.53192e+07	0	
936	0.0103915	1.69361e-06	0.0103898	0	1.38053e+06	225	1.3803e+06	0	
937	0.0213575	5.90132e-06	0.0213516	0	2.83738e+06	784	2.83659e+06	0	
938	0.0116223	2.17535e-06	0.0116201	0	1.54404e+06	289	1.54375e+06	0	
939	0.019109	9.22081e-06	0.0190997	0	2.53866e+06	1225	2.53743e+06	0	
940	0.0302672	1.20435e-05	0.0302552	0	4.02105e+06	1600	4.01945e+06	0	
941	0.014662	3.31949e-06	0.0146587	0	1.94787e+06	441	1.94743e+06	0	
942	0.0118892	7.70784e-06	0.0118815	0	1.5795e+06	1024	1.57848e+06	0	
943	0.0634507	5.18548e-05	0.0633988	0	8.42952e+06	6889	8.42264e+06	0	
944	0.0172545	3.98188e-06	0.0172505	0	2.29229e+06	529	2.29176e+06	0	
945	0.0112953	1.69361e-06	0.0112936	0	1.5006e+06	225	1.50037e+06	0	
946	0.041135	2.19493e-05	0.041113	0	5.46485e+06	2916	5.46193e+06	0	
947	0.121782	0.000187908	0.121594	0	1.6179e+07	24964	1.6154e+07	0	
948	0.0254601	8.70143e-06	0.0254514	0	3.38241e+06	1156	3.38125e+06	0	
949	0.0957047	0.000121406	0.0955833	0	1.27145e+07	16129	1.26984e+07	0	
950	0.00742255	2.43881e-06	0.00742011	0	986098	324	985774	0	
951	0.0161263	3.31949e-06	0.016123	0	2.14241e+06	441	2.14197e+06	0	
952	0.0122682	4.70449e-06	0.0122635	0	1.62985e+06	625	1.62922e+06	0	
953	0.00717885	2.17535e-06	0.00717667	0	953722	289	953433	0	
954	0.0255659	8.19711e-06	0.0255577	0	3.39648e+06	1089	3.39539e+06	0	
955	0.0467171	2.89345e-05	0.0466882	0	6.20645e+06	3844	6.2026e+06	0	
956	0.0461883	2.62021e-05	0.0461621	0	6.13619e+06	3481	6.13271e+06	0	
957	0.0170924	3.64316e-06	0.0170888	0	2.27076e+06	484	2.27027e+06	0	
958	0.0251362	8.70143e-06	0.0251275	0	3.33938e+06	1156	3.33823e+06	0	
959	0.0210977	5.48732e-06	0.0210922	0	2.80286e+06	729	2.80213e+06	0	
960	0.0412901	2.11438e-05	0.041269	0	5.48546e+06	2809	5.48266e+06	0	
961	0.396234	0.00198092	0.394253	0	5.26403e+07	263169	5.23771e+07	0	
962	0.0201978	5.08838e-06	0.0201927	0	2.68331e+06	676	2.68264e+06	0	
963	0.0730618	6.93706e-05	0.0729924	0	9.70637e+06	9216	9.69716e+06	0	
964	0.00841554	1.69361e-06	0.00841385	0	1.11801e+06	225	1.11779e+06	0	
965	0.00873337	1.92696e-06	0.00873144	0	1.16024e+06	256	1.15998e+06	0	
966	0.0165915	6.77447e-06	0.0165847	0	2.20421e+06	900	2.20331e+06	0	
967	0.00823248	1.69361e-06	0.00823079	0	1.09369e+06	225	1.09347e+06	0	
968	0.0337762	2.89345e-05	0.0337473	0	4.48723e+06	3844	4.48338e+06	0	
969	0.0298225	2.27697e-05	0.0297997	0	3.96197e+06	3025	3.95894e+06	0	
970	0.0170488	7.23363e-06	0.0170416	0	2.26497e+06	961	2.26401e+06	0	
971	0.0365061	3.37895e-05	0.0364723	0	4.8499e+06	4489	4.84541e+06	0	
972	0.0104173	2.71731e-06	0.0104146	0	1.38395e+06	361	1.38359e+06	0	
973	0.0240809	1.45726e-05	0.0240663	0	3.19919e+06	1936	3.19725e+06	0	
974	0.00780688	2.43881e-06	0.00780444	0	1.03715e+06	324	1.03683e+06	0	
975	0.0557543	6.23326e-05	0.0556919	0	7.40705e+06	8281	7.39877e+06	0	
976	0.0193501	1.39177e-05	0.0193362	0	2.57069e+06	1849	2.56884e+06	0	
977	0.00874727	3.64316e-06	0.00874362	0	1.16208e+06	484	1.1616e+06	0	
978	0.0116394	4.70449e-06	0.0116347	0	1.54632e+06	625	1.5457e+06	0	
979	0.0106492	3.98188e-06	0.0106452	0	1.41476e+06	529	1.41423e+06	0	
980	0.0151456	8.19711e-06	0.0151374	0	2.01212e+06	1089	2.01103e+06	0	
981	0.00594007	1.92696e-06	0.00593814	0	789148	256	788892	0	
982	0.0110267	4.33566e-06	0.0110224	0	1.46492e+06	576	1.46434e+06	0	
983	0.00799718	3.01087e-06	0.00799417	0	1.06243e+06	400	1.06203e+06	0	
984	0.0167307	9.75524e-06	0.0167209	0	2.2227e+06	1296	2.2214e+06	0	
985	0.0160706	1.52425e-05	0.0160554	0	2.13501e+06	2025	2.13299e+06	0	
986	0.0146022	1.14488e-05	0.0145908	0	1.93993e+06	1521	1.93841e+06	0	
